-0.302809,0.983063,-1.96133,2.5451,2.04159,0.00466307,-0.602601,0.199231,1.99843,-0.153388,-1.00179,-1.09028,-2.64602,-1.20997,0.543381,-0.4981,0.143719,-1.61378,-2.29723,-0.838683
-4.71689,0.412364,0.237451,0.817927,0.150682,1.35138,0.12907,-0.471467,0.290357,1.84712,0.422747,-0.397825,1.19102,1.51465,-1.9167,-0.746485,0.04555,-1.0719,0.108319,0.749342
1.27972,1.30976,0.689866,1.20002,0.532653,-1.52896,-1.79746,-0.595065,0.319051,-1.06997,-1.02344,-0.45521,-1.62588,-1.01641,0.422628,-1.67305,-1.7301,-0.540068,0.654613,0.372875
2.3064,-0.0294917,-0.954439,2.21156,1.12268,0.517915,0.45793,0.310612,0.737742,0.418571,1.71787,0.237615,-3.39179,-0.806047,1.38053,1.67282,1.8465,1.70615,-0.998577,1.21594
1.93677,2.21038,-0.732118,1.2692,-1.14083,1.30881,-4.1419,-0.290136,-1.2298,1.29613,-2.0442,-0.250669,-0.717762,-2.87876,2.0746,-2.11285,-0.195261,1.4586,-0.854951,0.240867
2.24556,0.916878,-2.16989,1.18991,-1.22648,-3.6743,-0.442356,-0.335295,-0.900232,-2.10268,-1.45121,-0.184437,-1.36537,1.99015,0.359999,-1.50642,-0.163442,0.695225,-2.51986,0.568121
-0.1726,0.0704805,-1.04219,3.43322,0.472692,0.605036,0.279352,0.102513,0.457745,1.44241,2.03563,-0.583385,-1.11077,-0.0818155,1.70138,0.749886,0.960515,0.031468,-0.991894,-1.24229
0.99493,-1.6127,0.0496262,0.151023,0.958846,-0.32244,0.300254,-0.718971,0.466658,-1.4905,-1.01992,-0.925567,-1.15474,0.377181,-1.19125,-0.760009,-1.32963,-2.01142,0.312726,1.6446
0.508235,0.979151,0.795535,1.06981,1.51022,2.59392,-0.688637,0.389629,1.37942,-1.98747,-0.693117,0.716468,1.89552,1.27512,0.475155,0.630365,-0.773612,1.78479,0.182098,0.967119
1.18654,0.189875,0.134881,0.159777,0.463238,-0.17493,3.2799,-5.12047,-0.0393816,-0.664669,-2.86175,-4.16731,-1.58972,-1.54401,1.37314,-1.42496,-1.13599,0.0710992,1.28656,2.749
1.22148,0.715795,-0.0616639,1.22339,0.719476,0.489456,-3.98489,-0.568065,0.185504,-0.571837,-3.64559,-0.0201506,-1.32821,-1.64302,0.369046,-1.73461,-1.83077,0.0942983,1.8784,0.434645
2.59458,0.407958,-5.50671,1.1028,-1.4532,0.0135217,0.753154,0.223872,-1.34555,-0.638696,-0.0302554,0.297188,-0.461969,0.354158,1.30746,1.51966,-0.137667,0.637366,0.408783,1.59986
-0.630106,-1.61938,1.58852,2.34839,1.05392,-0.709681,-0.0449088,0.619111,0.266591,-1.32185,0.369407,-0.298953,-1.0976,0.527222,-1.28064,-0.3276,1.19753,-1.8234,0.273083,-0.961287
-0.686798,-1.03883,2.6825,-0.149731,0.993011,0.00639756,2.54483,-0.329704,0.624806,2.97442,2.54519,-0.57463,1.2917,1.50758,-2.39021,-0.637621,-0.822314,-1.13042,1.52027,0.900831
0.598612,-1.84974,2.46847,2.4101,2.56328,-0.592955,-0.851315,2.77102,2.17199,-1.55169,-0.614041,2.6114,-2.90126,0.656332,-0.309529,-2.50864,-0.652224,-2.32585,-1.91161,1.54038