-0.195501,0.982712,-1.31745,2.13976,1.68206,0.087351,-0.345493,0.102998,1.66154,0.240252,-1.05785,-0.649005,-1.59242,-0.979336,0.369521,-0.206966,0.0209391,-1.2056,-1.57363,-0.728032
-3.62694,0.398095,0.113866,0.327156,0.0797114,1.01332,-0.0305555,-0.416036,0.121045,1.10965,0.157152,-0.402225,0.780002,1.29833,-1.29795,-0.581504,0.161566,-1.17802,0.0533648,0.536097
1.00554,1.47351,0.548441,0.922741,0.35097,-0.93562,-1.10255,-0.388966,0.284567,-0.906583,-0.747185,-0.220881,-1.29467,-0.689876,0.39091,-1.28125,-1.14168,-0.348338,0.500077,0.369437
1.7136,-0.125753,-1.18116,1.32273,0.979698,0.477508,0.297269,0.254442,0.799378,0.424637,1.30951,0.29369,-2.19161,-0.736976,0.827766,1.30318,1.13159,1.08954,-1.18734,0.953925
1.83275,1.67185,-0.550115,0.979176,-1.01696,1.0207,-4.2997,-0.282529,-0.989086,0.985765,-1.36461,-0.18942,-0.454564,-1.73632,1.71012,-1.53718,-0.0586032,0.851444,-0.551295,0.307374
1.83496,0.567423,-1.41917,0.993488,-0.902252,-4.26248,-0.530757,-0.271447,-0.761002,-1.29499,-1.14309,-0.188214,-0.806724,1.67808,0.30441,-1.26173,-0.0427128,0.382753,-1.73477,0.346828
-0.0557694,0.171775,-1.17938,2.54666,0.447135,0.347112,0.253801,-0.0529588,0.396709,0.936874,1.46157,-0.242436,-0.709275,0.163591,1.1661,0.299645,0.6466,0.160919,-1.18851,-1.0007
0.973125,-1.28461,0.0666051,0.0109585,0.608593,-0.282942,0.0523016,-0.667372,0.328496,-1.19269,-0.571605,-0.653843,-1.18201,0.344809,-0.991752,-0.713621,-0.929181,-1.38593,0.0569914,0.98802
0.532902,0.789236,0.569688,0.661762,1.05483,2.84987,-0.540508,0.333906,0.921345,-1.39618,-0.7103,0.495355,1.43641,0.977767,0.435683,0.619611,-1.18419,1.07028,0.327158,0.775303
0.984525,0.111764,0.187027,0.122256,0.33408,-0.114369,2.91969,-4.38582,0.100984,-0.279278,-1.58837,-4.30124,-1.22756,-1.07426,1.02074,-1.03714,-0.876771,0.0510791,0.760421,1.83948
0.987,0.381173,-0.0331314,0.992649,0.477424,0.192262,-4.28929,-0.302762,0.305218,-0.345716,-4.26495,-0.220359,-1.16465,-0.959489,-0.00780966,-1.24949,-1.17098,0.0970613,1.7035,0.283029
1.91638,0.326866,-3.69727,0.786447,-1.02082,-0.0862177,0.671759,0.288405,-0.995254,-0.684549,0.0309129,0.329153,-0.299301,0.317358,0.85472,1.16767,-0.0554498,0.344934,0.312752,1.07411
-0.384558,-1.24137,1.10065,2.06034,0.513882,-0.445072,-0.126813,0.349698,0.259879,-1.17374,0.112098,-0.158735,-0.852742,0.390657,-1.29717,-0.272392,0.811329,-1.27243,0.324369,-0.796723
-0.105095,-1.18823,1.77846,0.0651695,0.678058,0.0977733,2.84082,-0.520032,0.5248,2.02361,2.83775,-0.457746,1.15956,0.982338,-1.74419,-0.681614,-1.17586,-1.21596,1.14467,0.569964
0.286425,-1.24352,2.13761,1.64662,1.71832,-0.34612,-0.459367,2.85895,1.61921,-1.22042,-0.32203,2.85736,-1.75797,0.406739,-0.186822,-1.6776,-0.358997,-1.34524,-1.2058,1.12447