-0.195481,0.982712,-1.31741,2.13966,1.68201,0.0873013,-0.345506,0.103025,1.66152,0.240211,-1.05782,-0.64904,-1.59238,-0.979341,0.369525,-0.206925,0.0208991,-1.20565,-1.57361,-0.728019
-3.62694,0.398118,0.113854,0.327136,0.0797143,1.01332,-0.0305585,-0.416026,0.121049,1.10966,0.157134,-0.402206,0.780025,1.29829,-1.29795,-0.581432,0.166558,-1.17892,0.053354,0.536118
1.00555,1.47343,0.548443,0.92274,0.350961,-0.935597,-1.10254,-0.388986,0.284539,-0.906556,-0.747098,-0.220853,-1.29469,-0.689878,0.390892,-1.28124,-1.14163,-0.348337,0.500124,0.369421
1.71359,-0.125763,-1.18199,1.32273,0.979709,0.477511,0.297229,0.254406,0.799399,0.424659,1.30947,0.293657,-2.19157,-0.736893,0.827752,1.30317,1.1316,1.0895,-1.18815,0.953967
1.83266,1.6718,-0.550099,0.979185,-1.01696,1.02067,-4.3001,-0.282519,-0.989062,0.985761,-1.36458,-0.189441,-0.454545,-1.73633,1.71013,-1.53713,-0.0586483,0.851406,-0.551284,0.307352
1.83486,0.567438,-1.41915,0.993496,-0.902249,-4.26291,-0.530759,-0.27143,-0.760991,-1.295,-1.14305,-0.188219,-0.806692,1.67803,0.304363,-1.26168,-0.0427567,0.382719,-1.73477,0.346829
-0.0558195,0.17674,-1.18026,2.54656,0.447172,0.347141,0.253818,-0.0529815,0.39668,0.936845,1.46151,-0.242389,-0.709259,0.163596,1.16603,0.299532,0.646637,0.165953,-1.18933,-1.00074
0.973093,-1.28461,0.066553,0.0109267,0.608572,-0.282925,0.0523217,-0.667373,0.328437,-1.1927,-0.571626,-0.653786,-1.18203,0.344786,-0.991716,-0.713599,-0.92916,-1.38589,0.05697,0.98797
0.532892,0.789238,0.569704,0.661767,1.05482,2.85017,-0.540497,0.333887,0.921343,-1.39618,-0.710198,0.495323,1.43637,0.977758,0.435664,0.619588,-1.18502,1.07027,0.327157,0.775335
0.984554,0.111756,0.18703,0.122275,0.334056,-0.114373,2.91991,-4.38611,0.100965,-0.279276,-1.58837,-4.30163,-1.22753,-1.07424,1.02073,-1.03714,-0.87675,0.0510612,0.760416,1.83946
0.986999,0.381156,-0.0331364,0.992669,0.477408,0.19227,-4.28967,-0.302777,0.305181,-0.345714,-4.26537,-0.220351,-1.16463,-0.959468,-0.00782195,-1.24947,-1.17098,0.097058,1.70344,0.283001
1.91629,0.326872,-3.69728,0.786448,-1.02083,-0.0862126,0.671737,0.288372,-0.995247,-0.684461,0.0308955,0.329108,-0.299297,0.317368,0.854726,1.16765,-0.0554585,0.344924,0.312758,1.07411
-0.384526,-1.24139,1.10068,2.06027,0.513896,-0.445088,-0.126846,0.3497,0.259922,-1.1737,0.112134,-0.158769,-0.852646,0.39064,-1.29709,-0.272345,0.811315,-1.27244,0.324341,-0.796718
-0.105123,-1.18907,1.77843,0.06518,0.678043,0.0977315,2.84112,-0.520018,0.524803,2.02358,2.83811,-0.457748,1.15952,0.982331,-1.74416,-0.681478,-1.17676,-1.21663,1.14465,0.56998
0.286434,-1.24351,2.13751,1.64661,1.7183,-0.346111,-0.459364,2.85925,1.61919,-1.22039,-0.322039,2.85765,-1.75798,0.406719,-0.186815,-1.67762,-0.358971,-1.34522,-1.20579,1.12446