-0.195468,0.982723,-1.31738,2.1396,1.68198,0.087266,-0.345516,0.103036,1.66151,0.240185,-1.05781,-0.649059,-1.59235,-0.979346,0.369533,-0.206897,0.0208763,-1.2057,-1.57361,-0.728011
-3.62695,0.398138,0.113844,0.327122,0.0797148,1.01332,-0.0305619,-0.41602,0.12105,1.10966,0.15712,-0.402195,0.780038,1.29827,-1.29795,-0.581379,0.170853,-1.17945,0.0533468,0.53614
1.00558,1.4734,0.54845,0.922749,0.35095,-0.935586,-1.10253,-0.388993,0.284519,-0.906544,-0.747035,-0.22084,-1.2947,-0.689883,0.390873,-1.28124,-1.14159,-0.34834,0.500153,0.369418
1.71359,-0.125768,-1.18248,1.32273,0.979719,0.47752,0.297202,0.254383,0.799414,0.42468,1.30944,0.293634,-2.19154,-0.736832,0.827744,1.30316,1.13161,1.08948,-1.18863,0.953996
1.83261,1.67177,-0.550086,0.979203,-1.01696,1.02065,-4.30031,-0.282516,-0.98905,0.985763,-1.36457,-0.189452,-0.454534,-1.73634,1.71015,-1.5371,-0.0586767,0.851376,-0.551275,0.307331
1.8348,0.567449,-1.41913,0.993512,-0.90225,-4.26314,-0.53076,-0.27142,-0.760986,-1.295,-1.14305,-0.188222,-0.806674,1.678,0.304328,-1.26166,-0.0427798,0.382696,-1.73477,0.346827
-0.0558576,0.181016,-1.18078,2.5465,0.447199,0.347158,0.25383,-0.0529913,0.396669,0.93682,1.46149,-0.242366,-0.709247,0.163594,1.16597,0.29945,0.646656,0.170285,-1.18981,-1.00077
0.973083,-1.28462,0.0665151,0.0109146,0.608554,-0.28291,0.0523316,-0.667375,0.328396,-1.19271,-0.571635,-0.653754,-1.18206,0.344773,-0.991695,-0.713578,-0.929154,-1.38585,0.0569537,0.987941
0.532891,0.78924,0.56972,0.661773,1.05481,2.85034,-0.540491,0.333874,0.921343,-1.39619,-0.710126,0.495301,1.43635,0.977753,0.435658,0.619578,-1.18551,1.07025,0.32716,0.77536
0.984589,0.111747,0.187031,0.122287,0.334038,-0.114377,2.92004,-4.38626,0.10095,-0.279278,-1.58838,-4.30183,-1.22751,-1.07423,1.02074,-1.03713,-0.876738,0.0510472,0.760413,1.83945
0.987013,0.381146,-0.0331398,0.992696,0.477394,0.192276,-4.28987,-0.302785,0.305155,-0.345716,-4.26559,-0.220347,-1.16463,-0.959458,-0.00783284,-1.24947,-1.17097,0.0970593,1.70341,0.282979
1.91623,0.326877,-3.69729,0.786455,-1.02083,-0.0862102,0.671721,0.288347,-0.995244,-0.684393,0.030884,0.329078,-0.299296,0.317384,0.854729,1.16764,-0.0554661,0.344918,0.312759,1.07411
-0.384501,-1.24142,1.10072,2.06024,0.513915,-0.4451,-0.126866,0.349698,0.259954,-1.17369,0.112153,-0.158789,-0.852571,0.390624,-1.29704,-0.272314,0.811311,-1.27246,0.324321,-0.796723
-0.105137,-1.18957,1.77841,0.0651865,0.678036,0.097704,2.84128,-0.520011,0.524805,2.02357,2.8383,-0.457748,1.15949,0.982332,-1.74414,-0.681381,-1.17729,-1.21702,1.14464,0.569999
0.286438,-1.2435,2.13746,1.64661,1.71829,-0.346105,-0.459365,2.85942,1.61917,-1.22038,-0.322044,2.85782,-1.75798,0.406706,-0.186811,-1.67764,-0.358956,-1.34521,-1.20578,1.12445