-0.210036,1.0589,-1.50649,2.27093,1.85443,0.109887,-0.385097,0.100965,1.82676,0.22848,-1.10641,-0.714141,-1.76908,-1.0533,0.396601,-0.256295,0.0416883,-1.31208,-1.703,-0.827563
-4.05874,0.431933,0.127969,0.375899,0.0690449,1.10706,-0.0289734,-0.450618,0.130338,1.19943,0.13858,-0.406606,0.866829,1.39098,-1.41419,-0.630444,0.0793421,-1.05118,0.0693309,0.585305
1.09638,1.54535,0.602941,1.00839,0.366552,-1.10569,-1.18743,-0.406994,0.306901,-0.995752,-0.796737,-0.277673,-1.32791,-0.763386,0.434707,-1.38493,-1.29323,-0.374331,0.536536,0.433058
1.90929,-0.126877,-1.04908,1.40963,1.03688,0.540512,0.323825,0.261819,0.826123,0.449783,1.44127,0.305212,-2.40143,-0.805499,0.945693,1.43075,1.21905,1.16194,-1.05824,1.02618
1.96622,1.87744,-0.558074,1.05069,-1.10634,1.123,-4.17528,-0.269886,-1.10049,1.08768,-1.55082,-0.226178,-0.502173,-1.95971,1.83257,-1.65137,-0.0600105,0.957776,-0.581693,0.330324
1.98524,0.578811,-1.58167,1.07358,-1.04624,-4.0788,-0.547552,-0.311399,-0.867681,-1.41805,-1.25456,-0.20906,-0.911802,1.85152,0.318377,-1.38402,-0.0563229,0.420542,-1.88988,0.347193
-0.0342469,0.101969,-1.04044,2.72576,0.467873,0.382621,0.274886,-0.0579819,0.444254,1.04944,1.57384,-0.307623,-0.73772,0.133233,1.25998,0.332932,0.70544,0.0501433,-1.11229,-1.07372
1.05838,-1.45974,0.104095,0.0655252,0.626693,-0.283966,0.0427479,-0.6938,0.345484,-1.26565,-0.636481,-0.764388,-1.21246,0.354563,-1.11706,-0.714138,-1.03744,-1.52381,0.0800395,1.12539
0.562011,0.87522,0.62442,0.762665,1.16568,2.74058,-0.569064,0.362953,1.04234,-1.55835,-0.749403,0.514963,1.59399,1.03386,0.48427,0.698262,-1.04592,1.17089,0.369835,0.853252
1.05519,0.143155,0.2244,0.133141,0.374064,-0.134466,2.89748,-4.36253,0.117542,-0.341759,-1.78706,-4.16403,-1.32364,-1.19319,1.12105,-1.16487,-1.00648,0.0477131,0.850565,1.96786
1.07613,0.410936,-0.0307005,1.07185,0.518877,0.225125,-4.18451,-0.351566,0.310665,-0.403429,-4.12494,-0.196845,-1.28156,-1.0622,-0.0632201,-1.3677,-1.3283,0.110823,1.84972,0.261665
2.09628,0.381058,-4.02896,0.867552,-1.10296,-0.116579,0.678665,0.305217,-1.07527,-0.720486,0.0613354,0.336576,-0.315225,0.356359,0.954274,1.28648,-0.051822,0.397253,0.320316,1.16176
-0.403809,-1.39379,1.16042,2.19578,0.626211,-0.500156,-0.125863,0.386592,0.266926,-1.2693,0.0852217,-0.176845,-0.89623,0.419023,-1.37087,-0.345143,0.885942,-1.42289,0.376599,-0.891434
-0.0847567,-1.06288,1.95071,0.0386556,0.785362,0.091046,2.75225,-0.514967,0.593009,2.18434,2.70369,-0.516014,1.25526,1.11301,-1.95068,-0.741637,-1.03483,-1.10442,1.20623,0.626801
0.320932,-1.40746,2.28069,1.79661,1.86309,-0.377119,-0.488488,2.76332,1.75521,-1.31986,-0.340747,2.78833,-1.91192,0.45263,-0.233007,-1.88869,-0.403986,-1.54543,-1.32417,1.1983