-0.198692,1.01758,-1.37242,2.19142,1.74647,0.0974161,-0.356635,0.0973549,1.72057,0.244826,-1.08546,-0.656244,-1.63186,-1.00088,0.376492,-0.221695,0.028081,-1.23175,-1.60541,-0.759649
-3.75929,0.413959,0.118988,0.337873,0.0756093,1.03773,-0.0335477,-0.430151,0.119457,1.12557,0.148231,-0.412029,0.795135,1.33223,-1.3271,-0.59759,0.0954523,-1.09958,0.0590053,0.552157
1.03773,1.51306,0.566491,0.95351,0.35487,-0.991498,-1.12513,-0.39019,0.293996,-0.941749,-0.760477,-0.241299,-1.303,-0.708147,0.408332,-1.31302,-1.18502,-0.358283,0.503073,0.393066
1.77041,-0.124081,-1.10475,1.34286,0.997421,0.500272,0.306882,0.259104,0.80922,0.43506,1.35106,0.299856,-2.23909,-0.760562,0.857805,1.34328,1.14846,1.10346,-1.11693,0.971947
1.89214,1.74017,-0.549866,1.00487,-1.04849,1.05677,-4.22819,-0.279897,-1.02761,1.01607,-1.41596,-0.198835,-0.467545,-1.78012,1.74917,-1.57188,-0.0511777,0.871338,-0.551651,0.316631
1.89593,0.565024,-1.46184,1.02026,-0.945068,-4.18028,-0.53742,-0.284707,-0.795274,-1.31926,-1.18644,-0.196394,-0.83583,1.74325,0.310732,-1.30693,-0.0343702,0.392535,-1.77543,0.34783
-0.0428051,0.109661,-1.09711,2.60858,0.453754,0.353159,0.256455,-0.0581093,0.417958,0.965255,1.50297,-0.25926,-0.713056,0.154974,1.18735,0.304806,0.653405,0.0847041,-1.13072,-1.02321
1.00866,-1.33209,0.0827853,0.0322906,0.603285,-0.283497,0.0405633,-0.677401,0.334327,-1.21838,-0.580319,-0.690602,-1.19698,0.346958,-1.03031,-0.713604,-0.968108,-1.428,0.0565251,1.0272
0.547944,0.808012,0.584942,0.688383,1.08033,2.79461,-0.553128,0.344089,0.950493,-1.43648,-0.734394,0.499712,1.4858,0.994475,0.458075,0.65556,-1.10671,1.08554,0.343269,0.79546
1.01402,0.11724,0.194426,0.122843,0.347836,-0.120138,2.89256,-4.34472,0.110587,-0.293675,-1.63008,-4.23141,-1.26313,-1.11158,1.05008,-1.07094,-0.915161,0.0528323,0.781215,1.87282
1.02307,0.387129,-0.0321763,1.01893,0.48539,0.194384,-4.23028,-0.314172,0.313816,-0.360838,-4.1951,-0.21731,-1.20871,-0.990328,-0.0297826,-1.29116,-1.21453,0.105911,1.76103,0.280056
1.97682,0.339939,-3.78268,0.811079,-1.04524,-0.0991816,0.674894,0.29632,-1.01931,-0.701931,0.0424801,0.337665,-0.304612,0.333957,0.878461,1.20707,-0.0552556,0.358373,0.314588,1.09296
-0.387596,-1.28134,1.11712,2.11347,0.545209,-0.456035,-0.123721,0.353215,0.265271,-1.21079,0.0975159,-0.161182,-0.870035,0.395953,-1.32797,-0.296423,0.833785,-1.31069,0.344349,-0.830351
-0.0856659,-1.1094,1.81908,0.0593545,0.704202,0.105037,2.79541,-0.527474,0.543048,2.063,2.77334,-0.473726,1.19992,1.01738,-1.80283,-0.711226,-1.09275,-1.15316,1.15951,0.587498
0.291667,-1.28932,2.19336,1.68386,1.75975,-0.353961,-0.464802,2.80737,1.66195,-1.25512,-0.324128,2.81769,-1.78495,0.420016,-0.202615,-1.72802,-0.368682,-1.39264,-1.23728,1.1412