-0.196714,0.996231,-1.33386,2.16101,1.70534,0.0915404,-0.348392,0.0993582,1.68139,0.243634,-1.07018,-0.648387,-1.60236,-0.985932,0.372,-0.212286,0.0249167,-1.21169,-1.58167,-0.737758
-3.66594,0.403777,0.115946,0.330843,0.0784655,1.01964,-0.0319212,-0.421343,0.119956,1.11242,0.154685,-0.407685,0.781876,1.31078,-1.30604,-0.587453,0.108981,-1.13159,0.0555115,0.541697
1.01795,1.49153,0.554297,0.933784,0.352309,-0.954094,-1.10983,-0.38787,0.288328,-0.919235,-0.752669,-0.228401,-1.29675,-0.694966,0.397091,-1.29179,-1.1546,-0.351308,0.498109,0.378
1.73025,-0.124011,-1.13656,1.32878,0.984869,0.485509,0.301029,0.257616,0.801999,0.428583,1.32364,0.29631,-2.2034,-0.745614,0.835724,1.31651,1.13542,1.09288,-1.14623,0.957791
1.85691,1.69363,-0.549738,0.988653,-1.02726,1.03323,-4.26166,-0.282262,-1.00219,0.994895,-1.37976,-0.19091,-0.458874,-1.74488,1.72353,-1.5497,-0.0536964,0.855246,-0.550257,0.310103
1.85982,0.565802,-1.43079,1.00295,-0.914947,-4.22133,-0.53257,-0.275726,-0.771809,-1.29966,-1.15978,-0.190854,-0.815296,1.70154,0.307394,-1.27809,-0.0368104,0.385942,-1.74561,0.347454
-0.0504339,0.120697,-1.13212,2.57068,0.448784,0.347352,0.253859,-0.0541302,0.405858,0.943971,1.47762,-0.248573,-0.710603,0.15985,1.17126,0.302424,0.644999,0.10588,-1.15021,-1.00686
0.987142,-1.29659,0.0731142,0.019434,0.605415,-0.283518,0.0471428,-0.671047,0.331511,-1.2019,-0.572257,-0.666928,-1.18855,0.345643,-1.00422,-0.713425,-0.942506,-1.39894,0.0557393,1.00073
0.539169,0.792688,0.574035,0.669348,1.06112,2.8218,-0.545693,0.337407,0.928342,-1.40599,-0.721427,0.497405,1.45286,0.983599,0.444796,0.633387,-1.13902,1.07246,0.332304,0.779869
0.995916,0.112619,0.18769,0.121559,0.338908,-0.116061,2.90287,-4.36109,0.104541,-0.2832,-1.59788,-4.26555,-1.24105,-1.08636,1.02967,-1.04545,-0.887794,0.0524019,0.765567,1.85029
1.00066,0.382777,-0.0331566,1.002,0.47935,0.191772,-4.25675,-0.305587,0.309279,-0.350187,-4.22655,-0.220223,-1.18048,-0.970345,-0.0140087,-1.26546,-1.18337,0.100985,1.72482,0.283682
1.93867,0.329852,-3.72143,0.794586,-1.0283,-0.0910996,0.673579,0.29169,-1.00278,-0.692265,0.0346541,0.333999,-0.301741,0.323554,0.860338,1.1807,-0.0554896,0.348933,0.313233,1.07822
-0.385134,-1.25108,1.10665,2.08081,0.523808,-0.447191,-0.124316,0.349198,0.261894,-1.18733,0.105918,-0.158222,-0.86027,0.392373,-1.30964,-0.280154,0.818747,-1.28251,0.331098,-0.808271
-0.0971152,-1.14195,1.78941,0.0636105,0.684656,0.102323,2.81643,-0.524556,0.529205,2.03541,2.80543,-0.462223,1.17479,0.992282,-1.76063,-0.694471,-1.1268,-1.18085,1.14947,0.576211
0.287067,-1.25681,2.16013,1.65683,1.73213,-0.348532,-0.461158,2.8322,1.63353,-1.23338,-0.322197,2.83439,-1.76342,0.410932,-0.191589,-1.68949,-0.361815,-1.35747,-1.21538,1.12909