-0.196059,0.98773,-1.32255,2.14863,1.69053,0.0892124,-0.346128,0.101084,1.66814,0.242091,-1.06299,-0.64789,-1.59522,-0.981389,0.370501,-0.209065,0.0230883,-1.20673,-1.5757,-0.73111
-3.63828,0.399929,0.114697,0.328617,0.0792785,1.015,-0.0310722,-0.417963,0.120548,1.10995,0.156604,-0.404658,0.779787,1.30296,-1.30034,-0.584022,0.121265,-1.15105,0.0542044,0.538063
1.01034,1.48146,0.550363,0.926705,0.351385,-0.94173,-1.105,-0.387967,0.286074,-0.911022,-0.749849,-0.223781,-1.29503,-0.69145,0.392925,-1.28497,-1.14573,-0.34913,0.498383,0.37261
1.71861,-0.124715,-1.15539,1.32458,0.981166,0.480337,0.298883,0.256205,0.799909,0.426082,1.31448,0.294866,-2.19482,-0.740484,0.829958,1.30773,1.13265,1.09059,-1.16326,0.95437
1.84249,1.67875,-0.550016,0.982623,-1.02023,1.02514,-4.27996,-0.282706,-0.993603,0.988593,-1.36941,-0.18926,-0.456137,-1.73781,1.71482,-1.54199,-0.0560876,0.852238,-0.550887,0.308149
1.84514,0.56665,-1.42243,0.996905,-0.906053,-4.24142,-0.531179,-0.2729,-0.764461,-1.29569,-1.14947,-0.188927,-0.809502,1.6865,0.305878,-1.26781,-0.0397888,0.384026,-1.73763,0.346992
-0.0537023,0.132119,-1.15237,2.55635,0.447317,0.346486,0.253625,-0.0528253,0.400579,0.93862,1.46792,-0.245186,-0.709972,0.161876,1.16758,0.30157,0.64474,0.120056,-1.16501,-1.00203
0.978665,-1.28747,0.0692476,0.0144405,0.607452,-0.2833,0.0502837,-0.668657,0.330211,-1.1959,-0.571173,-0.658881,-1.18461,0.345281,-0.996134,-0.713571,-0.933727,-1.38993,0.0565407,0.992534
0.535397,0.789736,0.570906,0.663987,1.05655,2.83558,-0.542486,0.335181,0.923039,-1.39848,-0.715236,0.496466,1.44219,0.979849,0.439228,0.624624,-1.15816,1.07053,0.328821,0.776105
0.988665,0.111889,0.186831,0.121679,0.335829,-0.114869,2.91023,-4.37242,0.102236,-0.2805,-1.59059,-4.28274,-1.23272,-1.07823,1.02356,-1.03905,-0.880005,0.0517891,0.761797,1.84321
0.992021,0.381717,-0.0332582,0.996008,0.477997,0.191859,-4.27179,-0.30333,0.306943,-0.347182,-4.24446,-0.220531,-1.17034,-0.963433,-0.00940015,-1.25562,-1.17454,0.0986481,1.71143,0.283757
1.92506,0.327521,-3.70419,0.789173,-1.02305,-0.0879708,0.672655,0.289799,-0.997657,-0.687974,0.0321761,0.331554,-0.30031,0.319608,0.855977,1.17203,-0.0553539,0.346198,0.312795,1.075
-0.384718,-1.24346,1.10292,2.06825,0.517142,-0.445361,-0.125377,0.349124,0.260305,-1.17876,0.109498,-0.157929,-0.856108,0.391383,-1.30232,-0.275119,0.81391,-1.27517,0.326692,-0.800692
-0.102013,-1.1618,1.78174,0.0646856,0.679912,0.0999608,2.82784,-0.52208,0.525785,2.02755,2.82133,-0.458995,1.16524,0.985263,-1.74889,-0.687281,-1.14762,-1.19602,1.14646,0.572186
0.286291,-1.24753,2.14683,1.64949,1.7231,-0.346927,-0.460067,2.84509,1.62414,-1.22541,-0.321845,2.84469,-1.75917,0.408195,-0.1882,-1.68025,-0.360103,-1.34856,-1.20888,1.12594