-0.195788,0.984505,-1.31915,2.14348,1.68519,0.0882269,-0.345574,0.102065,1.66372,0.241175,-1.05992,-0.648286,-1.59334,-0.979951,0.369903,-0.207852,0.0220151,-1.20559,-1.57419,-0.729031
-3.63018,0.398615,0.114199,0.327759,0.0795389,1.01378,-0.0307298,-0.416725,0.120831,1.10957,0.157091,-0.403222,0.779659,1.30006,-1.2987,-0.582685,0.131955,-1.16276,0.053702,0.536743
1.00734,1.47695,0.549072,0.924138,0.35108,-0.937649,-1.10339,-0.38836,0.285192,-0.908149,-0.748537,-0.222045,-1.29462,-0.690396,0.391526,-1.2826,-1.14305,-0.348547,0.499107,0.370636
1.71514,-0.125244,-1.16664,1.32328,0.980085,0.47849,0.298025,0.255326,0.799396,0.425107,1.31129,0.294257,-2.19261,-0.738529,0.828418,1.30474,1.13197,1.08999,-1.17361,0.953711
1.83668,1.67408,-0.550142,0.980385,-1.01797,1.02233,-4.28967,-0.282714,-0.990671,0.986664,-1.36624,-0.189101,-0.455179,-1.73646,1.71173,-1.53909,-0.0574134,0.851708,-0.551204,0.307621
1.83913,0.567069,-1.42013,0.994699,-0.903381,-4.2518,-0.530833,-0.271985,-0.762124,-1.29499,-1.14552,-0.188359,-0.807735,1.68113,0.305148,-1.26405,-0.0413638,0.383348,-1.73552,0.346835
-0.0549255,0.142484,-1.16423,2.55065,0.446982,0.346609,0.253655,-0.052635,0.39832,0.937334,1.46413,-0.243746,-0.709636,0.162853,1.1667,0.300877,0.645492,0.131109,-1.17485,-1.00079
0.975302,-1.28522,0.0677168,0.0124191,0.608284,-0.283133,0.0515072,-0.66779,0.329451,-1.19374,-0.571197,-0.655894,-1.18295,0.345103,-0.99339,-0.713664,-0.930771,-1.38718,0.0569302,0.989749
0.533872,0.789261,0.570003,0.6624,1.05537,2.84264,-0.541232,0.334405,0.921765,-1.39668,-0.712515,0.495941,1.43852,0.978505,0.437036,0.6214,-1.16957,1.07032,0.327716,0.775302
0.985926,0.111785,0.186867,0.121914,0.334745,-0.114513,2.91464,-4.37884,0.101444,-0.279691,-1.58888,-4.29176,-1.22954,-1.07558,1.02166,-1.03753,-0.877771,0.0514249,0.760828,1.84078
0.988805,0.381417,-0.0331898,0.993809,0.477632,0.192053,-4.28014,-0.302776,0.305963,-0.346226,-4.2544,-0.220489,-1.16669,-0.960929,-0.00816689,-1.25181,-1.17201,0.0976716,1.70649,0.283461
1.91987,0.326985,-3.69921,0.78735,-1.02144,-0.0868218,0.672177,0.28902,-0.996026,-0.686109,0.0313832,0.330291,-0.299688,0.318147,0.85496,1.16915,-0.0553524,0.345358,0.312692,1.07432
-0.384673,-1.24167,1.10144,2.06341,0.514932,-0.44502,-0.12607,0.349388,0.259807,-1.17563,0.11098,-0.158161,-0.854308,0.390973,-1.29935,-0.273464,0.812276,-1.27318,0.325211,-0.798079
-0.103894,-1.17349,1.77954,0.0649816,0.678658,0.0987779,2.83407,-0.520872,0.52499,2.02501,2.82944,-0.458071,1.16172,0.983237,-1.74561,-0.684211,-1.16006,-1.20475,1.14537,0.57071
0.286248,-1.24478,2.14141,1.64743,1.71998,-0.346412,-0.45965,2.85186,1.62093,-1.22235,-0.321851,2.85066,-1.75823,0.407294,-0.187222,-1.67809,-0.35952,-1.34619,-1.20683,1.12498