-0.195655,0.983312,-1.31807,2.14131,1.68323,0.0877757,-0.345467,0.102567,1.66225,0.240694,-1.05866,-0.648624,-1.59278,-0.9795,0.369655,-0.207359,0.0214451,-1.20541,-1.5738,-0.728361
-3.62783,0.398199,0.114002,0.327409,0.0796401,1.01345,-0.0306048,-0.416278,0.120956,1.10956,0.157189,-0.402615,0.779787,1.29898,-1.29819,-0.582085,0.141134,-1.16979,0.053503,0.536272
1.00616,1.47496,0.548642,0.923208,0.350997,-0.936294,-1.10284,-0.388655,0.284836,-0.907144,-0.747873,-0.221356,-1.29457,-0.690049,0.391096,-1.28173,-1.1422,-0.348398,0.499587,0.369889
1.71406,-0.125531,-1.17336,1.32288,0.979777,0.477829,0.297636,0.25486,0.799309,0.424749,1.31016,0.293971,-2.19198,-0.737701,0.827985,1.30371,1.13174,1.08977,-1.1799,0.953691
1.83432,1.67259,-0.550168,0.979566,-1.01725,1.02131,-4.2948,-0.282645,-0.989648,0.986051,-1.3652,-0.189208,-0.454816,-1.73627,1.71063,-1.53795,-0.0580621,0.851598,-0.551301,0.307477
1.83666,0.567262,-1.41948,0.993887,-0.902575,-4.25725,-0.530761,-0.271663,-0.761367,-1.29493,-1.14399,-0.188222,-0.807129,1.67918,0.304782,-1.26262,-0.0421074,0.38305,-1.73496,0.346808
-0.0553899,0.151518,-1.17125,2.54831,0.446969,0.346823,0.253704,-0.0527254,0.397361,0.937034,1.4626,-0.243052,-0.709447,0.163303,1.16643,0.300373,0.646052,0.140358,-1.18104,-1.00056
0.97396,-1.28471,0.0670938,0.0115674,0.608552,-0.283042,0.0519804,-0.667494,0.329002,-1.19299,-0.571356,-0.654697,-1.1823,0.344985,-0.992383,-0.713682,-0.929749,-1.38634,0.0570385,0.988717
0.533266,0.789216,0.569747,0.661928,1.05503,2.84632,-0.540765,0.334112,0.921453,-1.39628,-0.711309,0.49565,1.43719,0.978025,0.436188,0.620239,-1.17636,1.07031,0.327348,0.77519
0.984937,0.111774,0.186952,0.122076,0.334347,-0.114405,2.91714,-4.38236,0.101167,-0.27942,-1.58848,-4.29657,-1.22831,-1.07471,1.02104,-1.0372,-0.877105,0.05124,0.760554,1.83993
0.98762,0.381301,-0.0331418,0.993006,0.477516,0.192163,-4.28473,-0.302687,0.305552,-0.345894,-4.25977,-0.220431,-1.16536,-0.96001,-0.00786129,-1.25035,-1.17127,0.0972817,1.70463,0.283254
1.91779,0.326871,-3.69778,0.786734,-1.02098,-0.0864161,0.671954,0.288686,-0.9955,-0.685278,0.0311057,0.329678,-0.299442,0.317611,0.854741,1.16817,-0.0553902,0.345089,0.312695,1.07417
-0.38466,-1.24132,1.10087,2.06153,0.514189,-0.444994,-0.126449,0.349561,0.259725,-1.17446,0.111612,-0.158406,-0.853495,0.390792,-1.29811,-0.272855,0.811687,-1.27263,0.324691,-0.797173
-0.104621,-1.18035,1.77885,0.065081,0.678279,0.0982299,2.83746,-0.520357,0.524824,2.02411,2.83367,-0.457816,1.1604,0.982625,-1.74466,-0.682838,-1.16743,-1.20991,1.14495,0.570183
0.286316,-1.24394,2.13917,1.64684,1.71889,-0.346233,-0.459478,2.85545,1.61981,-1.22115,-0.321921,2.85399,-1.75801,0.406965,-0.186943,-1.67763,-0.359258,-1.34554,-1.20616,1.12466