-0.195579,0.982887,-1.31769,2.14037,1.68248,0.0875502,-0.345464,0.102816,1.66176,0.240449,-1.05814,-0.648829,-1.59257,-0.979368,0.369558,-0.207139,0.0211574,-1.20545,-1.57369,-0.728139
-3.62716,0.398089,0.113921,0.327259,0.079684,1.01335,-0.0305647,-0.416118,0.121011,1.1096,0.157191,-0.402368,0.779895,1.29856,-1.29803,-0.581781,0.149005,-1.174,0.0534204,0.536122
1.00572,1.47407,0.548498,0.922879,0.35098,-0.935837,-1.10265,-0.388829,0.284683,-0.90678,-0.747517,-0.221068,-1.2946,-0.689928,0.390972,-1.28141,-1.14189,-0.348357,0.499854,0.369598
1.71373,-0.125668,-1.17737,1.32277,0.9797,0.477598,0.297439,0.254625,0.799323,0.424639,1.30975,0.293823,-2.19176,-0.73731,0.827846,1.30335,1.13165,1.08966,-1.1837,0.953781
1.83334,1.67211,-0.550157,0.97928,-1.01704,1.02092,-4.29751,-0.282587,-0.98928,0.985851,-1.36482,-0.189313,-0.454666,-1.73627,1.71026,-1.53748,-0.0583721,0.851541,-0.551316,0.307427
1.83561,0.567352,-1.41928,0.993597,-0.902336,-4.26014,-0.530752,-0.271535,-0.761116,-1.29496,-1.1434,-0.188201,-0.806889,1.67847,0.304588,-1.26206,-0.0424578,0.382896,-1.73482,0.346815
-0.0555916,0.159307,-1.17542,2.54731,0.447027,0.346972,0.253746,-0.0528367,0.396954,0.93695,1.46196,-0.242704,-0.70935,0.163495,1.16629,0.300032,0.646364,0.148268,-1.18484,-1.00058
0.973423,-1.28461,0.0668201,0.0111968,0.608615,-0.282993,0.0521746,-0.667401,0.328741,-1.19275,-0.571482,-0.654186,-1.18208,0.344902,-0.991989,-0.713667,-0.929378,-1.38608,0.0570418,0.988299
0.533028,0.789225,0.569683,0.661795,1.0549,2.84827,-0.540595,0.333991,0.921374,-1.39619,-0.710746,0.495492,1.43669,0.977854,0.435859,0.61982,-1.18039,1.07031,0.327219,0.775219
0.984609,0.111773,0.186997,0.122171,0.334189,-0.114375,2.91852,-4.38426,0.10106,-0.279323,-1.58839,-4.29914,-1.22783,-1.07441,1.02083,-1.03714,-0.876889,0.0511505,0.760466,1.83963
0.98719,0.381238,-0.033126,0.992731,0.477469,0.192218,-4.28722,-0.302706,0.305367,-0.345773,-4.26263,-0.220393,-1.16488,-0.959669,-0.0077997,-1.24978,-1.17106,0.097132,1.70391,0.283137
1.91693,0.326855,-3.69738,0.786528,-1.02085,-0.0862779,0.671848,0.288532,-0.995328,-0.684884,0.0309943,0.329382,-0.299348,0.317423,0.854707,1.16784,-0.0554202,0.344993,0.31272,1.07413
-0.384631,-1.2413,1.10068,2.06078,0.51395,-0.445022,-0.126649,0.349648,0.259765,-1.174,0.111895,-0.158574,-0.853098,0.390714,-1.29756,-0.272596,0.811459,-1.27248,0.324495,-0.796859
-0.104914,-1.18441,1.77861,0.0651265,0.678143,0.0979719,2.83929,-0.520148,0.524797,2.02379,2.83591,-0.457754,1.15988,0.982428,-1.74436,-0.682174,-1.17178,-1.213,1.14477,0.570009
0.286373,-1.24366,2.13822,1.64668,1.71851,-0.346165,-0.459407,2.85736,1.61941,-1.22068,-0.321977,2.85582,-1.75797,0.406832,-0.186861,-1.67756,-0.35912,-1.34534,-1.20593,1.12454