-0.195532,0.982748,-1.31753,2.13996,1.68219,0.0874262,-0.345479,0.102938,1.66159,0.240321,-1.05794,-0.648943,-1.59247,-0.979338,0.369526,-0.207029,0.0210132,-1.20553,-1.57365,-0.728062
-3.62698,0.398078,0.113885,0.327191,0.0797033,1.01332,-0.0305551,-0.416059,0.121035,1.10963,0.157173,-0.402268,0.779963,1.2984,-1.29797,-0.58161,0.155761,-1.17652,0.0533834,0.536089
1.00557,1.47368,0.548452,0.92277,0.350975,-0.935678,-1.10258,-0.388921,0.284609,-0.90664,-0.747312,-0.22094,-1.29464,-0.689887,0.390932,-1.28129,-1.14176,-0.348343,0.499997,0.369482
1.71362,-0.125728,-1.17975,1.32274,0.97969,0.477525,0.297332,0.254506,0.799352,0.424623,1.30958,0.29374,-2.19166,-0.737101,0.827792,1.30323,1.13161,1.08959,-1.18598,0.953864
1.83293,1.67193,-0.550136,0.979191,-1.01697,1.02077,-4.29894,-0.28255,-0.989141,0.985785,-1.36468,-0.189382,-0.454598,-1.7363,1.71015,-1.53728,-0.058524,0.85149,-0.551307,0.307398
1.83516,0.567398,-1.4192,0.993506,-0.902268,-4.26167,-0.530755,-0.271477,-0.761032,-1.29498,-1.14317,-0.188206,-0.80678,1.67819,0.304478,-1.26183,-0.0426276,0.382807,-1.73478,0.346824
-0.0556997,0.166008,-1.1779,2.54687,0.447087,0.347061,0.253777,-0.0529141,0.396782,0.936908,1.46169,-0.242526,-0.709301,0.163568,1.16619,0.299803,0.646522,0.155069,-1.18714,-1.00065
0.973209,-1.2846,0.0666839,0.0110321,0.608612,-0.282964,0.0522607,-0.667376,0.328589,-1.19269,-0.571561,-0.653955,-1.18202,0.344845,-0.991825,-0.713644,-0.929236,-1.38598,0.0570175,0.988112
0.532936,0.789233,0.569677,0.661764,1.05485,2.84931,-0.540532,0.333935,0.921352,-1.39618,-0.710461,0.495405,1.43649,0.977791,0.435732,0.619668,-1.18278,1.0703,0.327173,0.775264
0.984524,0.11177,0.187018,0.122225,0.334118,-0.114368,2.91927,-4.38527,0.101012,-0.279289,-1.58837,-4.30051,-1.22764,-1.0743,1.02076,-1.03713,-0.876808,0.0511052,0.760434,1.83952
0.987042,0.381198,-0.0331263,0.992653,0.477443,0.192247,-4.28857,-0.302739,0.305273,-0.34573,-4.26415,-0.220371,-1.1647,-0.95954,-0.00779838,-1.24957,-1.171,0.0970781,1.70362,0.283071
1.91655,0.326859,-3.69728,0.786463,-1.02082,-0.0862324,0.671792,0.288452,-0.995272,-0.684676,0.0309417,0.329233,-0.299313,0.317366,0.854711,1.16772,-0.0554384,0.344953,0.31274,1.07412
-0.384594,-1.24133,1.10064,2.06047,0.513886,-0.445051,-0.126755,0.349685,0.259825,-1.17382,0.11203,-0.158676,-0.852879,0.390678,-1.29731,-0.272466,0.811367,-1.27244,0.324412,-0.796754
-0.105039,-1.18681,1.77851,0.0651529,0.678085,0.0978432,2.84028,-0.520065,0.524797,2.02366,2.83711,-0.457744,1.15966,0.982361,-1.74424,-0.681822,-1.17435,-1.21485,1.1447,0.569963
0.286407,-1.24356,2.13781,1.64663,1.71837,-0.346136,-0.459378,2.85839,1.61927,-1.2205,-0.322011,2.85681,-1.75796,0.406771,-0.186834,-1.67758,-0.359042,-1.34527,-1.20584,1.1245