-0.0369519,-0.253585,-1.77664,0.00386577,-0.0162733,0.0249742,2.4406,0.00654476,-1.23143,0.0362279,0.11049,-2.3971,1.15259,-0.0419734,-1.57499,-1.55021,1.28917,-2.10132,-1.68259,-0.0355711
2.66732,0.0247473,1.22877,2.08393,-0.0658451,0.0968675,-0.139209,2.02368,0.016447,-0.0634373,-2.33814,1.71474,-2.10657,0.101665,-1.35922,0.0401642,-0.0519612,0.552182,0.96016,-0.0406257
0.0406554,0.857454,0.084109,0.387654,-0.108553,-0.0886988,0.0483264,1.63088,-1.82488,-0.0452855,0.0941116,0.0248996,0.0220818,-0.0770399,1.38589,0.0346532,-0.00466504,0.0404886,0.10496,-0.0362914
0.206468,-0.0553161,0.559944,0.978103,-0.0370126,2.19381,0.732425,0.623917,0.077627,1.98763,0.122798,-0.655947,0.0440716,0.0347164,-1.19909,-0.015192,0.00595188,-0.0203332,0.0344215,0.167692
0.0235154,-0.040745,-0.0382307,-0.0165609,-1.45718,0.0309968,0.0274115,1.46706,-1.23436,-0.0225873,0.188231,0.0150142,-0.940933,-1.21938,0.00477504,-0.00478096,0.888125,0.0373646,-0.0347127,-0.104447
1.62201,0.0549211,0.0761971,0.144772,0.00547432,1.9705,2.08312,1.59608,-0.0877729,0.00094489,1.95867,0.0463115,-0.0817075,-0.0682154,-1.10175,-0.0626489,0.0886994,1.55967,-1.10644,-1.83756
1.54839,-0.100841,0.0613892,1.66979,0.0465283,-0.0350972,0.0744069,-0.0404388,2.1806,-2.0123,0.0412012,0.0430185,-1.26686,0.0415859,-0.0247244,0.0582001,-0.0432407,0.0425103,0.0783624,-1.83744
-0.0657335,-0.055074,-0.0639727,1.32616,-1.63498,1.753,-0.000820723,-0.013505,0.00880974,0.122327,-0.98073,0.0331463,2.33582,0.0496597,0.00438347,-0.00360769,-1.83193,-1.43918,-0.053051,1.72532
-0.0531341,-0.240865,-0.752692,0.874518,0.0281744,-1.2704,-0.00797467,-0.0902738,-0.0459371,-0.165335,-0.0697672,-0.272577,0.0735414,-0.0850637,-0.0416658,0.134471,-0.240814,-1.36126,-0.0231976,0.0307791
0.0670266,0.0222164,-0.686567,-0.0748438,-0.0220546,-2.03904,0.0771325,2.12743,-1.90285,-1.77664,0.0462583,0.00900779,-0.046255,-2.01858,0.130224,-0.0255187,0.121936,-0.0716474,-0.0308512,-1.45728
0.0318412,0.0395241,-0.11257,-0.196984,0.0177731,0.00347706,2.40361,0.146356,0.0526775,-0.0448117,2.32603,1.50654,1.39508,-1.65218,1.54683,-0.00654851,-0.0308447,0.0478422,-2.22056,-1.92047
1.78255,0.0432501,0.0212612,0.806697,0.0233969,1.57731,-0.00771937,0.0917222,0.250671,-0.737856,-0.0792194,-0.598789,-1.87526,1.63776,-0.0822507,-0.0325835,0.050508,0.393385,0.034757,0.000404124
-0.0733323,0.0249557,0.459133,0.024486,2.14186,-0.0481823,0.0177259,-0.0110263,-0.0350426,0.00965955,1.79274,-2.21623,-1.07504,-2.10069,-0.0342236,-0.00887712,0.0555266,-1.06387,-0.0401418,-0.108859
0.784999,-0.0534298,0.10811,0.0314984,-0.0608972,-0.0291302,0.1022,-0.00446384,-0.0101296,0.0178398,-0.00734397,2.18436,-0.52891,-0.815294,-0.71418,0.0251873,-0.719423,0.0228582,-1.46054,0.860764
0.00798431,-1.60197,0.0654416,-0.548288,-1.5416,2.23606,0.00126588,-0.0240781,-0.0300591,0.00579087,-1.81479,0.0238165,0.0439803,-0.993964,-0.0997888,-0.0268897,0.000739572,0.019289,0.0276113,0.0703522