0.650868,-2.92853,0.358897,0.339671,-0.711256,-1.81324,-1.56699,0.223244,-0.522404,-0.241097,-0.103339,-2.01513,-0.374111,-0.806747,0.116602,0.23856,-0.0672901,-1.07293,0.229213,-0.432333
0.101602,-0.325668,0.898594,0.485643,-0.495811,0.431899,-0.109195,0.1124,-0.340165,1.90349,1.92773,-1.43636,0.0275236,-0.590479,0.0930715,0.413697,-0.283193,-0.209194,1.00456,0.739336
-0.142017,-1.01143,-0.588684,0.459176,0.16404,-0.0786147,-2.23857,-0.409437,-1.26271,0.0527559,-0.183908,-1.90471,-1.48324,-0.985979,-0.0630793,0.113568,-0.893978,-0.271265,-0.260108,0.712846
0.950749,-0.153327,-0.469329,0.60721,1.90349,0.394049,-1.19328,1.83332,0.316459,0.248484,0.340203,0.759332,-2.40856,0.297441,1.61868,0.181996,-0.217646,0.634089,-2.43524,-0.232391
-2.13111,-0.270355,-1.93038,1.44797,2.16079,0.356087,-1.78166,-0.998644,-0.278952,-2.53049,-2.66628,0.395048,-0.462705,-0.722841,-0.785072,-2.24057,0.206367,0.679314,-0.761097,0.0679125
-2.70555,-0.157051,-0.435944,0.327601,0.377385,0.366587,-2.14902,-2.00564,-0.620424,-1.5898,-1.92115,-0.484105,0.92238,-0.279866,-2.19217,-0.92591,0.117798,0.140978,0.155935,0.368859
1.31542,-0.467054,1.8992,-0.260059,1.30475,-0.0846535,-2.57291,0.0181323,-0.103448,2.24528,1.16274,-0.0186599,-1.03951,0.233257,0.132869,0.139129,0.189332,0.184621,-2.29898,0.260501
0.201301,2.26627,-0.509707,0.190454,2.03106,0.882573,0.89634,-0.979974,0.401523,-0.248195,-0.837585,2.5669,0.269797,-0.075204,-0.348775,-2.18794,0.626059,0.978173,-0.470809,0.151614
-2.47456,0.797185,-1.95135,0.112446,2.14281,2.60435,-1.88841,0.380071,0.684599,-0.437205,-0.983997,0.313331,-0.459387,0.283621,-0.27938,-1.73061,0.663734,2.44805,-2.46857,-0.0204653
-1.21377,2.22203,-0.257915,0.0707392,1.1357,0.412933,1.34367,-2.62758,0.0480843,-0.509259,-1.50866,2.14603,1.21796,0.664215,-0.788077,-0.974315,-0.0446374,0.428906,0.211167,1.35111
-0.135392,0.498052,0.249587,0.633934,2.19744,1.79622,-1.85969,2.41273,0.935158,1.17632,1.74179,1.43681,-1.77453,1.37143,0.560615,1.27466,-0.0179098,0.782784,-1.61472,-0.0333321
-1.83165,0.722046,-0.562736,0.863531,0.30045,1.74126,-0.479606,0.184226,-0.0144617,-0.104369,0.381655,-0.396516,0.0142096,-0.353206,-0.466577,-0.349064,0.074172,0.883646,0.0175629,0.221732
-1.46204,-0.349195,0.229274,0.203053,-1.13081,0.620361,0.115027,2.09303,0.376533,-0.3734,0.997565,-0.725896,-0.321052,0.852013,0.292006,2.28779,-0.521329,-0.27921,0.381292,-0.393425
-1.72364,-0.512926,1.56402,1.61412,-0.444234,0.71855,-0.428032,1.22035,0.0923546,0.709947,1.8693,-1.12272,0.00389034,-0.203625,-0.0315744,1.15709,-0.127864,-0.223577,0.398718,0.0837067
2.35581,0.32382,0.766337,1.8008,0.771581,-0.0489179,0.319479,1.15327,0.178378,0.639356,1.91868,2.05078,-1.95006,0.520712,1.71144,2.09252,-0.27544,-0.39706,-1.05233,0.0406371