0.95075,-2.93226,0.325719,-0.755122,-1.31036,-1.82119,-1.55983,0.0339937,-0.885925,0.744386,-0.0784272,-2.01438,-0.44312,-0.813161,-0.414668,0.24042,-0.212022,-1.06418,0.421927,-0.321772
0.32371,-0.893027,1.65471,0.500955,-1.13656,-0.637017,0.163759,0.780217,-0.718586,1.91274,1.92239,-1.45422,-0.421136,-0.556757,0.25546,1.24205,-0.708389,-1.22739,1.02511,0.727458
-0.76125,-1.47654,-0.581813,0.575321,-0.118667,0.098709,-2.23805,-0.413915,-1.26709,0.12689,-0.405115,-1.89431,-1.48823,-1.01101,-0.469237,0.117881,-0.892866,-0.0273106,-0.388333,0.716184
1.36651,0.253941,0.52651,1.19649,1.90112,1.11682,-1.75141,1.85521,0.261322,0.936074,0.918427,1.02742,-2.39987,0.42041,1.60805,0.938497,-0.0955758,0.572657,-2.43959,-0.519814
-2.12597,1.01489,-1.93075,1.45195,2.1748,1.71225,-1.78311,-2.09615,-0.301896,-2.52032,-2.67372,0.846021,-0.267658,-0.69123,-1.50055,-2.25645,0.282972,1.63507,-1.30368,0.455621
-2.70509,-0.501909,-1.37156,0.532108,0.585991,0.770352,-2.15243,-2.00309,-0.622907,-1.61234,-1.91977,-0.964342,0.444126,-0.707444,-2.18556,-1.85744,0.101112,0.967625,-0.433045,0.637934
1.31298,-0.972902,1.91334,1.37403,1.30474,0.561661,-2.57284,2.55134,0.126554,2.2379,2.16392,0.0169922,-2.25392,0.379087,1.25356,1.42289,-0.0292012,-0.0567478,-2.30208,-0.529522
0.0601254,2.27191,-1.10251,0.371486,2.03293,1.08466,0.897979,-1.80549,0.388646,-1.67675,-1.68994,2.57597,0.612897,-0.0908992,-0.370189,-2.18815,0.690657,0.982184,-0.45796,0.253823
-2.48356,1.50699,-1.9566,0.494967,2.13942,2.61117,-1.88648,-0.445008,0.669977,-2.0271,-1.82115,0.769112,-0.204245,0.280792,-0.644811,-1.72944,0.670472,2.44971,-2.47679,-0.450466
-1.22577,2.21331,-1.24864,0.484188,1.13783,0.701665,1.35857,-2.62857,0.120427,-1.84217,-1.51476,2.14718,1.21395,0.652214,-1.21992,-1.30537,-0.0430154,0.641355,0.745466,1.35344
0.219714,0.863838,1.21283,1.70046,2.20354,1.79921,-1.86717,2.41352,0.944169,1.18704,1.73192,1.4504,-1.78143,1.36948,1.257,1.29122,0.205558,0.976294,-2.8301,-0.518637
-1.81893,0.993556,-0.568928,0.889329,0.989185,1.72888,-0.911441,-0.127919,0.00255119,-0.596594,-0.369149,-0.14776,-0.310497,-0.329681,-0.37141,-0.721078,0.0324328,1.11681,-0.99783,0.275218
-1.45944,-0.295019,1.0423,0.541477,-1.12176,0.465934,-0.226424,2.09228,0.364812,1.13235,1.92544,-1.41953,-0.261329,0.853131,0.42982,2.28347,-0.518912,-0.0509899,-0.0539016,-0.0855668
-1.7363,0.156145,1.5744,1.59929,-0.303052,0.887243,-0.429341,1.23287,-0.0480529,1.20009,1.86411,-1.1012,-0.14332,-0.0281795,-0.213552,1.16353,-0.35012,-0.119224,0.0609233,0.537696
2.35637,0.5199,1.79685,1.81252,1.48682,0.0725366,-0.164553,1.7893,0.341159,1.59673,1.93353,2.04386,-1.94077,1.09109,1.73045,2.09134,-0.383374,-0.55527,-1.07249,0.0674069