0.952904,-2.93232,0.309118,-0.770398,-1.31481,-1.82121,-1.55964,0.0405449,-0.887359,0.759058,-0.0783072,-2.01436,-0.447964,-0.813272,-0.414397,0.240545,-0.213154,-1.06405,0.425923,-0.321318
0.329078,-0.901452,1.65126,0.501,-1.13732,-0.648436,0.163185,0.790539,-0.722696,1.91285,1.92232,-1.4544,-0.436737,-0.556532,0.262619,1.24717,-0.713197,-1.23238,1.02519,0.72739
-0.763684,-1.47583,-0.581697,0.569435,-0.122249,0.0973607,-2.23813,-0.414037,-1.26708,0.14221,-0.40049,-1.89432,-1.48826,-1.01111,-0.472797,0.117992,-0.892778,-0.0264869,-0.393937,0.716266
1.36344,0.25428,0.543882,1.20051,1.90113,1.11972,-1.75623,1.85535,0.258868,0.945979,0.925248,1.0253,-2.39984,0.422732,1.60805,0.941968,-0.100919,0.565907,-2.43953,-0.516585
-2.12599,1.03324,-1.93083,1.45197,2.17496,1.72722,-1.78298,-2.11134,-0.29884,-2.52026,-2.67367,0.851039,-0.256002,-0.691163,-1.50671,-2.25661,0.288259,1.64275,-1.30951,0.455156
-2.70511,-0.496211,-1.3841,0.536474,0.582261,0.777204,-2.15243,-2.00299,-0.622854,-1.61259,-1.91985,-0.965318,0.439927,-0.709985,-2.18553,-1.84657,0.10102,0.972302,-0.435288,0.633345
1.31293,-0.968846,1.91348,1.38321,1.30463,0.566283,-2.57288,2.57336,0.126699,2.23798,2.16655,0.0195396,-2.27451,0.386959,1.2704,1.44668,-0.0404897,-0.0617525,-2.30222,-0.535612
0.061929,2.2719,-1.1066,0.376548,2.03297,1.09136,0.898102,-1.81216,0.387837,-1.69784,-1.69652,2.57596,0.62022,-0.091068,-0.37026,-2.18804,0.691483,0.98235,-0.451681,0.250423
-2.48363,1.50904,-1.95659,0.49959,2.13928,2.61133,-1.88652,-0.465795,0.669842,-2.03873,-1.83055,0.769866,-0.194323,0.280887,-0.653029,-1.72957,0.670515,2.44971,-2.47671,-0.454207
-1.22579,2.21341,-1.25161,0.494311,1.13779,0.710211,1.35856,-2.62864,0.122147,-1.85514,-1.51483,2.1472,1.21393,0.652178,-1.21575,-1.29781,-0.0429685,0.64822,0.741104,1.35338
0.224541,0.864516,1.22527,1.70054,2.20368,1.79909,-1.86714,2.41344,0.944211,1.18703,1.73184,1.45033,-1.78151,1.3695,1.26219,1.29146,0.204079,0.970609,-2.82993,-0.522878
-1.81891,0.997706,-0.57445,0.889504,0.996526,1.72884,-0.914608,-0.145009,0.0026341,-0.611555,-0.382408,-0.141648,-0.307175,-0.329757,-0.377053,-0.731402,0.0353967,1.12144,-1.00542,0.271745
-1.45934,-0.30046,1.05987,0.539751,-1.12171,0.455909,-0.235359,2.09232,0.364773,1.15228,1.93492,-1.4261,-0.267438,0.853111,0.42804,2.28347,-0.518974,-0.051563,-0.0675642,-0.0814475
-1.73639,0.165802,1.57438,1.59924,-0.299732,0.887583,-0.429304,1.23296,-0.0489739,1.19899,1.86412,-1.10106,-0.154338,-0.0293123,-0.207703,1.16366,-0.351426,-0.115282,0.0513939,0.538902
2.35637,0.519392,1.81062,1.81258,1.48573,0.0739426,-0.171477,1.78839,0.339139,1.6017,1.93366,2.0439,-1.94077,1.09238,1.73046,2.09122,-0.385573,-0.558862,-1.07253,0.0734539