0.953202,-2.93232,0.306558,-0.772645,-1.31549,-1.82121,-1.55962,0.0415843,-0.887571,0.761131,-0.0782902,-2.01435,-0.448741,-0.813289,-0.414344,0.240565,-0.213331,-1.06403,0.426542,-0.321318
0.329909,-0.902631,1.65071,0.501005,-1.13744,-0.650128,0.163102,0.792078,-0.723327,1.91287,1.92231,-1.45442,-0.439163,-0.556498,0.263761,1.24794,-0.713959,-1.2331,1.0252,0.727381
-0.763966,-1.47576,-0.58168,0.56851,-0.122818,0.0970963,-2.23815,-0.414055,-1.26707,0.144582,-0.399686,-1.89432,-1.48827,-1.01112,-0.473307,0.118009,-0.892765,-0.0263995,-0.394734,0.716279
1.363,0.254301,0.5465,1.2011,1.90113,1.12013,-1.757,1.85537,0.258496,0.94753,0.926343,1.02495,-2.39984,0.423083,1.60806,0.942479,-0.101756,0.564872,-2.43952,-0.516015
-2.126,1.0359,-1.93084,1.45197,2.17499,1.72947,-1.78296,-2.1136,-0.298351,-2.52025,-2.67367,0.851816,-0.254157,-0.691153,-1.50766,-2.25664,0.2891,1.64388,-1.31039,0.455022
-2.70511,-0.495375,-1.38598,0.537106,0.581663,0.778247,-2.15243,-2.00297,-0.622846,-1.61263,-1.91986,-0.965463,0.439317,-0.710355,-2.18552,-1.84491,0.101007,0.973001,-0.435649,0.63259
1.31292,-0.968132,1.9135,1.38452,1.30462,0.566983,-2.57288,2.57654,0.126709,2.23799,2.16694,0.0199529,-2.27756,0.388159,1.2729,1.45013,-0.0422301,-0.0624931,-2.30224,-0.53642
0.0622016,2.2719,-1.10718,0.377269,2.03297,1.09242,0.898121,-1.81318,0.387721,-1.70093,-1.69756,2.57596,0.621371,-0.0910943,-0.37027,-2.18802,0.691621,0.982376,-0.450814,0.249914
-2.48364,1.50933,-1.95659,0.500256,2.13925,2.61136,-1.88652,-0.468962,0.669822,-2.04043,-1.83197,0.769987,-0.192758,0.280901,-0.654302,-1.72959,0.670522,2.44971,-2.4767,-0.454729
-1.22579,2.21342,-1.25197,0.495805,1.13778,0.711568,1.35856,-2.62864,0.122402,-1.85695,-1.51484,2.1472,1.21392,0.652172,-1.2151,-1.2966,-0.0429614,0.649263,0.740334,1.35337
0.22528,0.864635,1.22715,1.70054,2.2037,1.79907,-1.86714,2.41342,0.944218,1.18703,1.73183,1.45031,-1.78153,1.36951,1.26299,1.29149,0.203813,0.969751,-2.82992,-0.523472
-1.81891,0.998359,-0.575294,0.88953,0.997658,1.72883,-0.915069,-0.147686,0.00264632,-0.613801,-0.384433,-0.140677,-0.306597,-0.329769,-0.377949,-0.733012,0.035854,1.12215,-1.00653,0.271262
-1.45933,-0.301329,1.06248,0.539506,-1.12171,0.454319,-0.2367,2.09232,0.364768,1.15522,1.93636,-1.42709,-0.268364,0.853109,0.427753,2.28348,-0.518984,-0.0516509,-0.0695256,-0.0808336
-1.7364,0.167251,1.57437,1.59924,-0.299244,0.887609,-0.429298,1.23297,-0.0491028,1.19879,1.86412,-1.10104,-0.155996,-0.0294634,-0.206803,1.16368,-0.351632,-0.114679,0.0499991,0.53904
2.35637,0.519285,1.81267,1.81259,1.48556,0.0741422,-0.172524,1.78825,0.33884,1.60245,1.93368,2.0439,-1.94077,1.09257,1.73046,2.0912,-0.385928,-0.559413,-1.07253,0.0744095