0.953485,-2.93233,0.304054,-0.774814,-1.31616,-1.82122,-1.55959,0.0426074,-0.887775,0.76311,-0.0782739,-2.01435,-0.449509,-0.813305,-0.41429,0.240584,-0.213506,-1.06401,0.427147,-0.321336
0.330722,-0.903753,1.65017,0.50101,-1.13756,-0.651766,0.163022,0.793569,-0.723943,1.91288,1.9223,-1.45445,-0.441541,-0.556466,0.264887,1.24869,-0.71471,-1.23379,1.02522,0.727373
-0.764217,-1.47571,-0.581663,0.567601,-0.123379,0.0968223,-2.23816,-0.414072,-1.26707,0.146905,-0.398875,-1.89432,-1.48828,-1.01114,-0.473795,0.118025,-0.892753,-0.0263249,-0.395496,0.716291
1.36258,0.254313,0.549045,1.20167,1.90113,1.12052,-1.75776,1.85539,0.258133,0.949055,0.927427,1.02461,-2.39984,0.423424,1.60806,0.942972,-0.102577,0.563861,-2.43952,-0.515438
-2.126,1.03846,-1.93085,1.45197,2.17501,1.73165,-1.78294,-2.1158,-0.297867,-2.52024,-2.67366,0.852579,-0.252339,-0.691143,-1.50859,-2.25666,0.28993,1.64497,-1.31125,0.454875
-2.70511,-0.494569,-1.3878,0.537713,0.581073,0.779264,-2.15243,-2.00296,-0.622838,-1.61266,-1.91988,-0.965603,0.43873,-0.710712,-2.18551,-1.84328,0.100995,0.97368,-0.436006,0.631839
1.31291,-0.967412,1.91352,1.38578,1.30461,0.567663,-2.57288,2.57958,0.126716,2.238,2.16732,0.0203617,-2.2805,0.389329,1.27531,1.45346,-0.0439315,-0.0632095,-2.30226,-0.537176
0.062467,2.2719,-1.10773,0.377958,2.03298,1.09346,0.898139,-1.81418,0.387611,-1.70392,-1.69859,2.57595,0.622502,-0.0911201,-0.370281,-2.188,0.691759,0.982401,-0.449994,0.249419
-2.48365,1.5096,-1.95659,0.500894,2.13923,2.61138,-1.88653,-0.47205,0.669802,-2.04206,-1.83334,0.770106,-0.191219,0.280915,-0.655548,-1.72961,0.670529,2.44971,-2.47669,-0.455224
-1.2258,2.21344,-1.2523,0.497247,1.13778,0.712905,1.35856,-2.62865,0.122649,-1.85867,-1.51484,2.1472,1.21392,0.652167,-1.21446,-1.29541,-0.0429544,0.65028,0.739557,1.35336
0.226001,0.864755,1.22898,1.70055,2.20372,1.79905,-1.86713,2.41341,0.944223,1.18703,1.73182,1.45031,-1.78154,1.36951,1.26377,1.29153,0.203543,0.968917,-2.8299,-0.524036
-1.8189,0.999002,-0.576117,0.889554,0.998766,1.72883,-0.915513,-0.150314,0.00265814,-0.615982,-0.386408,-0.13972,-0.306014,-0.32978,-0.378833,-0.734593,0.0363017,1.12283,-1.00758,0.270803
-1.45932,-0.302185,1.06501,0.539271,-1.1217,0.452752,-0.238002,2.09233,0.364763,1.15806,1.93776,-1.42805,-0.269264,0.853106,0.427469,2.28348,-0.518993,-0.0517366,-0.0714053,-0.0802386
-1.73641,0.168658,1.57437,1.59923,-0.298772,0.887627,-0.429292,1.23298,-0.0492256,1.19858,1.86412,-1.10103,-0.157606,-0.0296053,-0.205924,1.1637,-0.351834,-0.114091,0.0486546,0.539162
2.35637,0.519175,1.81466,1.81259,1.48539,0.0743326,-0.173542,1.78812,0.33855,1.60317,1.9337,2.0439,-1.94077,1.09276,1.73046,2.09118,-0.386279,-0.559952,-1.07254,0.0753504