0.953752,-2.93234,0.301606,-0.776909,-1.31681,-1.82122,-1.55956,0.0436137,-0.887973,0.764999,-0.0782584,-2.01435,-0.450268,-0.813322,-0.414234,0.240603,-0.213677,-1.06399,0.427739,-0.32137
0.331518,-0.904821,1.64963,0.501015,-1.13767,-0.65335,0.162945,0.795012,-0.724545,1.9129,1.92229,-1.45447,-0.443872,-0.556434,0.265997,1.24942,-0.715448,-1.23446,1.02523,0.727365
-0.764438,-1.47567,-0.581646,0.566708,-0.123933,0.0965396,-2.23817,-0.414088,-1.26707,0.149178,-0.398058,-1.89432,-1.48828,-1.01115,-0.474263,0.11804,-0.892741,-0.0262624,-0.396223,0.716302
1.36218,0.254318,0.551521,1.20223,1.90113,1.12089,-1.75851,1.85541,0.25778,0.950553,0.928499,1.02428,-2.39983,0.423757,1.60806,0.943449,-0.103383,0.562873,-2.43951,-0.514855
-2.126,1.04092,-1.93086,1.45198,2.17503,1.73377,-1.78293,-2.11792,-0.297389,-2.52023,-2.67365,0.853326,-0.250548,-0.691134,-1.5095,-2.25668,0.290748,1.64603,-1.31208,0.454716
-2.70512,-0.493793,-1.38958,0.538298,0.580491,0.780257,-2.15243,-2.00295,-0.62283,-1.6127,-1.91989,-0.965738,0.438166,-0.711057,-2.18551,-1.8417,0.100983,0.974339,-0.436359,0.631093
1.31291,-0.966687,1.91353,1.38699,1.30459,0.568324,-2.57289,2.58251,0.126719,2.23801,2.1677,0.0207655,-2.28335,0.390468,1.27764,1.45666,-0.0455948,-0.0639024,-2.30228,-0.537884
0.0627255,2.2719,-1.10826,0.378616,2.03299,1.0945,0.898157,-1.81514,0.387505,-1.7068,-1.6996,2.57595,0.623614,-0.0911453,-0.370291,-2.18798,0.691897,0.982425,-0.449217,0.248939
-2.48366,1.50985,-1.95659,0.501506,2.13921,2.6114,-1.88653,-0.47506,0.669784,-2.04364,-1.83467,0.770224,-0.189703,0.280929,-0.656769,-1.72963,0.670536,2.44971,-2.47668,-0.455693
-1.2258,2.21345,-1.2526,0.498639,1.13778,0.714224,1.35856,-2.62866,0.122888,-1.8603,-1.51485,2.14721,1.21392,0.652162,-1.21383,-1.29424,-0.0429477,0.651271,0.738772,1.35335
0.226706,0.864878,1.23075,1.70055,2.20374,1.79903,-1.86713,2.4134,0.944229,1.18703,1.73181,1.4503,-1.78155,1.36951,1.26454,1.29156,0.20327,0.968107,-2.82989,-0.524572
-1.8189,0.999633,-0.576921,0.889578,0.999851,1.72882,-0.91594,-0.152896,0.00266957,-0.6181,-0.388334,-0.138775,-0.305426,-0.32979,-0.379705,-0.736144,0.0367399,1.1235,-1.0086,0.270368
-1.4593,-0.303029,1.06746,0.539046,-1.12169,0.451207,-0.239264,2.09233,0.364758,1.16081,1.93912,-1.42898,-0.270139,0.853103,0.427188,2.28348,-0.519002,-0.0518202,-0.0732063,-0.0796621
-1.73642,0.170024,1.57437,1.59923,-0.298316,0.887638,-0.429286,1.23299,-0.0493427,1.19838,1.86412,-1.10101,-0.15917,-0.0297387,-0.205065,1.16372,-0.352032,-0.113516,0.0473586,0.539269
2.35637,0.519063,1.81659,1.8126,1.48522,0.0745142,-0.174533,1.78798,0.33827,1.60387,1.93372,2.04391,-1.94078,1.09293,1.73046,2.09117,-0.386625,-0.560478,-1.07254,0.0762767