0.954006,-2.93234,0.299213,-0.778931,-1.31745,-1.82122,-1.55954,0.044603,-0.888165,0.766803,-0.0782435,-2.01434,-0.451017,-0.813337,-0.414177,0.240622,-0.213846,-1.06397,0.428317,-0.32142
0.332296,-0.905837,1.64911,0.50102,-1.13778,-0.654884,0.16287,0.79641,-0.725132,1.91291,1.92228,-1.45449,-0.446156,-0.556404,0.267092,1.25013,-0.716175,-1.2351,1.02524,0.727358
-0.764632,-1.47565,-0.58163,0.56583,-0.124479,0.0962486,-2.23818,-0.414104,-1.26707,0.151404,-0.397236,-1.89433,-1.48829,-1.01116,-0.474712,0.118056,-0.89273,-0.0262115,-0.396917,0.716313
1.3618,0.254316,0.553929,1.20276,1.90113,1.12125,-1.75925,1.85543,0.257436,0.952026,0.92956,1.02395,-2.39983,0.424082,1.60806,0.943909,-0.104174,0.561908,-2.4395,-0.514266
-2.126,1.04329,-1.93087,1.45198,2.17505,1.73584,-1.78291,-2.11998,-0.296916,-2.52022,-2.67365,0.85406,-0.248783,-0.691125,-1.5104,-2.2567,0.291554,1.64705,-1.3129,0.454546
-2.70512,-0.493045,-1.3913,0.538861,0.579917,0.781226,-2.15243,-2.00293,-0.622823,-1.61273,-1.9199,-0.965869,0.437624,-0.711392,-2.1855,-1.84015,0.100971,0.974978,-0.436708,0.630352
1.3129,-0.965959,1.91355,1.38816,1.30458,0.568966,-2.57289,2.58532,0.126719,2.23802,2.16807,0.0211642,-2.28611,0.391576,1.2799,1.45974,-0.0472204,-0.0645728,-2.3023,-0.538544
0.0629774,2.2719,-1.10877,0.379245,2.03299,1.09551,0.898174,-1.81609,0.387404,-1.70957,-1.70059,2.57595,0.624706,-0.0911701,-0.370301,-2.18797,0.692035,0.982449,-0.448483,0.248474
-2.48367,1.51009,-1.95658,0.502092,2.1392,2.61143,-1.88654,-0.477994,0.669766,-2.04516,-1.83597,0.77034,-0.18821,0.280942,-0.657967,-1.72965,0.670542,2.44971,-2.47667,-0.456137
-1.2258,2.21347,-1.25286,0.499984,1.13777,0.715524,1.35856,-2.62867,0.12312,-1.86185,-1.51486,2.14721,1.21391,0.652158,-1.21321,-1.29309,-0.0429411,0.652236,0.737983,1.35334
0.227394,0.865002,1.23248,1.70055,2.20376,1.79902,-1.86713,2.41339,0.944235,1.18703,1.7318,1.45029,-1.78156,1.36952,1.26528,1.29159,0.202993,0.967321,-2.82988,-0.525079
-1.8189,1.00025,-0.577705,0.8896,1.00091,1.72882,-0.916352,-0.155431,0.00268063,-0.620156,-0.390213,-0.137844,-0.304835,-0.3298,-0.380565,-0.737667,0.0371691,1.12415,-1.00958,0.269956
-1.45929,-0.303858,1.06984,0.538832,-1.12169,0.449685,-0.240488,2.09234,0.364754,1.16346,1.94045,-1.42989,-0.27099,0.8531,0.42691,2.28348,-0.51901,-0.0519015,-0.0749317,-0.0791035
-1.73644,0.171351,1.57436,1.59922,-0.297876,0.887642,-0.42928,1.233,-0.0494542,1.19817,1.86412,-1.10099,-0.160688,-0.0298641,-0.204226,1.16374,-0.352227,-0.112956,0.0461093,0.539363
2.35637,0.518949,1.81847,1.81261,1.48506,0.0746873,-0.175498,1.78785,0.338,1.60456,1.93374,2.04391,-1.94078,1.09311,1.73046,2.09115,-0.386967,-0.560991,-1.07255,0.0771883