0.954246,-2.93235,0.296875,-0.780884,-1.31808,-1.82123,-1.55952,0.0455751,-0.88835,0.768524,-0.0782293,-2.01434,-0.451757,-0.813353,-0.414119,0.24064,-0.214011,-1.06395,0.428883,-0.321484
0.333056,-0.906804,1.64859,0.501024,-1.13789,-0.656369,0.162797,0.797763,-0.725706,1.91293,1.92228,-1.45452,-0.448394,-0.556374,0.26817,1.25082,-0.716889,-1.23571,1.02524,0.727352
-0.764799,-1.47564,-0.581615,0.564968,-0.125017,0.09595,-2.23819,-0.414119,-1.26707,0.153583,-0.396411,-1.89433,-1.48829,-1.01117,-0.475141,0.11807,-0.892719,-0.0261717,-0.397579,0.716324
1.36143,0.254308,0.556271,1.20328,1.90113,1.12158,-1.75997,1.85544,0.257101,0.953473,0.930609,1.02362,-2.39982,0.424399,1.60806,0.944353,-0.10495,0.560965,-2.43949,-0.513673
-2.12601,1.04556,-1.93088,1.45198,2.17507,1.73784,-1.78289,-2.12198,-0.296449,-2.52021,-2.67364,0.85478,-0.247044,-0.691116,-1.51128,-2.25672,0.29235,1.64804,-1.31369,0.454365
-2.70512,-0.492326,-1.39298,0.539403,0.579351,0.782172,-2.15243,-2.00292,-0.622815,-1.61276,-1.91991,-0.965996,0.437103,-0.711716,-2.1855,-1.83865,0.10096,0.975599,-0.437053,0.629617
1.31289,-0.96523,1.91357,1.38927,1.30457,0.569589,-2.57289,2.58801,0.126715,2.23803,2.16842,0.0215572,-2.28878,0.392656,1.28208,1.46271,-0.0488089,-0.0652214,-2.30231,-0.539159
0.0632229,2.2719,-1.10925,0.379846,2.033,1.09651,0.89819,-1.81701,0.387307,-1.71225,-1.70156,2.57595,0.625778,-0.0911944,-0.37031,-2.18795,0.692173,0.982472,-0.447789,0.248023
-2.48368,1.51032,-1.95658,0.502655,2.13918,2.61145,-1.88654,-0.480853,0.669748,-2.04662,-1.83722,0.770455,-0.186741,0.280954,-0.65914,-1.72966,0.670549,2.44971,-2.47666,-0.456558
-1.2258,2.21348,-1.25311,0.501281,1.13777,0.716806,1.35856,-2.62868,0.123345,-1.86332,-1.51487,2.14721,1.21391,0.652153,-1.21261,-1.29195,-0.0429347,0.653178,0.73719,1.35333
0.228065,0.865129,1.23416,1.70055,2.20378,1.799,-1.86712,2.41337,0.94424,1.18703,1.73179,1.45028,-1.78157,1.36952,1.26601,1.29162,0.202714,0.966559,-2.82988,-0.52556
-1.81889,1.00086,-0.578471,0.889622,1.00195,1.72881,-0.916748,-0.15792,0.00269133,-0.622154,-0.392046,-0.136925,-0.30424,-0.32981,-0.381414,-0.73916,0.0375893,1.12478,-1.01053,0.269565
-1.45928,-0.304674,1.07213,0.538627,-1.12168,0.448185,-0.241676,2.09234,0.364749,1.16602,1.94174,-1.43077,-0.271816,0.853098,0.426635,2.28348,-0.519019,-0.0519807,-0.0765842,-0.0785623
-1.73645,0.172639,1.57436,1.59922,-0.297451,0.887638,-0.429274,1.23302,-0.0495606,1.19796,1.86412,-1.10097,-0.162161,-0.029982,-0.203406,1.16376,-0.352418,-0.112409,0.0449051,0.539444
2.35637,0.518833,1.82028,1.81262,1.4849,0.0748521,-0.176436,1.78772,0.337738,1.60522,1.93375,2.04392,-1.94078,1.09328,1.73046,2.09114,-0.387305,-0.561493,-1.07255,0.0780853