0.954688,-2.93236,0.292357,-0.78459,-1.31928,-1.82124,-1.55947,0.0474668,-0.888702,0.771735,-0.0782028,-2.01434,-0.453208,-0.813383,-0.414,0.240676,-0.214334,-1.06391,0.429976,-0.321651
0.334523,-0.908597,1.64757,0.501031,-1.13809,-0.659199,0.162657,0.800341,-0.726815,1.91296,1.92226,-1.45456,-0.452734,-0.556318,0.270277,1.25214,-0.718282,-1.23687,1.02526,0.72734
-0.765059,-1.47565,-0.581585,0.563287,-0.126071,0.0953322,-2.23821,-0.414148,-1.26706,0.157804,-0.394752,-1.89433,-1.4883,-1.0112,-0.475949,0.118098,-0.892698,-0.0261236,-0.398812,0.716345
1.36076,0.254275,0.560767,1.20426,1.90113,1.1222,-1.76139,1.85548,0.256458,0.956293,0.932675,1.02299,-2.39981,0.425011,1.60806,0.945197,-0.106456,0.559142,-2.43947,-0.512473
-2.12601,1.04986,-1.9309,1.45198,2.17511,1.74168,-1.78286,-2.1258,-0.295529,-2.52019,-2.67363,0.85618,-0.243643,-0.691099,-1.51298,-2.25676,0.293907,1.64992,-1.31522,0.453975
-2.70513,-0.490969,-1.39619,0.540429,0.578246,0.783998,-2.15243,-2.0029,-0.622801,-1.61283,-1.91993,-0.966236,0.436121,-0.712336,-2.18549,-1.83574,0.10094,0.976789,-0.437732,0.628165
1.31288,-0.96377,1.9136,1.39137,1.30455,0.570781,-2.5729,2.5931,0.1267,2.23805,2.16911,0.0223258,-2.29387,0.394729,1.28624,1.4683,-0.0518775,-0.0664562,-2.30235,-0.540264
0.0636958,2.2719,-1.11015,0.380969,2.03301,1.09847,0.898222,-1.81878,0.387128,-1.71732,-1.70346,2.57594,0.627866,-0.0912415,-0.370329,-2.18792,0.692447,0.982517,-0.446515,0.24716
-2.48369,1.51073,-1.95658,0.503713,2.13914,2.61149,-1.88655,-0.486356,0.669715,-2.0494,-1.83963,0.770681,-0.18387,0.280978,-0.661419,-1.7297,0.670561,2.44971,-2.47664,-0.457329
-1.22581,2.2135,-1.25353,0.503743,1.13777,0.719316,1.35856,-2.62869,0.123775,-1.86604,-1.51488,2.14722,1.2139,0.652144,-1.21142,-1.28973,-0.0429224,0.65499,0.735597,1.35331
0.229359,0.865387,1.23737,1.70055,2.20381,1.79897,-1.86712,2.41335,0.94425,1.18703,1.73177,1.45026,-1.7816,1.36952,1.26743,1.29168,0.202151,0.965101,-2.82988,-0.526443
-1.81889,1.00205,-0.579949,0.889663,1.00397,1.72881,-0.917498,-0.162761,0.00271173,-0.625978,-0.395577,-0.135126,-0.303042,-0.329829,-0.383078,-0.742065,0.0384041,1.126,-1.01231,0.268847
-1.45925,-0.306264,1.07651,0.538245,-1.12167,0.445253,-0.243944,2.09235,0.364742,1.17089,1.94421,-1.43244,-0.273397,0.853093,0.426096,2.28348,-0.519034,-0.0521324,-0.0796818,-0.0775298
-1.73647,0.175106,1.57436,1.59921,-0.296645,0.88761,-0.429263,1.23304,-0.0497587,1.19755,1.86412,-1.10094,-0.164979,-0.0301972,-0.201823,1.16379,-0.352789,-0.111355,0.0426258,0.539569
2.35637,0.518602,1.82374,1.81263,1.48459,0.0751582,-0.178235,1.78748,0.337242,1.60648,1.93379,2.04392,-1.94078,1.0936,1.73046,2.09111,-0.387965,-0.56246,-1.07256,0.0798361