0.954891,-2.93237,0.290176,-0.786348,-1.31987,-1.82124,-1.55945,0.0483863,-0.88887,0.773232,-0.0781904,-2.01433,-0.453918,-0.813398,-0.41394,0.240693,-0.214492,-1.06389,0.430504,-0.321752
0.335231,-0.909428,1.64708,0.501034,-1.13819,-0.660548,0.162589,0.801567,-0.72735,1.91297,1.92226,-1.45458,-0.454837,-0.556291,0.271305,1.25277,-0.71896,-1.23742,1.02527,0.727334
-0.765154,-1.47567,-0.58157,0.562469,-0.126586,0.0950142,-2.23822,-0.414162,-1.26706,0.159848,-0.393919,-1.89433,-1.48831,-1.01121,-0.476327,0.118112,-0.892689,-0.0261142,-0.399386,0.716355
1.36045,0.254251,0.562925,1.20472,1.90113,1.12249,-1.76208,1.85549,0.256149,0.957667,0.933691,1.02268,-2.39981,0.425306,1.60806,0.945597,-0.107187,0.558261,-2.43946,-0.511868
-2.12602,1.05189,-1.93091,1.45199,2.17512,1.74353,-1.78284,-2.12762,-0.295077,-2.52019,-2.67363,0.856861,-0.24198,-0.691091,-1.51381,-2.25678,0.294669,1.65082,-1.31596,0.453768
-2.70513,-0.490329,-1.39773,0.540915,0.577706,0.78488,-2.15243,-2.00289,-0.622794,-1.61286,-1.91994,-0.966351,0.43566,-0.712633,-2.18548,-1.83434,0.10093,0.977358,-0.438066,0.627449
1.31287,-0.963043,1.91361,1.39236,1.30454,0.57135,-2.5729,2.59549,0.126689,2.23806,2.16945,0.0227008,-2.29629,0.395723,1.28822,1.47094,-0.0533588,-0.0670439,-2.30236,-0.540758
0.0639236,2.27189,-1.11057,0.381492,2.03301,1.09943,0.898237,-1.81963,0.387044,-1.71972,-1.70438,2.57594,0.628881,-0.0912643,-0.370337,-2.1879,0.692584,0.982539,-0.445932,0.246749
-2.4837,1.51091,-1.95658,0.504209,2.13913,2.6115,-1.88656,-0.489003,0.669699,-2.05071,-1.84077,0.770791,-0.182468,0.28099,-0.662526,-1.72971,0.670567,2.44971,-2.47664,-0.457682
-1.22581,2.21352,-1.2537,0.50491,1.13776,0.720544,1.35856,-2.6287,0.123981,-1.8673,-1.51489,2.14722,1.2139,0.65214,-1.21085,-1.28865,-0.0429165,0.655863,0.734798,1.35331
0.229983,0.865519,1.23891,1.70055,2.20382,1.79895,-1.86712,2.41334,0.944254,1.18703,1.73177,1.45025,-1.78161,1.36953,1.26811,1.29171,0.201868,0.964405,-2.82989,-0.526848
-1.81889,1.00262,-0.580662,0.889682,1.00494,1.7288,-0.917852,-0.165115,0.00272146,-0.627809,-0.397278,-0.134245,-0.30244,-0.329838,-0.383893,-0.743477,0.0387991,1.12658,-1.01315,0.268517
-1.45924,-0.307037,1.07859,0.538066,-1.12167,0.44382,-0.245026,2.09235,0.364738,1.1732,1.9454,-1.43325,-0.274152,0.853091,0.425831,2.28349,-0.519042,-0.0522049,-0.0811322,-0.0770376
-1.73648,0.176286,1.57435,1.5992,-0.296262,0.887587,-0.429257,1.23305,-0.049851,1.19734,1.86412,-1.10093,-0.166326,-0.0302953,-0.201059,1.16381,-0.352969,-0.110847,0.0415476,0.539616
2.35637,0.518486,1.8254,1.81264,1.48443,0.0752999,-0.179099,1.78735,0.337006,1.60708,1.9338,2.04393,-1.94078,1.09375,1.73046,2.09109,-0.388288,-0.562926,-1.07256,0.08069