0.698706,-2.93377,0.422613,0.333838,-0.771223,-1.82263,-1.5588,0.233825,-0.587951,-0.237196,-0.0859037,-2.00739,-0.428406,-0.818652,0.130727,0.241563,-0.0843409,-1.06884,0.228443,-0.477464
0.0939656,-0.317912,1.04119,0.486266,-0.607877,0.398603,-0.0770981,0.161273,-0.385729,1.89868,1.92902,-1.44032,-0.0211945,-0.587514,0.0867861,0.497877,-0.326162,-0.284031,1.00497,0.737933
-0.146265,-1.09968,-0.594772,0.542845,0.171093,-0.0729388,-2.23446,-0.411873,-1.26678,0.0506972,-0.215979,-1.89613,-1.49354,-0.98886,-0.0236736,0.111384,-0.891808,-0.241291,-0.280276,0.713384
1.01652,-0.166241,-0.501576,0.6933,1.90088,0.489634,-1.30056,1.83795,0.34136,0.336975,0.398191,0.816281,-2.40361,0.325896,1.61062,0.278143,-0.165898,0.680699,-2.44623,-0.270056
-2.11368,-0.249354,-1.92038,1.46596,2.16443,0.427136,-1.79141,-1.09192,-0.320884,-2.52688,-2.69252,0.501821,-0.478529,-0.704689,-0.871421,-2.23551,0.207123,0.767272,-0.866072,0.103489
-2.71495,-0.219367,-0.488154,0.319542,0.437617,0.388385,-2.14368,-2.00366,-0.627144,-1.59439,-1.9036,-0.574415,0.918274,-0.300792,-2.19643,-1.0884,0.108822,0.214067,0.139608,0.411687
1.32569,-0.514001,1.9054,-0.169633,1.30929,-0.0617997,-2.57698,0.13909,-0.0621349,2.24338,1.26824,0.0150509,-1.11648,0.238967,0.191844,0.157643,0.185925,0.185506,-2.29075,0.246519
0.195595,2.25873,-0.581152,0.265198,2.03336,0.926114,0.907993,-1.13035,0.428531,-0.278175,-0.974453,2.57758,0.361535,-0.0818363,-0.368966,-2.19094,0.669815,0.987998,-0.539982,0.22736
-2.48516,0.900199,-1.95738,0.125503,2.14592,2.59443,-1.8864,0.427863,0.676853,-0.532971,-1.0753,0.37138,-0.536209,0.278976,-0.331113,-1.73077,0.663888,2.44822,-2.4704,-0.0493065
-1.21631,2.21997,-0.325384,0.0848068,1.13757,0.449638,1.34621,-2.62632,0.037437,-0.624414,-1.51165,2.14828,1.21707,0.654033,-0.903314,-1.07954,-0.0461674,0.448485,0.277574,1.35298
-0.131547,0.569083,0.336782,0.75615,2.19352,1.80103,-1.8606,2.41405,0.937103,1.17996,1.73477,1.44243,-1.77356,1.36842,0.692893,1.27724,0.011013,0.849987,-1.89691,-0.0729562
-1.81471,0.731495,-0.562783,0.87303,0.379582,1.75062,-0.488875,0.221339,0.00163619,-0.0719153,0.335724,-0.360088,-0.0336524,-0.33884,-0.469236,-0.365238,0.0581073,0.884266,-0.014263,0.262081
-1.46241,-0.384893,0.206997,0.288605,-1.12317,0.635381,0.0801998,2.0874,0.373768,-0.304518,1.11339,-0.823414,-0.290735,0.856849,0.359887,2.29173,-0.50903,-0.249923,0.416308,-0.39904
-1.73332,-0.510806,1.55781,1.60748,-0.459764,0.78013,-0.426378,1.22316,0.0971994,0.748655,1.87663,-1.10554,0.0117475,-0.116602,-0.0676214,1.15427,-0.145361,-0.20652,0.447308,0.113914
2.35313,0.3023,0.859533,1.7992,0.889892,-0.0505864,0.310525,1.34756,0.226319,0.758982,1.92386,2.04913,-1.95218,0.552949,1.71627,2.09135,-0.346343,-0.443505,-1.05203,0.0263996