0.707432,-2.93269,0.45326,0.309943,-0.794323,-1.82423,-1.56043,0.238372,-0.617931,-0.236513,-0.0835739,-2.00547,-0.459653,-0.822221,0.126452,0.243179,-0.102953,-1.06763,0.220602,-0.493279
0.090992,-0.306267,1.11064,0.490606,-0.658058,0.378281,-0.0591828,0.185119,-0.410083,1.89993,1.92348,-1.4449,-0.040362,-0.583477,0.0868758,0.541074,-0.349364,-0.321776,1.00537,0.736237
-0.155764,-1.14687,-0.593917,0.572526,0.16927,-0.075424,-2.23386,-0.409202,-1.26729,0.0522715,-0.222374,-1.89119,-1.49362,-0.996421,-0.0155543,0.11246,-0.893004,-0.221652,-0.286116,0.71407
1.04231,-0.173364,-0.512166,0.726871,1.90053,0.529803,-1.34157,1.84041,0.349998,0.370183,0.437104,0.842451,-2.40015,0.329929,1.60906,0.323966,-0.147823,0.697178,-2.44849,-0.28446
-2.1137,-0.22375,-1.92005,1.46591,2.16313,0.476246,-1.79036,-1.13497,-0.332264,-2.52775,-2.68964,0.535433,-0.475201,-0.698012,-0.901759,-2.23673,0.212606,0.806271,-0.903504,0.117864
-2.71222,-0.252109,-0.513965,0.306901,0.466748,0.387287,-2.14372,-2.00298,-0.62694,-1.59358,-1.90867,-0.611771,0.906412,-0.311844,-2.19385,-1.17021,0.106288,0.24996,0.120384,0.432829
1.32403,-0.531644,1.90419,-0.114636,1.30935,-0.0395828,-2.57631,0.203779,-0.0385438,2.24137,1.30316,0.0245796,-1.14576,0.24875,0.221636,0.169627,0.187775,0.185702,-2.28986,0.236402
0.181035,2.25543,-0.617183,0.28236,2.03376,0.933027,0.908953,-1.19943,0.431618,-0.298298,-1.01934,2.58184,0.387421,-0.0886067,-0.371643,-2.18797,0.686181,0.987934,-0.577912,0.265522
-2.48614,0.947998,-1.95648,0.120843,2.14895,2.59597,-1.88849,0.450222,0.67591,-0.58019,-1.10869,0.407954,-0.570286,0.27438,-0.351896,-1.72798,0.663092,2.44498,-2.4704,-0.0650579
-1.21868,2.22041,-0.35578,0.0870998,1.13817,0.467761,1.34582,-2.62628,0.0365264,-0.67434,-1.50865,2.1497,1.21771,0.651419,-0.95639,-1.12109,-0.0463126,0.450036,0.307676,1.35328
-0.130155,0.597746,0.378315,0.817937,2.19215,1.80051,-1.86043,2.41345,0.938669,1.18042,1.73481,1.44471,-1.77541,1.36746,0.75409,1.27847,0.0261569,0.880517,-2.02794,-0.0905249
-1.81584,0.738218,-0.553253,0.873719,0.414931,1.74128,-0.495043,0.237036,0.00377858,-0.0614265,0.301428,-0.348575,-0.0532306,-0.328971,-0.464426,-0.370568,0.0462761,0.88155,-0.0321917,0.281945
-1.46251,-0.405446,0.201081,0.32632,-1.12225,0.64332,0.0684637,2.08876,0.370517,-0.267051,1.16165,-0.864697,-0.280322,0.854871,0.379767,2.29266,-0.509059,-0.225357,0.429871,-0.397134
-1.73359,-0.510921,1.5595,1.60601,-0.463008,0.798584,-0.42725,1.22633,0.0951852,0.770946,1.87251,-1.10284,0.0163253,-0.0781893,-0.0861797,1.1554,-0.154668,-0.200319,0.470155,0.128384
2.35281,0.296216,0.900982,1.79901,0.94794,-0.0553157,0.300437,1.43647,0.245813,0.814884,1.92432,2.04718,-1.95088,0.571672,1.72071,2.092,-0.3767,-0.464594,-1.05246,0.0179245