0.698512,-2.91819,0.569323,0.174084,-0.850662,-1.82652,-1.57017,0.25098,-0.705415,-0.228025,-0.0945162,-2.01584,-0.550243,-0.816612,0.103772,0.250341,-0.192491,-1.07145,0.183863,-0.546102
0.0894134,-0.236993,1.37025,0.496195,-0.825626,0.291833,0.0267016,0.262807,-0.497839,1.90394,1.91997,-1.44915,-0.0899146,-0.576232,0.112383,0.717398,-0.452964,-0.47957,1.0069,0.734566
-0.211351,-1.32921,-0.588026,0.627778,0.14631,-0.0715937,-2.23533,-0.405109,-1.2655,0.0562236,-0.229047,-1.89138,-1.49467,-1.00471,-0.0334058,0.111353,-0.89536,-0.149845,-0.274193,0.71331
1.13499,-0.188103,-0.512813,0.855369,1.89599,0.659169,-1.45693,1.84776,0.357005,0.481433,0.568266,0.922214,-2.39542,0.328839,1.60844,0.482758,-0.101583,0.743401,-2.4494,-0.325955
-2.12048,-0.115218,-1.92753,1.45648,2.16604,0.678732,-1.78329,-1.2986,-0.358151,-2.53015,-2.6709,0.624802,-0.46058,-0.695235,-1.01974,-2.24508,0.23766,0.945684,-1.0085,0.171589
-2.70771,-0.364824,-0.589172,0.264933,0.554094,0.386561,-2.14712,-2.00591,-0.625196,-1.59148,-1.92433,-0.748605,0.840242,-0.347261,-2.18467,-1.45915,0.108323,0.384876,0.0102089,0.501502
1.31819,-0.599315,1.89959,0.102193,1.31647,0.0511437,-2.57543,0.474985,0.0372864,2.23896,1.44859,0.0636263,-1.22963,0.307092,0.315124,0.211009,0.203299,0.182687,-2.29014,0.187287
0.123891,2.26708,-0.729161,0.298149,2.03131,0.954101,0.900697,-1.40472,0.430136,-0.387801,-1.17698,2.58024,0.438948,-0.094616,-0.372736,-2.18486,0.730417,0.983174,-0.706778,0.391809
-2.48306,1.148,-1.95429,0.0641883,2.15528,2.60233,-1.89231,0.514273,0.680427,-0.773185,-1.22431,0.534462,-0.639063,0.276043,-0.357929,-1.72262,0.66586,2.43933,-2.47244,-0.140167
-1.22066,2.22525,-0.463906,0.0834378,1.14139,0.503598,1.34467,-2.62481,0.0428956,-0.834598,-1.51015,2.14482,1.22154,0.65297,-1.11553,-1.23652,-0.0443506,0.418325,0.414223,1.35455
-0.121373,0.666738,0.529685,1.06254,2.1864,1.80113,-1.86104,2.41268,0.941779,1.18297,1.7322,1.45153,-1.78491,1.36703,0.934204,1.28171,0.0800859,1.00706,-2.47849,-0.147103
-1.82226,0.784322,-0.524928,0.87605,0.527357,1.72836,-0.528237,0.271006,-0.00460521,-0.0429264,0.196346,-0.326962,-0.124894,-0.323516,-0.421601,-0.405553,0.0128467,0.891013,-0.112932,0.343085
-1.46343,-0.488437,0.196155,0.443401,-1.11898,0.670127,0.0391006,2.09256,0.369988,-0.101508,1.31219,-0.983136,-0.240311,0.850641,0.402112,2.29018,-0.510913,-0.114261,0.467071,-0.375495
-1.73076,-0.510969,1.5673,1.60396,-0.455056,0.851077,-0.429886,1.23082,0.0764351,0.859639,1.86909,-1.10252,0.0444628,0.0191268,-0.163964,1.1555,-0.200844,-0.193709,0.553367,0.19475
2.353,0.31522,1.04733,1.80237,1.18001,-0.0703814,0.233889,1.71324,0.308338,1.00652,1.92253,2.03936,-1.9456,0.667163,1.73506,2.0968,-0.456924,-0.551318,-1.05594,-0.0266809