0.693364,-2.91581,0.599264,0.142057,-0.857604,-1.82667,-1.57133,0.252867,-0.720027,-0.22338,-0.097427,-2.0187,-0.564053,-0.813476,0.0994599,0.250669,-0.211974,-1.07377,0.1763,-0.558725
0.0917696,-0.221468,1.42443,0.498123,-0.859856,0.26896,0.050373,0.276358,-0.512746,1.90561,1.91949,-1.45014,-0.0966318,-0.573676,0.123001,0.76185,-0.477206,-0.518793,1.00832,0.73535
-0.228007,-1.36488,-0.586573,0.630092,0.136797,-0.0675973,-2.23547,-0.404669,-1.26616,0.0532378,-0.228192,-1.89127,-1.49544,-1.00565,-0.0460903,0.110459,-0.896664,-0.136718,-0.264694,0.712302
1.15574,-0.189572,-0.50466,0.884167,1.89578,0.684481,-1.47689,1.84843,0.35231,0.504561,0.595659,0.940207,-2.39549,0.325134,1.6077,0.513823,-0.0952563,0.752653,-2.45007,-0.332349
-2.12067,-0.0969721,-1.9293,1.45582,2.16689,0.725968,-1.78264,-1.33588,-0.360929,-2.52957,-2.66896,0.644489,-0.457763,-0.695511,-1.05167,-2.24623,0.242035,0.979162,-1.02628,0.186163
-2.70791,-0.38708,-0.60116,0.259606,0.565215,0.389668,-2.14784,-2.00663,-0.625322,-1.59211,-1.92516,-0.777734,0.82165,-0.355584,-2.18351,-1.51708,0.108211,0.416625,-0.0215284,0.515103
1.31789,-0.617621,1.89991,0.149649,1.31842,0.0712017,-2.5752,0.545793,0.0502728,2.23837,1.49201,0.0747788,-1.24241,0.320685,0.333249,0.219492,0.206261,0.179963,-2.28989,0.173802
0.112193,2.27114,-0.745669,0.29492,2.03053,0.957097,0.898829,-1.43792,0.429211,-0.414292,-1.21508,2.58029,0.440335,-0.0948203,-0.372328,-2.18649,0.735298,0.979884,-0.731303,0.411888
-2.48187,1.19964,-1.9551,0.049589,2.15644,2.60247,-1.89232,0.520948,0.680946,-0.821481,-1.25437,0.550903,-0.638338,0.278571,-0.342844,-1.72143,0.668152,2.43996,-2.4727,-0.160043
-1.2201,2.22535,-0.487016,0.0837759,1.14224,0.504283,1.34538,-2.62481,0.0453262,-0.86689,-1.51159,2.14282,1.22174,0.654352,-1.14216,-1.25588,-0.0436554,0.403236,0.437924,1.35517
-0.11707,0.676252,0.564623,1.1231,2.18444,1.80139,-1.86203,2.41282,0.942197,1.18401,1.73113,1.4535,-1.78687,1.3672,0.960891,1.28194,0.0907718,1.0381,-2.5718,-0.160497
-1.82227,0.799662,-0.518449,0.8761,0.551842,1.72909,-0.536598,0.275363,-0.00524145,-0.0412737,0.173189,-0.325883,-0.139844,-0.32428,-0.405424,-0.413827,0.00866206,0.896681,-0.13562,0.353203
-1.46389,-0.50157,0.199659,0.463428,-1.1182,0.672109,0.0327992,2.09399,0.369378,-0.0604033,1.3437,-1.00604,-0.230856,0.850301,0.399303,2.28852,-0.512578,-0.0910612,0.474283,-0.368771
-1.73134,-0.509012,1.5683,1.60298,-0.450823,0.86056,-0.430111,1.23076,0.0697447,0.877737,1.87036,-1.10212,0.0528985,0.0326805,-0.184508,1.15515,-0.214537,-0.194868,0.570188,0.211931
2.35359,0.328225,1.08048,1.80423,1.23917,-0.0716136,0.213464,1.76132,0.321547,1.04769,1.92144,2.03755,-1.94381,0.696329,1.73706,2.09849,-0.464624,-0.57218,-1.05657,-0.03753