0.71409,-2.93352,0.618038,0.0870887,-0.913017,-1.81741,-1.57294,0.21657,-0.742185,-0.186936,-0.0831778,-2.00459,-0.567509,-0.811142,0.0495484,0.248961,-0.22575,-1.06176,0.16093,-0.56714
0.116779,-0.227565,1.51494,0.499585,-0.964581,0.198915,0.117208,0.29931,-0.535181,1.90999,1.92456,-1.44406,-0.0994779,-0.567742,0.13996,0.887165,-0.521157,-0.608579,1.01701,0.737989
-0.290247,-1.41869,-0.583129,0.616567,0.106291,-0.0569147,-2.23459,-0.406023,-1.26638,0.0284456,-0.239677,-1.89486,-1.49473,-1.00625,-0.079937,0.111009,-0.898246,-0.123172,-0.235766,0.710208
1.19992,-0.14863,-0.438431,0.942312,1.90419,0.73623,-1.52212,1.85045,0.325201,0.554049,0.645921,0.964624,-2.39543,0.309382,1.61146,0.581497,-0.0952238,0.743744,-2.44548,-0.356502
-2.12595,-0.0223965,-1.92236,1.45129,2.17577,0.840133,-1.7816,-1.4102,-0.369147,-2.52929,-2.67567,0.678879,-0.461765,-0.694607,-1.12879,-2.24952,0.235568,1.05121,-1.05698,0.221532
-2.70869,-0.450578,-0.645885,0.262274,0.572562,0.402119,-2.15076,-2.00711,-0.62412,-1.59278,-1.92047,-0.841961,0.773167,-0.379956,-2.1833,-1.65538,0.106379,0.505843,-0.117905,0.553443
1.31702,-0.647451,1.90623,0.257745,1.32625,0.120952,-2.57118,0.772614,0.0714995,2.23435,1.61728,0.0828942,-1.26948,0.348516,0.393884,0.243246,0.19854,0.152672,-2.29333,0.12024
0.0738961,2.27214,-0.767055,0.269522,2.03358,0.957033,0.894336,-1.49628,0.420647,-0.504839,-1.32743,2.58005,0.429771,-0.0910809,-0.368253,-2.19059,0.725748,0.974114,-0.784895,0.43683
-2.47332,1.26313,-1.96414,0.0552547,2.14482,2.60482,-1.88959,0.481176,0.678577,-0.94634,-1.29203,0.604376,-0.580366,0.279365,-0.324542,-1.71851,0.67442,2.45585,-2.47734,-0.188471
-1.21674,2.21524,-0.57002,0.101518,1.13844,0.512221,1.34898,-2.6281,0.0538876,-0.949234,-1.50782,2.14709,1.22071,0.654804,-1.21506,-1.29022,-0.0408623,0.382369,0.501895,1.35746
-0.108183,0.702313,0.666056,1.29398,2.18087,1.80248,-1.869,2.41667,0.94369,1.18937,1.72631,1.46191,-1.79143,1.36859,1.01245,1.27911,0.111105,1.11046,-2.80068,-0.203809
-1.8204,0.821424,-0.505588,0.87485,0.610667,1.73578,-0.556138,0.267871,-0.00491803,-0.0461753,0.11948,-0.314439,-0.171153,-0.327823,-0.359295,-0.42787,0.000723116,0.926057,-0.21327,0.37745
-1.46461,-0.497569,0.235758,0.492442,-1.11003,0.663866,0.0114801,2.0952,0.366364,0.0495316,1.42083,-1.0814,-0.201407,0.851745,0.397241,2.28527,-0.516419,-0.0608245,0.499468,-0.355498
-1.73154,-0.465267,1.57282,1.60349,-0.425114,0.873649,-0.428516,1.22915,0.0454533,0.910395,1.86536,-1.10889,0.071043,0.0541727,-0.232052,1.15876,-0.258025,-0.213167,0.600028,0.250826
2.35814,0.305107,1.11666,1.81165,1.3814,-0.0553607,0.157613,1.83092,0.364595,1.16567,1.93269,2.04207,-1.93843,0.794238,1.72942,2.09948,-0.440167,-0.574186,-1.06449,-0.0419624