0.740494,-2.92906,0.606046,0.0434739,-0.949629,-1.81926,-1.57588,0.196351,-0.757282,-0.161177,-0.082854,-2.00635,-0.556544,-0.810411,0.00163848,0.24403,-0.224639,-1.06901,0.185098,-0.563344
0.134478,-0.252818,1.54049,0.491982,-0.999231,0.146431,0.137875,0.332146,-0.545226,1.90835,1.92746,-1.44242,-0.100186,-0.564387,0.150596,0.940302,-0.54304,-0.665938,1.02913,0.736485
-0.329405,-1.43668,-0.586142,0.61277,0.0785502,-0.0488731,-2.23321,-0.40705,-1.26622,0.0100665,-0.253109,-1.89617,-1.49172,-1.00525,-0.104359,0.111878,-0.896933,-0.121137,-0.227655,0.711742
1.22832,-0.12073,-0.391811,0.969876,1.90496,0.76459,-1.54737,1.84702,0.311265,0.580691,0.6731,0.969066,-2.39585,0.303567,1.61275,0.6209,-0.0918405,0.733688,-2.43777,-0.371356
-2.12503,0.0232027,-1.92426,1.45188,2.17312,0.900036,-1.7814,-1.44317,-0.371987,-2.52843,-2.67383,0.687433,-0.468301,-0.693178,-1.16786,-2.24981,0.230231,1.08899,-1.06322,0.245386
-2.70828,-0.483031,-0.682311,0.268224,0.574085,0.408325,-2.15282,-2.00651,-0.623337,-1.59477,-1.92002,-0.869341,0.747802,-0.396127,-2.18266,-1.73065,0.104698,0.55117,-0.169452,0.573662
1.31491,-0.658813,1.91158,0.332353,1.30568,0.151941,-2.56375,0.89815,0.0755939,2.2342,1.68362,0.0680553,-1.28798,0.347342,0.433202,0.282862,0.194302,0.144401,-2.31137,0.0769777
0.0548833,2.26883,-0.789289,0.247284,2.03585,0.960876,0.893193,-1.51755,0.417002,-0.564912,-1.37763,2.58015,0.428866,-0.0885884,-0.367991,-2.19106,0.715293,0.974891,-0.788008,0.438895
-2.47919,1.29893,-1.95368,0.0874956,2.13444,2.60442,-1.88368,0.429232,0.675578,-1.03277,-1.31324,0.631717,-0.536162,0.272574,-0.329806,-1.7166,0.670993,2.4527,-2.4897,-0.204724
-1.21885,2.21791,-0.620438,0.115056,1.13689,0.525472,1.34939,-2.62752,0.0538506,-1.0028,-1.50999,2.14714,1.21898,0.653576,-1.25521,-1.29941,-0.0419305,0.385322,0.537787,1.35633
-0.101878,0.702153,0.697325,1.36209,2.20865,1.80017,-1.87885,2.42748,0.944617,1.18941,1.74003,1.45773,-1.78014,1.37956,1.03401,1.26883,0.117754,1.12042,-2.83445,-0.22285
-1.82102,0.830815,-0.49567,0.876844,0.636528,1.7327,-0.567916,0.255647,-0.00323733,-0.0609342,0.0931693,-0.299101,-0.185931,-0.328684,-0.333407,-0.433397,-0.00886951,0.938493,-0.275319,0.38788
-1.46529,-0.489007,0.270027,0.502816,-1.12158,0.65814,0.006431,2.0897,0.365989,0.113782,1.46776,-1.12692,-0.180599,0.849659,0.398775,2.28778,-0.514343,-0.0506099,0.503564,-0.346849
-1.73115,-0.42355,1.57308,1.60722,-0.424054,0.87827,-0.4256,1.22509,0.0348783,0.924805,1.86214,-1.10992,0.0841283,0.0582082,-0.257154,1.16328,-0.273746,-0.211162,0.579438,0.269799
2.35367,0.30132,1.1481,1.81359,1.42348,-0.0450954,0.139792,1.83989,0.377173,1.21874,1.92393,2.04237,-1.94379,0.836619,1.7295,2.10253,-0.422156,-0.553837,-1.0798,-0.0447777