0.752947,-2.92647,0.598628,0.0205566,-0.967303,-1.82116,-1.57423,0.188209,-0.764849,-0.148728,-0.0843091,-2.00873,-0.548954,-0.811369,-0.02224,0.245087,-0.223142,-1.06963,0.200194,-0.561042
0.142655,-0.267525,1.55054,0.492764,-1.01034,0.120365,0.141278,0.350371,-0.550684,1.90708,1.92772,-1.44257,-0.102714,-0.56586,0.156621,0.960121,-0.552749,-0.692183,1.02479,0.734889
-0.346671,-1.44388,-0.586512,0.613012,0.0671418,-0.0450848,-2.2331,-0.406437,-1.26681,0.00173196,-0.260207,-1.89696,-1.49007,-1.00499,-0.117224,0.112042,-0.896857,-0.121304,-0.227113,0.712682
1.24311,-0.107835,-0.368564,0.980347,1.90424,0.77985,-1.56308,1.84667,0.30765,0.593759,0.68482,0.971391,-2.39824,0.302054,1.61294,0.640339,-0.087782,0.731635,-2.43349,-0.380574
-2.12479,0.0436014,-1.92496,1.4522,2.17052,0.92755,-1.782,-1.45858,-0.373606,-2.52857,-2.67248,0.690457,-0.472179,-0.693157,-1.18517,-2.2507,0.228075,1.10846,-1.06552,0.257504
-2.70817,-0.497257,-0.70053,0.270449,0.577452,0.412102,-2.153,-2.0067,-0.622892,-1.59493,-1.92076,-0.879669,0.736169,-0.404158,-2.18287,-1.76285,0.105003,0.571165,-0.188727,0.581867
1.31443,-0.664745,1.90992,0.372145,1.3033,0.16868,-2.56542,0.952476,0.0765524,2.23564,1.70994,0.0619415,-1.30288,0.34085,0.451541,0.307422,0.193499,0.141839,-2.30798,0.0564731
0.0477073,2.27024,-0.801941,0.23863,2.0335,0.963879,0.893464,-1.52718,0.415832,-0.594866,-1.39719,2.57945,0.430483,-0.0889653,-0.367655,-2.19007,0.711682,0.975495,-0.784083,0.437248
-2.48094,1.31648,-1.95395,0.106052,2.13559,2.6053,-1.88324,0.399998,0.675754,-1.07475,-1.3294,0.645849,-0.518548,0.271639,-0.335839,-1.71699,0.670721,2.44981,-2.48853,-0.211867
-1.21974,2.21858,-0.643415,0.121542,1.13608,0.53277,1.34945,-2.62758,0.0533905,-1.02892,-1.51064,2.14721,1.21813,0.653636,-1.27172,-1.3017,-0.0421321,0.387976,0.55294,1.35587
-0.0951476,0.702406,0.704142,1.38619,2.20792,1.79798,-1.87514,2.42483,0.94226,1.1858,1.74081,1.45182,-1.77674,1.37831,1.04347,1.27108,0.118307,1.12033,-2.82621,-0.231858
-1.82063,0.837408,-0.49244,0.877866,0.647303,1.73101,-0.575346,0.250204,-0.00195627,-0.0690285,0.0816262,-0.291043,-0.192247,-0.327382,-0.322833,-0.436812,-0.0139036,0.941818,-0.306512,0.392257
-1.46558,-0.484643,0.289311,0.508509,-1.12547,0.657084,0.00495208,2.08929,0.366828,0.144199,1.48888,-1.14289,-0.17428,0.849919,0.400792,2.28696,-0.514044,-0.047289,0.49922,-0.341542
-1.73118,-0.40271,1.57253,1.60597,-0.424248,0.881351,-0.426283,1.22648,0.0314243,0.932935,1.86128,-1.1092,0.090761,0.0580414,-0.268024,1.16305,-0.278689,-0.207589,0.563975,0.277981
2.35284,0.302327,1.16741,1.81151,1.43058,-0.0395251,0.137436,1.83841,0.380597,1.24217,1.92305,2.04377,-1.94414,0.849111,1.72893,2.10244,-0.414621,-0.545427,-1.07748,-0.0448154