0.764187,-2.92497,0.59205,-0.00179519,-0.984654,-1.82269,-1.57261,0.180011,-0.771866,-0.136537,-0.0856823,-2.0108,-0.540744,-0.812304,-0.0457709,0.246462,-0.220854,-1.06948,0.213684,-0.558928
0.150318,-0.282287,1.56004,0.493985,-1.02009,0.0949264,0.143023,0.367336,-0.556398,1.90621,1.92805,-1.44361,-0.106049,-0.567428,0.16209,0.978244,-0.561683,-0.717464,1.02046,0.733812
-0.362325,-1.45023,-0.586405,0.614032,0.057629,-0.0412751,-2.23359,-0.406031,-1.26742,-0.00610492,-0.267657,-1.89685,-1.48917,-1.00502,-0.129978,0.112295,-0.896697,-0.121602,-0.228004,0.713358
1.25767,-0.0950412,-0.345146,0.989173,1.90276,0.795826,-1.58061,1.84703,0.30607,0.607241,0.69483,0.974707,-2.40041,0.30139,1.61223,0.658694,-0.0827192,0.731029,-2.43238,-0.390806
-2.12452,0.0628532,-1.92578,1.45262,2.16907,0.95411,-1.7826,-1.47411,-0.375297,-2.52855,-2.67148,0.693438,-0.475559,-0.693238,-1.20119,-2.25127,0.225823,1.12802,-1.06857,0.269224
-2.7082,-0.510578,-0.718299,0.272198,0.582351,0.416394,-2.15248,-2.00675,-0.622822,-1.59533,-1.92115,-0.888465,0.724517,-0.412133,-2.18327,-1.79165,0.105035,0.589824,-0.204828,0.58927
1.3145,-0.671458,1.90811,0.412218,1.30325,0.18589,-2.56788,1.00373,0.0779818,2.23695,1.73329,0.0584288,-1.32118,0.333272,0.469748,0.331705,0.192674,0.139595,-2.30372,0.0369396
0.0418389,2.2717,-0.81411,0.232441,2.03183,0.966655,0.893661,-1.53648,0.414975,-0.624902,-1.41516,2.57883,0.432982,-0.0894976,-0.367843,-2.18911,0.709041,0.976302,-0.779341,0.434641
-2.4817,1.33285,-1.95492,0.123653,2.13833,2.60557,-1.88401,0.370632,0.676096,-1.11492,-1.34801,0.660801,-0.503276,0.271762,-0.343391,-1.71787,0.670389,2.44795,-2.48584,-0.218675
-1.2204,2.21894,-0.665247,0.127947,1.13611,0.539673,1.34961,-2.62752,0.0532276,-1.05407,-1.51112,2.147,1.21754,0.653808,-1.28606,-1.30302,-0.0422425,0.391072,0.566962,1.35553
-0.0865556,0.704588,0.709803,1.4076,2.2056,1.79759,-1.87095,2.42168,0.940602,1.18326,1.74011,1.44855,-1.7754,1.37577,1.05229,1.27469,0.118329,1.1196,-2.8153,-0.240665
-1.8203,0.844747,-0.48999,0.878786,0.658332,1.73005,-0.583823,0.244989,-0.000958846,-0.0767344,0.07034,-0.283651,-0.198544,-0.326159,-0.313676,-0.440577,-0.018442,0.945261,-0.335557,0.395981
-1.46524,-0.479364,0.308687,0.514877,-1.12689,0.65632,0.00232101,2.08966,0.367794,0.174341,1.50847,-1.15455,-0.170461,0.850665,0.403635,2.28606,-0.514429,-0.0448393,0.492815,-0.335679
-1.73151,-0.382443,1.57246,1.60468,-0.423697,0.885128,-0.427484,1.22799,0.0284756,0.942069,1.86097,-1.1078,0.096663,0.0571753,-0.277762,1.16219,-0.282456,-0.203736,0.549275,0.285864
2.3527,0.303628,1.18691,1.80984,1.43409,-0.0337628,0.136669,1.83552,0.383503,1.26527,1.92337,2.04442,-1.94366,0.85819,1.72902,2.10168,-0.408295,-0.539347,-1.07391,-0.0439949