0.783568,-2.9241,0.58277,-0.0444132,-1.01611,-1.82394,-1.57129,0.162666,-0.783381,-0.112204,-0.0871255,-2.01285,-0.523572,-0.812808,-0.0917901,0.247529,-0.214477,-1.06881,0.235292,-0.555403
0.164913,-0.31053,1.57805,0.495862,-1.03668,0.0460213,0.146523,0.395966,-0.567603,1.90555,1.92828,-1.44603,-0.113636,-0.56825,0.169985,1.0125,-0.577602,-0.765722,1.01702,0.732961
-0.389947,-1.46102,-0.586018,0.616321,0.0430882,-0.0326711,-2.23497,-0.406191,-1.26795,-0.0199976,-0.283623,-1.89551,-1.48878,-1.00572,-0.154239,0.113175,-0.896277,-0.121375,-0.230313,0.713532
1.28498,-0.0681931,-0.297577,1.00437,1.89972,0.828062,-1.61584,1.84832,0.306242,0.634358,0.710391,0.983733,-2.40254,0.301551,1.60955,0.690549,-0.0720642,0.731144,-2.43626,-0.41197
-2.12423,0.0993518,-1.92669,1.45292,2.169,1.00501,-1.78336,-1.5058,-0.377923,-2.52793,-2.67132,0.699126,-0.479631,-0.693482,-1.22974,-2.2515,0.221359,1.16602,-1.07686,0.290723
-2.70812,-0.535607,-0.752161,0.27569,0.59332,0.426183,-2.15089,-2.00685,-0.623278,-1.59692,-1.92063,-0.902717,0.700513,-0.427457,-2.18398,-1.84123,0.104451,0.624432,-0.233094,0.60303
1.31526,-0.686336,1.90605,0.4912,1.30572,0.220281,-2.57075,1.10136,0.0830339,2.23789,1.77441,0.0574032,-1.36374,0.319712,0.506683,0.376201,0.190148,0.135174,-2.29909,0.000315623
0.0336321,2.27269,-0.835464,0.225593,2.03102,0.971043,0.894035,-1.55396,0.413962,-0.684858,-1.44872,2.57847,0.439421,-0.0904102,-0.369118,-2.18769,0.705139,0.977673,-0.769974,0.427503
-2.48151,1.36284,-1.95624,0.153883,2.14292,2.60498,-1.88635,0.314757,0.676435,-1.19021,-1.38808,0.690795,-0.476558,0.273797,-0.359901,-1.7201,0.670147,2.44737,-2.48065,-0.232267
-1.22089,2.21922,-0.706256,0.140941,1.1368,0.551069,1.35016,-2.62706,0.0541259,-1.10084,-1.51184,2.14623,1.21713,0.654101,-1.30952,-1.3039,-0.0423673,0.397908,0.59288,1.35546
-0.0671536,0.712183,0.723742,1.44568,2.20181,1.79899,-1.86706,2.41755,0.940121,1.18271,1.73742,1.4484,-1.77623,1.37165,1.06826,1.28004,0.119504,1.1184,-2.80059,-0.258
-1.81993,0.85991,-0.486208,0.880201,0.681142,1.73,-0.602411,0.234082,-0.000355238,-0.090861,0.0471335,-0.271603,-0.211292,-0.325184,-0.298538,-0.44871,-0.0255357,0.953483,-0.387775,0.401668
-1.4638,-0.465075,0.345541,0.528924,-1.12557,0.654266,-0.00669111,2.09071,0.36855,0.234057,1.544,-1.17035,-0.167421,0.851868,0.409778,2.28538,-0.515392,-0.0411693,0.477685,-0.322619
-1.73252,-0.343085,1.573,1.60313,-0.421592,0.893132,-0.429138,1.22972,0.0224474,0.962769,1.86107,-1.10545,0.105033,0.0538474,-0.294319,1.16112,-0.287861,-0.197105,0.524881,0.301238
2.35344,0.306766,1.22396,1.80887,1.4393,-0.0231727,0.13402,1.82907,0.389014,1.3102,1.92526,2.04404,-1.94219,0.8726,1.73048,2.09949,-0.399374,-0.532243,-1.06874,-0.0405345