0.792356,-2.92414,0.579748,-0.0647524,-1.03003,-1.82397,-1.57141,0.153833,-0.787962,-0.0996299,-0.0873428,-2.01298,-0.514962,-0.812495,-0.114302,0.247261,-0.210643,-1.06862,0.244686,-0.553732
0.172161,-0.323818,1.58655,0.49645,-1.04365,0.0224737,0.14885,0.408182,-0.572802,1.90578,1.92806,-1.44672,-0.117791,-0.567704,0.172584,1.02855,-0.584661,-0.788549,1.01735,0.732869
-0.402558,-1.46561,-0.585898,0.617079,0.0373643,-0.0277708,-2.23538,-0.406573,-1.26789,-0.025906,-0.291915,-1.89495,-1.48884,-1.00623,-0.165682,0.113646,-0.8961,-0.120631,-0.230792,0.713396
1.29759,-0.0538176,-0.273564,1.01145,1.89891,0.843585,-1.63129,1.84882,0.306747,0.647163,0.716586,0.988689,-2.40264,0.301834,1.6084,0.70419,-0.0672893,0.730784,-2.43861,-0.421943
-2.12432,0.117154,-1.92669,1.45276,2.16953,1.02933,-1.78347,-1.52159,-0.378621,-2.52747,-2.67188,0.701512,-0.480369,-0.693589,-1.24229,-2.25144,0.219356,1.18404,-1.08164,0.300471
-2.708,-0.547757,-0.768489,0.278032,0.598262,0.431637,-2.15042,-2.00697,-0.623472,-1.59779,-1.91998,-0.908497,0.688413,-0.434622,-2.18411,-1.86294,0.104159,0.640758,-0.246903,0.60962
1.31548,-0.694119,1.90594,0.529322,1.3071,0.237081,-2.57094,1.14858,0.0861575,2.23773,1.79313,0.0582825,-1.38616,0.314338,0.52536,0.396815,0.188517,0.132829,-2.29862,-0.0170202
0.0309288,2.27256,-0.844794,0.223727,2.03124,0.972819,0.894185,-1.56217,0.413653,-0.714376,-1.4644,2.57859,0.443033,-0.0907711,-0.369638,-2.18723,0.703478,0.978019,-0.765551,0.423154
-2.48117,1.37691,-1.9565,0.166825,2.14393,2.60475,-1.88713,0.288824,0.676377,-1.22589,-1.40797,0.704626,-0.46422,0.27505,-0.367786,-1.72117,0.670293,2.44781,-2.47899,-0.239196
-1.22088,2.21925,-0.725674,0.147718,1.13687,0.555519,1.35045,-2.62684,0.0549313,-1.12257,-1.51216,2.14597,1.21707,0.654222,-1.31928,-1.30379,-0.0424071,0.401415,0.604826,1.35561
-0.057542,0.716477,0.732583,1.46284,2.20048,1.79963,-1.86715,2.41678,0.940729,1.18363,1.73618,1.44962,-1.77708,1.37062,1.07557,1.28123,0.120997,1.11784,-2.79742,-0.266718
-1.81981,0.86728,-0.484551,0.880575,0.692319,1.73028,-0.611979,0.228185,-0.000507346,-0.0978032,0.0352451,-0.266756,-0.217466,-0.325239,-0.292125,-0.453044,-0.0282566,0.957842,-0.411994,0.403717
-1.46333,-0.456403,0.36277,0.535813,-1.12435,0.652915,-0.0121316,2.09102,0.368291,0.263279,1.56035,-1.17667,-0.166926,0.852018,0.412296,2.28557,-0.515646,-0.0395465,0.469566,-0.315574
-1.73288,-0.323753,1.5733,1.60281,-0.420729,0.896526,-0.429367,1.22994,0.0192058,0.973799,1.86122,-1.10497,0.107481,0.0513996,-0.301541,1.16109,-0.289922,-0.194619,0.514329,0.30882
2.35385,0.308695,1.2413,1.80905,1.44282,-0.0187202,0.130913,1.82602,0.391563,1.33119,1.92629,2.04363,-1.94172,0.880044,1.73127,2.09847,-0.396442,-0.529914,-1.06749,-0.0382246