0.265274,-2.9666,0.212188,0.156503,-0.305357,-1.83142,-1.58266,0.144588,-0.0960979,-0.108436,-0.0790066,-2.05481,-0.176913,-0.773921,0.0661124,0.21794,-0.0935722,-1.07725,0.184455,-0.140861
-0.0943644,-0.223865,0.257368,0.533403,-0.126289,0.321487,-0.184483,-0.0686997,-0.161734,1.94848,1.92125,-1.47377,0.220408,-0.578668,0.17225,0.125716,-0.288625,0.0687602,1.00994,0.750994
-0.0497137,-0.517527,-0.583936,0.202802,-0.0390519,-0.156131,-2.26618,-0.411119,-1.30539,0.0805505,-0.0276778,-1.90974,-1.48055,-1.01381,-0.386058,0.125351,-0.92067,-0.171735,-0.0821539,0.716202
0.474479,-0.12863,-0.170828,-0.0568703,1.90123,-0.0565223,-0.461885,1.86581,0.119325,-0.265643,0.222288,0.348386,-2.43015,0.0929143,1.61415,-0.00691987,-0.16636,0.29629,-2.46235,0.0169558
-2.15934,-0.180001,-1.9422,1.46208,2.17653,0.166221,-1.79131,-0.450781,-0.046942,-2.55865,-2.70615,0.0969215,-0.042516,-0.736904,-0.281209,-2.2575,-0.115618,0.252076,-0.279745,-0.0578411
-2.71576,0.002813,-0.0875009,0.146512,0.180369,0.0394592,-2.18022,-2.00511,-0.602252,-1.59165,-1.94691,-0.136599,0.437016,-0.111764,-2.24634,-0.321223,0.105683,-0.0448486,0.132765,0.223968
1.31985,-0.236194,1.92037,-0.343729,1.31879,-0.00641448,-2.5911,-0.0916793,-0.281501,2.25747,0.402032,-0.00437529,-0.324433,0.096649,0.016202,0.0969385,0.0107081,0.0882628,-2.32946,0.277144
0.105955,2.28494,-0.192177,-0.0917717,2.06585,0.330149,0.911971,-0.310087,0.227255,-0.0734183,-0.285837,2.58826,-0.165932,-0.0600307,-0.33319,-2.21928,0.418059,0.968247,-0.203398,-0.0647639
-2.50884,0.437033,-1.977,0.014563,2.17977,2.6389,-1.90191,0.125114,0.68185,-0.1661,-0.426193,0.114867,-0.138161,0.267514,-0.145382,-1.7377,0.667168,2.46183,-2.49213,0.0424599
-1.22605,2.23739,-0.01712,0.020968,1.14904,0.260591,1.35083,-2.66326,0.244929,0.0858013,-1.51409,2.17738,1.23668,0.676017,-0.245871,-0.383222,-0.0542566,0.112196,-0.0158906,1.3562
-0.117504,0.184532,-0.0374441,0.164529,2.22237,1.80923,-1.88367,2.45056,0.936537,1.18968,1.76326,1.46935,-1.77144,1.37539,-0.00835351,1.28585,-0.00250824,0.34401,-0.426937,0.0966979
-1.84121,0.410486,-0.23237,0.901263,0.18323,1.73102,-0.279572,0.152864,-0.0237039,-0.100197,0.111069,-0.22889,0.331571,-0.263002,-0.187251,-0.0220604,0.105726,0.39203,0.0647778,0.0705872
-1.48184,-0.139283,0.150762,0.053038,-1.11719,0.353169,0.0928537,2.08763,0.382276,-0.266316,0.199407,-0.0697613,-0.0849735,0.874397,0.0130216,2.31291,-0.496177,-0.0956027,0.12595,-0.160542
-1.74883,-0.284769,1.58096,1.60479,-0.266264,0.190205,-0.432508,1.24134,0.0347403,0.437098,1.88628,-1.09664,-0.0428501,-0.0660917,0.0306038,1.1854,0.118799,-0.141669,0.327861,-0.13524
2.38555,0.385089,0.331655,1.81564,0.296096,-0.168579,0.156417,0.377027,0.011035,0.186872,1.93287,2.06655,-1.97746,0.347162,1.72493,2.11802,-0.075832,-0.122656,-1.06698,0.0957144