0.809401,-2.92431,0.575428,-0.103576,-1.05603,-1.82369,-1.57203,0.136927,-0.795696,-0.0727638,-0.0874954,-2.01251,-0.498126,-0.81177,-0.158281,0.246381,-0.202168,-1.06856,0.263484,-0.549853
0.186604,-0.349214,1.60217,0.497187,-1.0557,-0.0228395,0.153562,0.430539,-0.582313,1.9069,1.92719,-1.44708,-0.127085,-0.566258,0.176277,1.0572,-0.597007,-0.831125,1.01904,0.732686
-0.426293,-1.47317,-0.585718,0.617813,0.0274973,-0.0171295,-2.23562,-0.407353,-1.2676,-0.0359018,-0.308304,-1.89451,-1.48899,-1.0071,-0.187517,0.114307,-0.895845,-0.118039,-0.230658,0.713326
1.32105,-0.0232908,-0.225898,1.02507,1.89868,0.872644,-1.65607,1.84932,0.306992,0.670189,0.727145,0.997897,-2.40203,0.302254,1.6073,0.728538,-0.0594153,0.728432,-2.44101,-0.439842
-2.12474,0.152374,-1.92641,1.45232,2.17047,1.07542,-1.78333,-1.55201,-0.378954,-2.52645,-2.67326,0.705023,-0.480103,-0.693636,-1.26417,-2.25136,0.215896,1.21791,-1.09179,0.318259
-2.70774,-0.571638,-0.800881,0.284462,0.606603,0.443615,-2.15033,-2.00725,-0.623566,-1.59936,-1.91858,-0.917737,0.665144,-0.448128,-2.184,-1.90155,0.103867,0.67166,-0.274352,0.621951
1.31538,-0.710076,1.90656,0.601366,1.30912,0.269382,-2.57024,1.24002,0.0919054,2.2372,1.8279,0.0597033,-1.43094,0.30561,0.562597,0.437212,0.184882,0.127841,-2.29906,-0.0502412
0.0271307,2.27231,-0.861764,0.221102,2.03178,0.975898,0.894218,-1.57789,0.413145,-0.77174,-1.49305,2.57885,0.450878,-0.0913086,-0.369957,-2.18667,0.70059,0.978182,-0.756848,0.413259
-2.48075,1.40334,-1.9567,0.190228,2.14424,2.60482,-1.88767,0.240819,0.676021,-1.29404,-1.44557,0.72851,-0.441182,0.276963,-0.38207,-1.72288,0.670664,2.44858,-2.47748,-0.25323
-1.22077,2.21914,-0.762674,0.162092,1.13659,0.562638,1.35093,-2.62659,0.0564195,-1.16328,-1.51279,2.14583,1.217,0.654438,-1.3361,-1.30268,-0.0425276,0.40843,0.626333,1.35581
-0.0393532,0.725468,0.752719,1.49413,2.19849,1.8003,-1.86862,2.41655,0.941965,1.18535,1.73435,1.45183,-1.77814,1.36977,1.08879,1.28225,0.125123,1.11595,-2.79532,-0.284114
-1.81974,0.881412,-0.481457,0.880849,0.713376,1.73052,-0.631177,0.215825,-0.000926472,-0.112788,0.0119178,-0.258519,-0.228921,-0.325688,-0.281085,-0.462365,-0.0326638,0.965999,-0.458334,0.406372
-1.46315,-0.437433,0.395507,0.5475,-1.1225,0.649698,-0.022613,2.09123,0.367485,0.319627,1.59068,-1.1887,-0.166236,0.851798,0.41593,2.2862,-0.515879,-0.036593,0.452125,-0.300966
-1.73309,-0.285754,1.57372,1.60262,-0.419907,0.901352,-0.429364,1.22983,0.0128381,0.995776,1.86159,-1.10494,0.109725,0.0454711,-0.31457,1.16133,-0.293282,-0.191051,0.493669,0.323837
2.35426,0.313085,1.27393,1.80956,1.45234,-0.0114325,0.121313,1.81998,0.395698,1.36848,1.92806,2.04308,-1.94149,0.897344,1.7323,2.09691,-0.392451,-0.525892,-1.06674,-0.0330529