0.834462,-2.92442,0.571005,-0.157632,-1.09496,-1.82349,-1.57232,0.114483,-0.805698,-0.0269535,-0.0878616,-2.01198,-0.473535,-0.81178,-0.220981,0.245961,-0.188914,-1.06882,0.293383,-0.542195
0.206722,-0.386436,1.62192,0.497677,-1.07128,-0.085826,0.158077,0.461885,-0.594965,1.90845,1.92599,-1.44713,-0.143028,-0.564898,0.180255,1.09132,-0.61164,-0.887409,1.02042,0.732049
-0.458471,-1.48007,-0.585524,0.618364,0.0138419,-0.000220092,-2.23567,-0.408026,-1.26746,-0.0478788,-0.330784,-1.89454,-1.48898,-1.00777,-0.218614,0.114737,-0.895552,-0.11244,-0.230854,0.713667
1.35302,0.0252446,-0.157176,1.04376,1.89943,0.911514,-1.68204,1.84968,0.305293,0.698639,0.740308,1.00837,-2.40116,0.303315,1.60737,0.761315,-0.0509326,0.722262,-2.4407,-0.462603
-2.12513,0.203875,-1.92646,1.45205,2.17109,1.13824,-1.78316,-1.59369,-0.377913,-2.52507,-2.67454,0.707931,-0.477173,-0.693318,-1.29077,-2.25151,0.211727,1.2641,-1.10816,0.341153
-2.70747,-0.605162,-0.849811,0.297708,0.616996,0.463568,-2.15079,-2.0075,-0.623491,-1.60148,-1.91697,-0.926801,0.633889,-0.467778,-2.18365,-1.94953,0.103791,0.713481,-0.311895,0.637578
1.31487,-0.735387,1.90734,0.697859,1.31011,0.313388,-2.56928,1.36898,0.0978146,2.23697,1.87467,0.0574714,-1.49668,0.295673,0.6171,0.498618,0.178479,0.119748,-2.29971,-0.0969816
0.0232645,2.27256,-0.884759,0.218069,2.03213,0.979738,0.893883,-1.60035,0.41258,-0.853275,-1.52909,2.5788,0.464363,-0.0916314,-0.369849,-2.18631,0.697756,0.978042,-0.74279,0.396655
-2.481,1.43769,-1.95674,0.222651,2.14356,2.60526,-1.88717,0.176831,0.675487,-1.3878,-1.49565,0.755035,-0.41156,0.277979,-0.401233,-1.72437,0.670668,2.44874,-2.47768,-0.274232
-1.22101,2.21866,-0.813917,0.185542,1.13629,0.570927,1.35155,-2.62659,0.0576943,-1.21846,-1.51369,2.14613,1.21696,0.654397,-1.35596,-1.29855,-0.0428591,0.419095,0.652717,1.35572
-0.0131743,0.741734,0.785973,1.53511,2.19731,1.80081,-1.87021,2.41655,0.9424,1.18627,1.73288,1.4532,-1.7782,1.36925,1.10451,1.28376,0.132577,1.11045,-2.79531,-0.309137
-1.81989,0.901253,-0.477381,0.881067,0.742232,1.73018,-0.65978,0.197174,-0.00101036,-0.139037,-0.0200106,-0.248066,-0.244208,-0.326296,-0.268292,-0.47788,-0.0374239,0.976317,-0.52358,0.407411
-1.46328,-0.407601,0.44234,0.55833,-1.12166,0.64322,-0.0351863,2.09115,0.367107,0.398292,1.63049,-1.20652,-0.164935,0.851567,0.419833,2.28645,-0.516205,-0.0337184,0.422984,-0.279055
-1.73294,-0.2312,1.57403,1.60247,-0.419838,0.904956,-0.429528,1.22983,0.0048653,1.02587,1.86193,-1.10518,0.109167,0.0366287,-0.330887,1.16146,-0.297068,-0.187725,0.461452,0.345932
2.35419,0.320175,1.31856,1.81,1.47019,-0.00393827,0.102937,1.81014,0.399083,1.41145,1.92984,2.04283,-1.94198,0.9279,1.73269,2.09542,-0.389133,-0.521023,-1.06757,-0.0244653