0.848305,-2.92716,0.569316,-0.191891,-1.12044,-1.82462,-1.5699,0.100788,-0.810974,0.00785665,-0.0875028,-2.01221,-0.4575,-0.811013,-0.257543,0.24389,-0.18152,-1.06848,0.312296,-0.534553
0.217998,-0.41184,1.63307,0.497846,-1.0805,-0.124538,0.159776,0.481527,-0.602514,1.90904,1.92574,-1.44755,-0.154105,-0.564099,0.18279,1.10929,-0.61966,-0.920492,1.0205,0.731922
-0.47755,-1.48182,-0.585394,0.618924,0.00460501,0.0112212,-2.2358,-0.40833,-1.26755,-0.0542314,-0.344149,-1.89452,-1.48886,-1.00807,-0.238589,0.115015,-0.895381,-0.108049,-0.232325,0.713846
1.37106,0.0562889,-0.113519,1.0546,1.90042,0.93415,-1.6939,1.84978,0.3041,0.714904,0.748202,1.01326,-2.40133,0.305795,1.60921,0.780096,-0.0473392,0.717884,-2.44082,-0.474865
-2.12499,0.237553,-1.92676,1.4521,2.17111,1.17658,-1.78348,-1.61909,-0.376645,-2.52445,-2.67494,0.709123,-0.47398,-0.69308,-1.30594,-2.25162,0.209659,1.29238,-1.11939,0.353908
-2.7056,-0.622865,-0.882392,0.308325,0.622396,0.478534,-2.15269,-2.00727,-0.624055,-1.60325,-1.91671,-0.930534,0.615427,-0.481829,-2.18583,-1.97446,0.104455,0.738103,-0.332532,0.644844
1.3149,-0.753126,1.90757,0.755349,1.30992,0.339448,-2.56944,1.44955,0.100657,2.23696,1.90281,0.053152,-1.53975,0.291044,0.652029,0.539644,0.173347,0.113931,-2.29965,-0.126224
0.021144,2.27241,-0.899005,0.216514,2.03238,0.981901,0.894096,-1.6147,0.412557,-0.904705,-1.54922,2.57859,0.474178,-0.0914984,-0.369576,-2.18649,0.696821,0.978128,-0.732365,0.385357
-2.48213,1.45577,-1.95662,0.243074,2.1437,2.605,-1.88599,0.138388,0.675482,-1.44393,-1.52521,0.767527,-0.395542,0.278508,-0.412578,-1.72577,0.670193,2.44883,-2.4784,-0.287286
-1.22325,2.21576,-0.845081,0.201657,1.13733,0.574656,1.35402,-2.62693,0.0590403,-1.25109,-1.51362,2.14616,1.21647,0.655301,-1.36333,-1.29591,-0.0438769,0.426786,0.666346,1.35708
0.00458089,0.754914,0.809326,1.55883,2.19753,1.80101,-1.87043,2.41629,0.942309,1.18647,1.73238,1.45332,-1.77791,1.3691,1.11246,1.28481,0.138217,1.10547,-2.79582,-0.324779
-1.81924,0.914341,-0.475291,0.881479,0.760072,1.73033,-0.679168,0.1852,-0.00106001,-0.158513,-0.0393843,-0.241817,-0.253584,-0.32698,-0.262718,-0.488197,-0.0390858,0.982257,-0.56365,0.406097
-1.46308,-0.387747,0.472543,0.562167,-1.12181,0.637677,-0.0418056,2.09111,0.367175,0.446896,1.6536,-1.21806,-0.164355,0.851637,0.42232,2.28626,-0.516463,-0.0331176,0.402364,-0.2649
-1.73429,-0.198556,1.57436,1.60205,-0.418999,0.905418,-0.428431,1.22984,0.00101578,1.04401,1.86223,-1.10518,0.107146,0.032399,-0.337944,1.16026,-0.299554,-0.185913,0.439431,0.361118
2.35552,0.327046,1.34564,1.81037,1.48148,-0.000411356,0.089305,1.80319,0.399434,1.43177,1.93023,2.04297,-1.94198,0.948373,1.73093,2.09622,-0.387621,-0.519377,-1.06769,-0.0192403