0.851832,-2.93233,0.567532,-0.225686,-1.13832,-1.82393,-1.56403,0.0870394,-0.81409,0.0482553,-0.0849361,-2.01366,-0.445952,-0.808365,-0.280945,0.239725,-0.180023,-1.06648,0.325187,-0.519481
0.227216,-0.439388,1.64226,0.498287,-1.08802,-0.161767,0.162391,0.500261,-0.60907,1.90943,1.92562,-1.44839,-0.16495,-0.562959,0.185862,1.12302,-0.626944,-0.949568,1.02052,0.73211
-0.496265,-1.48227,-0.585265,0.619572,-0.00475239,0.0217752,-2.23559,-0.408652,-1.26739,-0.0586439,-0.356024,-1.89416,-1.48912,-1.00844,-0.257464,0.114774,-0.895672,-0.103405,-0.235019,0.713678
1.38061,0.0790375,-0.0705729,1.06314,1.90138,0.952211,-1.69813,1.84914,0.303642,0.729502,0.757892,1.01602,-2.40107,0.312908,1.6113,0.791628,-0.0457345,0.713334,-2.4406,-0.48171
-2.12558,0.273834,-1.92661,1.45207,2.17047,1.21202,-1.78518,-1.64393,-0.374385,-2.52393,-2.67577,0.71112,-0.468922,-0.693929,-1.31839,-2.25074,0.208651,1.31766,-1.13017,0.364065
-2.70273,-0.625738,-0.914808,0.321026,0.622322,0.498675,-2.15515,-2.00579,-0.624241,-1.60477,-1.91778,-0.932898,0.601474,-0.500786,-2.18801,-1.98586,0.105607,0.759197,-0.346005,0.646413
1.31428,-0.770449,1.9082,0.808097,1.30964,0.363381,-2.56998,1.52534,0.103535,2.23697,1.92801,0.0484162,-1.58156,0.287008,0.68608,0.581744,0.167363,0.107122,-2.29969,-0.154338
0.0189177,2.27162,-0.912992,0.216123,2.03227,0.983462,0.894896,-1.6285,0.412498,-0.953411,-1.56577,2.57815,0.483482,-0.0900909,-0.36934,-2.18807,0.695991,0.978883,-0.721182,0.37524
-2.48264,1.4648,-1.95707,0.262154,2.14448,2.60469,-1.88324,0.103166,0.675209,-1.49319,-1.55034,0.775437,-0.384486,0.279552,-0.42269,-1.72736,0.669025,2.44978,-2.47946,-0.297651
-1.22526,2.21156,-0.873737,0.216007,1.13928,0.574381,1.35794,-2.6275,0.0624744,-1.27899,-1.51221,2.14584,1.21521,0.656234,-1.35643,-1.30309,-0.0445985,0.436759,0.673706,1.35715
0.0214116,0.767766,0.832954,1.57994,2.19757,1.80105,-1.86998,2.41622,0.942219,1.18662,1.73268,1.4533,-1.77818,1.36948,1.12099,1.28433,0.14409,1.1,-2.79685,-0.339017
-1.81792,0.926573,-0.474786,0.882104,0.775828,1.73185,-0.699487,0.174099,-0.000941143,-0.179419,-0.0578417,-0.23584,-0.261276,-0.326638,-0.263405,-0.49636,-0.0385142,0.989003,-0.599878,0.402794
-1.46246,-0.369202,0.501987,0.564921,-1.12205,0.632113,-0.0481918,2.09115,0.367067,0.492126,1.67434,-1.22918,-0.16383,0.852025,0.424903,2.28592,-0.516321,-0.0328958,0.38191,-0.251038
-1.73588,-0.174371,1.57474,1.60136,-0.414012,0.90151,-0.42758,1.22966,-0.00130456,1.06212,1.86304,-1.10495,0.101235,0.0317934,-0.335545,1.15946,-0.304386,-0.18446,0.415406,0.378043
2.35768,0.342412,1.36984,1.81082,1.48845,0.00538097,0.0707512,1.79924,0.397688,1.44593,1.92988,2.04236,-1.94175,0.964796,1.72723,2.0966,-0.384625,-0.518148,-1.06797,-0.0174999