0.857636,-2.93084,0.558705,-0.285171,-1.16124,-1.82117,-1.56449,0.060496,-0.82397,0.130998,-0.0837088,-2.01465,-0.435686,-0.808735,-0.315465,0.239907,-0.184869,-1.06627,0.340499,-0.487172
0.242294,-0.49703,1.65611,0.498263,-1.09974,-0.231462,0.169478,0.534326,-0.621263,1.90974,1.9251,-1.44901,-0.184908,-0.562271,0.191017,1.14282,-0.639306,-0.99681,1.02061,0.731399
-0.535467,-1.48399,-0.585046,0.620971,-0.0234345,0.0377332,-2.23566,-0.409127,-1.26737,-0.0620172,-0.372676,-1.89401,-1.48896,-1.00857,-0.292049,0.114588,-0.895439,-0.0938213,-0.243803,0.714058
1.38985,0.113652,0.00946181,1.07841,1.90157,0.982834,-1.70378,1.85025,0.302877,0.752994,0.779586,1.01939,-2.4004,0.329072,1.60945,0.812018,-0.0413409,0.70286,-2.43946,-0.492273
-2.12542,0.35694,-1.92706,1.45166,2.17079,1.27221,-1.78534,-1.69273,-0.367031,-2.52355,-2.67547,0.72224,-0.45397,-0.694243,-1.3377,-2.2507,0.211493,1.35939,-1.14986,0.378845
-2.70533,-0.612428,-0.976188,0.347786,0.616741,0.539441,-2.15295,-2.00587,-0.623459,-1.60437,-1.91844,-0.938421,0.582325,-0.538822,-2.18518,-1.99312,0.104108,0.792919,-0.361511,0.650405
1.31417,-0.803656,1.90861,0.899212,1.30972,0.401901,-2.5704,1.6625,0.109265,2.23681,1.96974,0.0411018,-1.66003,0.280145,0.753288,0.671031,0.153575,0.0902685,-2.29955,-0.205891
0.0183832,2.27098,-0.939623,0.223452,2.032,0.988545,0.895807,-1.65222,0.410048,-1.04321,-1.58839,2.57737,0.497051,-0.0883209,-0.368793,-2.19018,0.693629,0.979175,-0.695725,0.359102
-2.48222,1.46683,-1.95687,0.298947,2.14342,2.60584,-1.88433,0.0391195,0.673918,-1.57689,-1.58749,0.777528,-0.370166,0.279111,-0.448567,-1.72652,0.669534,2.44946,-2.47963,-0.316402
-1.22332,2.21306,-0.928569,0.241692,1.1391,0.579751,1.35674,-2.62725,0.0679025,-1.33332,-1.51205,2.14591,1.21551,0.654766,-1.33362,-1.32458,-0.0435758,0.46156,0.681951,1.35551
0.0521189,0.7882,0.878826,1.61485,2.19778,1.80142,-1.8691,2.41607,0.942674,1.18621,1.73321,1.45301,-1.77958,1.3697,1.13898,1.28451,0.156094,1.08854,-2.79906,-0.363366
-1.81819,0.937457,-0.477605,0.882827,0.803439,1.7319,-0.734536,0.149816,-0.000387418,-0.222996,-0.0907102,-0.228818,-0.274334,-0.326031,-0.272365,-0.516722,-0.0335281,1.0036,-0.662139,0.393773
-1.4622,-0.341484,0.559607,0.569958,-1.12191,0.621178,-0.059222,2.09145,0.366632,0.573634,1.70962,-1.25169,-0.165676,0.853139,0.429871,2.28467,-0.516858,-0.031775,0.342464,-0.225094
-1.73442,-0.134077,1.57419,1.60151,-0.399375,0.890278,-0.429036,1.23049,-0.00632011,1.09405,1.86325,-1.10441,0.0826827,0.0282898,-0.323129,1.16095,-0.315101,-0.181207,0.369016,0.40578
2.35605,0.377421,1.41406,1.81092,1.49769,0.0174622,0.0382593,1.7999,0.393655,1.46647,1.92987,2.04243,-1.94144,0.994966,1.72997,2.09506,-0.3806,-0.514008,-1.06992,-0.0132219