0.860187,-2.93025,0.555823,-0.298914,-1.16646,-1.82137,-1.56493,0.0548343,-0.826794,0.150819,-0.0837532,-2.01452,-0.434142,-0.809228,-0.322649,0.24016,-0.186153,-1.06661,0.343686,-0.479609
0.245122,-0.511139,1.65916,0.498256,-1.10231,-0.247585,0.171038,0.541974,-0.624228,1.9098,1.9251,-1.44903,-0.189739,-0.562238,0.192215,1.14705,-0.642033,-1.0073,1.02079,0.731205
-0.545033,-1.48473,-0.584947,0.621493,-0.027945,0.0409998,-2.2357,-0.409319,-1.26733,-0.0619493,-0.375649,-1.89413,-1.4889,-1.00853,-0.299944,0.114643,-0.895326,-0.0915055,-0.246453,0.714124
1.39145,0.121169,0.0278521,1.08214,1.90153,0.989432,-1.70515,1.85063,0.302756,0.758435,0.784744,1.01997,-2.4004,0.332916,1.60916,0.817005,-0.0406426,0.700242,-2.43951,-0.494768
-2.12527,0.378156,-1.92724,1.45168,2.17091,1.2861,-1.78518,-1.70442,-0.36493,-2.52356,-2.6752,0.725727,-0.449817,-0.694016,-1.34296,-2.25106,0.212832,1.36912,-1.15439,0.382028
-2.70555,-0.609135,-0.990376,0.354204,0.6156,0.548391,-2.15266,-2.00598,-0.623529,-1.60448,-1.91847,-0.939568,0.577985,-0.547411,-2.18504,-1.99403,0.103951,0.800204,-0.36485,0.651408
1.31428,-0.811679,1.90873,0.919585,1.30962,0.409851,-2.57047,1.6945,0.110362,2.23672,1.9792,0.0393008,-1.67838,0.279302,0.769222,0.693434,0.14997,0.0859562,-2.2995,-0.217746
0.018566,2.27112,-0.94568,0.226625,2.03209,0.990285,0.895761,-1.65733,0.409219,-1.06401,-1.59272,2.57725,0.499717,-0.0882825,-0.368746,-2.19019,0.692773,0.979006,-0.688977,0.355607
-2.48229,1.46693,-1.95684,0.307598,2.14311,2.60604,-1.88482,0.0239751,0.673782,-1.59565,-1.59552,0.776905,-0.366591,0.278914,-0.454819,-1.72638,0.669739,2.44924,-2.47943,-0.320826
-1.22334,2.21342,-0.941995,0.247842,1.13899,0.58227,1.35652,-2.62706,0.0690543,-1.3475,-1.51226,2.146,1.21551,0.654477,-1.32891,-1.329,-0.0435343,0.467709,0.684326,1.35548
0.0593499,0.792417,0.889963,1.62206,2.19803,1.80131,-1.86894,2.41585,0.942857,1.18624,1.73325,1.45277,-1.77973,1.36974,1.14286,1.28472,0.158998,1.08574,-2.79982,-0.368872
-1.81845,0.93905,-0.478602,0.882952,0.809619,1.73147,-0.742615,0.143296,-0.00027871,-0.233722,-0.0985684,-0.227686,-0.277215,-0.326349,-0.274864,-0.522253,-0.0320009,1.00699,-0.676003,0.39106
-1.46211,-0.336204,0.573752,0.57094,-1.1219,0.618211,-0.0616598,2.09152,0.366537,0.592441,1.7175,-1.25743,-0.166733,0.853186,0.431179,2.28452,-0.517035,-0.0317583,0.332857,-0.219245
-1.73433,-0.124535,1.57421,1.60151,-0.395844,0.888013,-0.429141,1.23066,-0.00763444,1.10099,1.86314,-1.10439,0.0777595,0.0267896,-0.32017,1.16103,-0.317221,-0.180085,0.358495,0.41192
2.35585,0.385376,1.42503,1.81092,1.49917,0.020006,0.0311575,1.80015,0.392535,1.47112,1.9299,2.04271,-1.94134,1.00153,1.73029,2.09507,-0.379834,-0.513344,-1.07003,-0.0119551