0.868169,-2.92951,0.546212,-0.339453,-1.18205,-1.82197,-1.56533,0.0409022,-0.834438,0.208371,-0.0834395,-2.01428,-0.42996,-0.810341,-0.341436,0.240583,-0.189351,-1.06689,0.352466,-0.458451
0.252101,-0.551843,1.66684,0.498475,-1.10953,-0.292563,0.174103,0.563329,-0.632895,1.90997,1.92522,-1.44936,-0.203949,-0.561862,0.195318,1.15854,-0.649166,-1.03659,1.0214,0.730769
-0.572104,-1.48712,-0.584577,0.623219,-0.0402506,0.0500211,-2.23584,-0.409874,-1.26723,-0.0596836,-0.383348,-1.89439,-1.48875,-1.00862,-0.321549,0.115038,-0.895083,-0.084957,-0.25498,0.714263
1.39536,0.142087,0.079688,1.09298,1.90114,1.00699,-1.70885,1.85135,0.301633,0.774096,0.798713,1.02176,-2.40034,0.343604,1.60872,0.831185,-0.0399449,0.692238,-2.43981,-0.501456
-2.12525,0.439614,-1.92771,1.45176,2.17112,1.32658,-1.78491,-1.73835,-0.358618,-2.52328,-2.67483,0.736312,-0.437138,-0.693433,-1.35924,-2.25202,0.216966,1.39773,-1.16719,0.391045
-2.70541,-0.601525,-1.03035,0.372772,0.613421,0.573328,-2.15237,-2.00578,-0.623711,-1.60527,-1.91846,-0.942238,0.565198,-0.57068,-2.18534,-1.99493,0.103726,0.820644,-0.374361,0.653847
1.31424,-0.835348,1.90919,0.976305,1.30911,0.431264,-2.57064,1.78586,0.11277,2.23667,2.00591,0.0339691,-1.73085,0.279021,0.814901,0.758847,0.138865,0.0735504,-2.29958,-0.251069
0.0195632,2.27172,-0.962552,0.237474,2.03228,0.995864,0.895571,-1.67125,0.406881,-1.12304,-1.60413,2.57699,0.507372,-0.088602,-0.369077,-2.18969,0.690292,0.978905,-0.668715,0.345365
-2.48236,1.46863,-1.95677,0.331387,2.14272,2.60663,-1.88547,-0.0193091,0.673522,-1.64752,-1.61856,0.775537,-0.355152,0.27875,-0.472522,-1.72645,0.669968,2.44912,-2.47891,-0.333656
-1.22379,2.21364,-0.980678,0.265654,1.13875,0.589953,1.35653,-2.62699,0.0727266,-1.39056,-1.51274,2.14631,1.21539,0.653864,-1.31697,-1.33917,-0.043562,0.484765,0.692265,1.35535
0.0795819,0.803947,0.922106,1.64068,2.19887,1.80097,-1.8687,2.41537,0.943165,1.18647,1.73326,1.4522,-1.77985,1.36985,1.1536,1.28532,0.167174,1.07755,-2.80288,-0.384633
-1.81898,0.943775,-0.482017,0.883471,0.827169,1.73048,-0.765616,0.123856,8.55728e-06,-0.264616,-0.121519,-0.223928,-0.285079,-0.327142,-0.282209,-0.538268,-0.0274067,1.01673,-0.714882,0.382488
-1.46181,-0.322283,0.615337,0.572737,-1.12212,0.608715,-0.0695169,2.09163,0.366288,0.645347,1.73933,-1.27416,-0.170502,0.853012,0.434798,2.28447,-0.517269,-0.0330644,0.304239,-0.203227
-1.73437,-0.0966732,1.57445,1.60131,-0.386347,0.883197,-0.429319,1.23092,-0.011468,1.11985,1.86291,-1.10424,0.0629919,0.0220218,-0.311969,1.16129,-0.322334,-0.176757,0.329037,0.429135
2.35585,0.406804,1.4576,1.81097,1.50205,0.0267978,0.0107925,1.80025,0.388734,1.48457,1.93023,2.04303,-1.94125,1.01788,1.73038,2.09487,-0.377493,-0.51246,-1.07017,-0.00800056