0.873284,-2.92965,0.539197,-0.366002,-1.19212,-1.82201,-1.56505,0.0334952,-0.838704,0.245215,-0.0830582,-2.01429,-0.427289,-0.810694,-0.352019,0.240562,-0.191018,-1.06663,0.357707,-0.445605
0.256094,-0.577569,1.67059,0.498677,-1.11371,-0.319859,0.175022,0.576515,-0.638443,1.91012,1.92516,-1.44974,-0.213255,-0.561477,0.196998,1.16503,-0.653128,-1.05422,1.02174,0.730542
-0.588668,-1.48852,-0.584377,0.624074,-0.0472448,0.0556047,-2.23599,-0.410185,-1.26723,-0.0565971,-0.387991,-1.89438,-1.48866,-1.00882,-0.334446,0.115337,-0.894955,-0.0808195,-0.260954,0.714365
1.39729,0.154732,0.111787,1.09997,1.90097,1.01722,-1.71099,1.85159,0.300226,0.783858,0.806924,1.02332,-2.40031,0.349943,1.60863,0.839908,-0.0403682,0.686725,-2.43997,-0.505202
-2.12535,0.478399,-1.92796,1.45179,2.17127,1.35251,-1.78487,-1.76009,-0.354629,-2.52296,-2.67483,0.743237,-0.428742,-0.693183,-1.36953,-2.25241,0.219629,1.41588,-1.17532,0.396657
-2.70525,-0.597536,-1.05515,0.384602,0.612642,0.588879,-2.15239,-2.00555,-0.623698,-1.60588,-1.91845,-0.943676,0.556906,-0.584255,-2.18555,-1.99399,0.10357,0.83317,-0.380165,0.655164
1.31411,-0.850664,1.90946,1.0109,1.30879,0.443978,-2.57077,1.84289,0.113882,2.23672,2.02205,0.0308173,-1.7641,0.280205,0.843895,0.800763,0.131408,0.0656233,-2.29968,-0.271717
0.0208295,2.27191,-0.972896,0.244998,2.0323,0.999544,0.89557,-1.67974,0.405533,-1.15999,-1.6107,2.57695,0.512489,-0.0889076,-0.369305,-2.18935,0.689093,0.979172,-0.655545,0.338643
-2.48239,1.47042,-1.95673,0.345486,2.14262,2.60695,-1.88552,-0.0465436,0.673335,-1.67887,-1.63292,0.7751,-0.347264,0.278897,-0.483676,-1.72673,0.669975,2.44926,-2.47867,-0.34186
-1.22405,2.21342,-1.00472,0.277159,1.13868,0.594788,1.35679,-2.62712,0.0754195,-1.41896,-1.5129,2.14642,1.21526,0.653688,-1.30987,-1.3438,-0.0435632,0.495253,0.697746,1.35521
0.0917697,0.810975,0.942262,1.65082,2.19929,1.80087,-1.86865,2.41524,0.943183,1.1866,1.73319,1.45206,-1.77984,1.36981,1.16039,1.28575,0.172087,1.07222,-2.80526,-0.394512
-1.81904,0.947007,-0.484691,0.883924,0.838269,1.73026,-0.779769,0.111302,0.000171728,-0.284157,-0.136055,-0.220865,-0.289789,-0.327383,-0.286917,-0.54845,-0.0243412,1.02295,-0.738852,0.37658
-1.46163,-0.31399,0.642139,0.573049,-1.12229,0.602008,-0.0754981,2.09161,0.366194,0.678002,1.75249,-1.28443,-0.173374,0.852885,0.436545,2.28452,-0.517345,-0.0346553,0.285056,-0.193668
-1.73451,-0.0788636,1.57457,1.60111,-0.380829,0.881339,-0.429386,1.23103,-0.0138659,1.13091,1.86293,-1.10406,0.0532343,0.0188452,-0.30682,1.16143,-0.325066,-0.174672,0.310769,0.439565
2.35598,0.419448,1.47879,1.81107,1.50317,0.0308628,-0.00211163,1.80014,0.385977,1.49283,1.93048,2.04301,-1.94126,1.02648,1.73031,2.09458,-0.376041,-0.512509,-1.07031,-0.00523012