0.878294,-2.92995,0.531829,-0.391939,-1.20176,-1.82189,-1.56462,0.0271085,-0.842521,0.280859,-0.082691,-2.01434,-0.424794,-0.81088,-0.361327,0.240421,-0.192431,-1.06634,0.362517,-0.433639
0.259837,-0.602131,1.67341,0.498868,-1.11725,-0.345203,0.175392,0.58902,-0.643768,1.91033,1.92497,-1.4501,-0.222505,-0.561101,0.198508,1.17059,-0.656595,-1.07029,1.02202,0.730326
-0.604129,-1.48965,-0.584222,0.624453,-0.0534213,0.060848,-2.23615,-0.410453,-1.26726,-0.0524654,-0.392298,-1.8943,-1.48857,-1.00904,-0.346357,0.115579,-0.894834,-0.0767731,-0.267078,0.714479
1.39865,0.166296,0.142142,1.10674,1.90095,1.02651,-1.71287,1.85177,0.298553,0.793025,0.814524,1.02507,-2.40031,0.355758,1.60858,0.848017,-0.0412547,0.681082,-2.44004,-0.508474
-2.12541,0.515619,-1.92817,1.45178,2.17143,1.37737,-1.78486,-1.78113,-0.350882,-2.52267,-2.67487,0.749914,-0.420484,-0.693014,-1.37907,-2.25268,0.222269,1.43293,-1.18326,0.401933
-2.70518,-0.593739,-1.07862,0.395951,0.612073,0.603637,-2.15244,-2.00538,-0.623622,-1.60641,-1.91848,-0.945013,0.548885,-0.596533,-2.1856,-1.99192,0.103406,0.84474,-0.385487,0.656288
1.31402,-0.86535,1.90971,1.04314,1.30857,0.455582,-2.57091,1.89685,0.114851,2.23674,2.03683,0.0280419,-1.79619,0.282138,0.871773,0.841325,0.124018,0.0578442,-2.29976,-0.29131
0.0225451,2.27194,-0.982619,0.25237,2.03229,1.00312,0.895661,-1.68784,0.404356,-1.19521,-1.61652,2.57695,0.517659,-0.089142,-0.3694,-2.18916,0.688284,0.979481,-0.642769,0.332145
-2.48245,1.47229,-1.95671,0.358375,2.14251,2.60722,-1.8855,-0.0725611,0.673111,-1.70791,-1.64634,0.774728,-0.339513,0.279097,-0.494388,-1.72704,0.669967,2.44937,-2.47851,-0.349709
-1.22423,2.21319,-1.02724,0.288483,1.13869,0.599506,1.35709,-2.62722,0.0782082,-1.44677,-1.51301,2.14646,1.21511,0.653596,-1.30307,-1.34718,-0.0435499,0.505277,0.70311,1.35507
0.102984,0.817499,0.961377,1.65933,2.19956,1.80086,-1.8686,2.41514,0.943166,1.18671,1.73307,1.45205,-1.77985,1.3697,1.1669,1.28619,0.176555,1.067,-2.80771,-0.403828
-1.81897,0.950073,-0.487651,0.884377,0.848899,1.73023,-0.792838,0.0990856,0.000327481,-0.303013,-0.14992,-0.217569,-0.29409,-0.327502,-0.291515,-0.558407,-0.0212331,1.02895,-0.761302,0.370592
-1.46146,-0.306432,0.668069,0.57282,-1.12236,0.595166,-0.0819945,2.09157,0.366136,0.708863,1.76462,-1.29387,-0.176493,0.852834,0.437708,2.28453,-0.517444,-0.036297,0.265773,-0.184865
-1.73466,-0.061812,1.57464,1.60093,-0.375772,0.88013,-0.429421,1.23116,-0.0161797,1.14081,1.86304,-1.10387,0.0434937,0.0157001,-0.301809,1.16153,-0.327458,-0.172619,0.293386,0.44915
2.35607,0.431066,1.49942,1.8112,1.50386,0.0346253,-0.0144054,1.80007,0.383225,1.50043,1.93069,2.04299,-1.94125,1.03388,1.73031,2.09427,-0.374832,-0.51289,-1.07049,-0.00235567