0.893147,-2.93062,0.507906,-0.464547,-1.22764,-1.8215,-1.56348,0.0130009,-0.85266,0.380227,-0.0817216,-2.0145,-0.419418,-0.811295,-0.382968,0.240007,-0.196077,-1.06594,0.374628,-0.40232
0.269747,-0.668575,1.67793,0.499324,-1.12476,-0.41122,0.174951,0.623217,-0.65831,1.91094,1.92434,-1.45092,-0.25002,-0.560232,0.202956,1.1834,-0.665058,-1.11029,1.02265,0.729707
-0.644728,-1.49132,-0.583797,0.623005,-0.0688754,0.0741144,-2.23652,-0.411174,-1.26726,-0.0355697,-0.402567,-1.89421,-1.48838,-1.00946,-0.377104,0.116022,-0.89448,-0.0653044,-0.286062,0.714796
1.39959,0.194814,0.223586,1.12515,1.90105,1.04957,-1.71718,1.85245,0.293446,0.817629,0.834979,1.02955,-2.40023,0.371096,1.60841,0.868878,-0.0455537,0.663976,-2.44003,-0.51622
-2.12551,0.619081,-1.92868,1.45172,2.17192,1.4452,-1.78476,-1.83992,-0.340905,-2.52199,-2.67486,0.768125,-0.396661,-0.692669,-1.40417,-2.2533,0.230432,1.47767,-1.20601,0.415784
-2.70513,-0.581832,-1.1415,0.42691,0.610397,0.642474,-2.1525,-2.005,-0.623479,-1.60771,-1.9186,-0.948622,0.526842,-0.627217,-2.18559,-1.98041,0.102982,0.874056,-0.398569,0.65839
1.31382,-0.904074,1.91046,1.12655,1.30807,0.48391,-2.57131,2.04181,0.117585,2.23672,2.07412,0.0208334,-1.88547,0.291103,0.948207,0.954874,0.102177,0.0355425,-2.29997,-0.34437
0.0287702,2.27189,-1.00869,0.273271,2.03238,1.01383,0.896079,-1.7103,0.401581,-1.29104,-1.63021,2.57675,0.532935,-0.0893563,-0.369442,-2.18912,0.687171,0.979987,-0.606737,0.314866
-2.48271,1.47734,-1.95671,0.391202,2.14208,2.60792,-1.88555,-0.143353,0.672436,-1.78258,-1.68114,0.772624,-0.317942,0.279483,-0.523737,-1.72768,0.669983,2.44943,-2.47828,-0.370802
-1.22465,2.21284,-1.08626,0.321311,1.13877,0.613772,1.35773,-2.62738,0.0863579,-1.52569,-1.51332,2.14655,1.21478,0.653296,-1.28484,-1.35234,-0.0435176,0.532681,0.718005,1.35471
0.131666,0.833755,1.01293,1.67741,2.20012,1.80081,-1.86839,2.4148,0.943346,1.18698,1.73279,1.45198,-1.78012,1.36952,1.18435,1.28723,0.187657,1.05213,-2.81493,-0.428453
-1.81886,0.957316,-0.49774,0.885481,0.877594,1.7301,-0.825637,0.0639071,0.000774802,-0.356326,-0.188127,-0.207997,-0.304446,-0.327885,-0.304936,-0.587142,-0.0117441,1.04557,-0.819453,0.352757
-1.46105,-0.288951,0.740271,0.570026,-1.12232,0.574868,-0.102934,2.09163,0.365877,0.79208,1.79585,-1.31836,-0.187057,0.852946,0.439196,2.28427,-0.517779,-0.0401127,0.208815,-0.162231
-1.73496,-0.0157276,1.57469,1.60051,-0.362134,0.878333,-0.429485,1.23153,-0.0229461,1.16413,1.86337,-1.10342,0.0141091,0.00659838,-0.287503,1.16177,-0.333204,-0.166105,0.245921,0.4734
2.35617,0.460519,1.55731,1.81152,1.50386,0.0438745,-0.047068,1.79985,0.375587,1.51974,1.93129,2.04306,-1.94111,1.05175,1.7304,2.09357,-0.372748,-0.51577,-1.07111,0.00664561