0.897899,-2.93076,0.499383,-0.48681,-1.2352,-1.82143,-1.56318,0.00987315,-0.855683,0.410581,-0.0814299,-2.01453,-0.41842,-0.811447,-0.388375,0.239932,-0.197223,-1.06585,0.377978,-0.393342
0.272631,-0.688314,1.67845,0.499452,-1.12654,-0.430326,0.174521,0.633708,-0.662706,1.91109,1.92418,-1.45115,-0.259056,-0.559993,0.204534,1.18692,-0.667466,-1.12138,1.02285,0.729521
-0.656451,-1.49137,-0.583652,0.621932,-0.0732607,0.077703,-2.23662,-0.411407,-1.26725,-0.0288351,-0.405133,-1.89423,-1.48835,-1.00955,-0.38585,0.116144,-0.894366,-0.0618251,-0.292463,0.714889
1.39909,0.202482,0.24769,1.13061,1.90106,1.05591,-1.7184,1.85269,0.291745,0.825098,0.841135,1.03062,-2.40019,0.375602,1.60835,0.874836,-0.0473719,0.658386,-2.44003,-0.518219
-2.12554,0.650774,-1.92885,1.45172,2.17208,1.46568,-1.7847,-1.85813,-0.337929,-2.52181,-2.67481,0.773707,-0.389062,-0.69256,-1.41163,-2.25352,0.233211,1.4908,-1.21313,0.419823
-2.70511,-0.577669,-1.16014,0.43615,0.609754,0.653636,-2.1525,-2.00486,-0.623461,-1.60809,-1.91865,-0.949705,0.520227,-0.635706,-2.18562,-1.97532,0.102844,0.882347,-0.402056,0.658696
1.31375,-0.915032,1.9107,1.15023,1.30785,0.491384,-2.57145,2.08492,0.11839,2.23675,2.08447,0.0186733,-1.91282,0.29485,0.971334,0.989976,0.0949844,0.0286144,-2.30006,-0.360265
0.0309042,2.2719,-1.01649,0.279935,2.03244,1.0175,0.896217,-1.71709,0.400791,-1.31998,-1.63385,2.57664,0.537766,-0.0893785,-0.369466,-2.18913,0.687034,0.980101,-0.595465,0.30984
-2.48277,1.47889,-1.9567,0.400491,2.14191,2.60816,-1.88561,-0.164673,0.672244,-1.80385,-1.69121,0.771666,-0.311198,0.27955,-0.532613,-1.72781,0.670011,2.44944,-2.47819,-0.377055
-1.22478,2.21278,-1.10324,0.33181,1.13874,0.618522,1.35787,-2.62744,0.088913,-1.55031,-1.51343,2.14661,1.2147,0.653181,-1.27953,-1.35276,-0.0434996,0.540857,0.722535,1.3546
0.13977,0.838103,1.02831,1.68161,2.20036,1.80074,-1.86828,2.41468,0.943431,1.18703,1.73275,1.45187,-1.78023,1.36952,1.18952,1.2875,0.190685,1.04744,-2.81711,-0.435673
-1.81888,0.959206,-0.501399,0.885792,0.886103,1.73,-0.834657,0.0526595,0.000911834,-0.37303,-0.199898,-0.204979,-0.307098,-0.328044,-0.309245,-0.596187,-0.00864647,1.05064,-0.83595,0.347037
-1.46092,-0.284826,0.762444,0.568664,-1.1223,0.568338,-0.110033,2.09167,0.365774,0.81702,1.80489,-1.32565,-0.190852,0.852999,0.439363,2.28418,-0.517879,-0.0411434,0.190547,-0.155776
-1.73504,-0.0020232,1.57469,1.60041,-0.357932,0.878161,-0.429503,1.23164,-0.0250823,1.17005,1.86343,-1.10328,0.00440192,0.00376274,-0.282974,1.16187,-0.334738,-0.163799,0.231574,0.480175
2.3562,0.468641,1.5751,1.8116,1.50333,0.0463322,-0.0565507,1.79962,0.373205,1.52526,1.93145,2.04312,-1.94106,1.05655,1.73041,2.0934,-0.372444,-0.517238,-1.07127,0.00969492