0.902469,-2.9309,0.490651,-0.508073,-1.24221,-1.82137,-1.5629,0.00745654,-0.858512,0.439442,-0.0811515,-2.01455,-0.417786,-0.811594,-0.393012,0.239878,-0.19833,-1.06574,0.381056,-0.38507
0.275369,-0.706879,1.67858,0.499576,-1.12803,-0.448155,0.173997,0.643812,-0.666887,1.91122,1.92404,-1.45138,-0.268006,-0.559765,0.206188,1.19022,-0.669736,-1.13153,1.02305,0.729343
-0.667309,-1.49122,-0.583511,0.620646,-0.0772869,0.0809148,-2.23671,-0.411629,-1.26724,-0.0216903,-0.407344,-1.89425,-1.48832,-1.00963,-0.393912,0.116266,-0.894256,-0.0585466,-0.29883,0.71498
1.3983,0.209341,0.270371,1.13577,1.90105,1.06168,-1.7196,1.85291,0.290009,0.832273,0.846955,1.03151,-2.40015,0.379797,1.60829,0.880374,-0.049347,0.652893,-2.44003,-0.519949
-2.12557,0.68099,-1.92901,1.45172,2.17225,1.48517,-1.78463,-1.87565,-0.335114,-2.52165,-2.67474,0.7791,-0.381645,-0.692449,-1.41868,-2.25374,0.23598,1.50315,-1.21996,0.423614
-2.7051,-0.573449,-1.1777,0.444832,0.609074,0.663999,-2.15249,-2.00472,-0.62344,-1.60844,-1.91871,-0.950741,0.513983,-0.643432,-2.18564,-1.96982,0.102709,0.890026,-0.405174,0.658831
1.31369,-0.924998,1.91093,1.17206,1.30762,0.498047,-2.57159,2.12557,0.119123,2.23679,2.09386,0.0166988,-1.93895,0.298843,0.993361,1.02367,0.087854,0.0219793,-2.30016,-0.375308
0.0330184,2.27191,-1.02386,0.28646,2.0325,1.0212,0.896349,-1.72351,0.400025,-1.34755,-1.63718,2.57653,0.542422,-0.0894159,-0.369496,-2.18912,0.686966,0.980225,-0.584586,0.305134
-2.48282,1.48043,-1.95669,0.409059,2.14174,2.6084,-1.88568,-0.184973,0.672066,-1.82357,-1.70068,0.770716,-0.304611,0.279613,-0.541066,-1.72793,0.670044,2.44947,-2.47809,-0.382956
-1.22489,2.21274,-1.11894,0.342073,1.1387,0.623217,1.35799,-2.62751,0.0913815,-1.57399,-1.51353,2.14667,1.21462,0.653074,-1.27456,-1.35263,-0.0434779,0.548579,0.726814,1.3545
0.14722,0.841956,1.04283,1.68513,2.20062,1.80066,-1.86817,2.41458,0.943501,1.18706,1.73272,1.45175,-1.78034,1.36952,1.19443,1.28775,0.193403,1.04288,-2.81914,-0.442464
-1.8189,0.960951,-0.505159,0.88609,0.894131,1.7299,-0.842839,0.0416852,0.00104363,-0.389159,-0.211242,-0.201989,-0.309393,-0.328197,-0.313427,-0.604898,-0.00563828,1.05548,-0.851167,0.341489
-1.46081,-0.281455,0.783666,0.567187,-1.12229,0.561962,-0.1171,2.0917,0.365681,0.840717,1.81338,-1.33259,-0.194716,0.853042,0.439426,2.28409,-0.517972,-0.0421196,0.172765,-0.149786
-1.73512,0.0109069,1.57469,1.60031,-0.353887,0.878179,-0.429516,1.23174,-0.0271142,1.17521,1.86349,-1.10315,-0.00515869,0.0010478,-0.278562,1.16197,-0.336112,-0.161449,0.217933,0.486374
2.35622,0.475972,1.59213,1.81167,1.50261,0.0485621,-0.0654128,1.7993,0.37088,1.53045,1.9316,2.04318,-1.94102,1.06079,1.73041,2.09324,-0.37228,-0.518889,-1.07141,0.0127462