0.48144,-2.91806,0.278618,0.247186,-0.516318,-1.8304,-1.56851,0.198108,-0.325744,-0.20776,-0.0868352,-2.03118,-0.250026,-0.769266,0.0727384,0.220362,-0.0965972,-1.06815,0.201846,-0.282175
0.053827,-0.296038,0.571912,0.482586,-0.281198,0.425703,-0.154008,0.00781168,-0.233512,1.91437,1.91897,-1.43616,0.121232,-0.59219,0.108884,0.229274,-0.246684,-0.0596649,1.01117,0.724305
-0.118119,-0.782366,-0.585745,0.287103,0.0859319,-0.125985,-2.23618,-0.408608,-1.26021,0.0623341,-0.0802302,-1.90475,-1.48058,-0.992975,-0.22068,0.115465,-0.892753,-0.25811,-0.177453,0.717619
0.72147,-0.124325,-0.340937,0.300647,1.88341,0.113934,-0.847121,1.84531,0.214672,-0.0306433,0.298984,0.566093,-2.39837,0.206298,1.61457,0.033497,-0.243841,0.506205,-2.43182,-0.111143
-2.13578,-0.251306,-1.91869,1.43695,2.17413,0.29321,-1.77362,-0.723673,-0.138569,-2.54289,-2.66174,0.195574,-0.290118,-0.715008,-0.530062,-2.23013,0.0955379,0.42473,-0.495639,-0.00690428
-2.70137,-0.0320699,-0.287179,0.263037,0.264087,0.17504,-2.1582,-1.99359,-0.617277,-1.57037,-1.93466,-0.308163,0.736215,-0.15608,-2.19163,-0.598855,0.098922,0.0448745,0.14704,0.291687
1.30681,-0.351288,1.90208,-0.348567,1.31341,-0.0132509,-2.56166,-0.102799,-0.169165,2.23184,0.746067,-0.0414186,-0.71351,0.161574,0.0536766,0.119363,0.116158,0.122003,-2.30001,0.27639
0.177659,2.26932,-0.324504,0.00268785,2.0427,0.67955,0.90135,-0.638031,0.322026,-0.197517,-0.510905,2.55812,0.00494638,-0.0664086,-0.337672,-2.18915,0.512177,0.966868,-0.32946,0.0234799
-2.47367,0.58131,-1.947,0.0560727,2.14933,2.61675,-1.88366,0.251476,0.682878,-0.270333,-0.689433,0.207773,-0.301345,0.275905,-0.198193,-1.72565,0.671306,2.44198,-2.46693,0.0256945
-1.20846,2.22524,-0.103605,0.0351932,1.12668,0.358398,1.34025,-2.63182,0.122194,-0.19351,-1.49652,2.13911,1.21056,0.688826,-0.50413,-0.661176,-0.0411287,0.292887,0.0716468,1.35183
-0.141026,0.326881,0.0730394,0.380711,2.1907,1.79453,-1.86623,2.42441,0.937819,1.17846,1.73588,1.44153,-1.76428,1.36778,0.255596,1.26769,-0.0306901,0.592361,-0.972331,0.0371744
-1.83134,0.613306,-0.428714,0.893078,0.19253,1.7054,-0.439276,0.168183,-0.0108234,-0.119827,0.238221,-0.364151,0.235293,-0.309832,-0.328465,-0.186185,0.0429836,0.724355,0.0596661,0.139781
-1.47433,-0.272645,0.271648,0.0749952,-1.10939,0.602496,0.147836,2.06821,0.362765,-0.396818,0.577366,-0.41401,-0.287501,0.87321,0.122421,2.29409,-0.487393,-0.281675,0.263786,-0.294022
-1.71943,-0.441933,1.56799,1.60673,-0.360055,0.441275,-0.428706,1.22727,0.0513897,0.592286,1.85966,-1.11217,-0.0433334,-0.23085,0.00736058,1.1571,-0.0039124,-0.202267,0.327531,-0.0237936
2.35451,0.367112,0.540341,1.79812,0.500577,-0.0758938,0.270806,0.725788,0.0749898,0.380818,1.91978,2.04693,-1.95247,0.447501,1.70978,2.09683,-0.141793,-0.270886,-1.05092,0.0738144