0.904678,-2.93097,0.486221,-0.518329,-1.24552,-1.82135,-1.56277,0.00649626,-0.859854,0.453302,-0.0810174,-2.01456,-0.417597,-0.811665,-0.395068,0.239858,-0.198866,-1.06569,0.382507,-0.381192
0.276698,-0.715729,1.67851,0.499638,-1.12869,-0.456617,0.173705,0.648726,-0.668898,1.91128,1.92397,-1.4515,-0.272448,-0.559654,0.207048,1.19181,-0.670829,-1.13628,1.02314,0.729257
-0.672423,-1.49108,-0.583443,0.619929,-0.079168,0.0823889,-2.23676,-0.411734,-1.26723,-0.0179879,-0.408329,-1.89426,-1.48831,-1.00967,-0.397699,0.116327,-0.894202,-0.0569827,-0.301989,0.715025
1.39781,0.212487,0.281201,1.13824,1.90105,1.06437,-1.72021,1.85301,0.289128,0.835759,0.849738,1.03191,-2.40014,0.381776,1.60827,0.882996,-0.050387,0.650186,-2.44003,-0.52072
-2.12559,0.695537,-1.9291,1.45172,2.17233,1.49454,-1.7846,-1.88416,-0.333768,-2.52158,-2.6747,0.781725,-0.378005,-0.692395,-1.42205,-2.25385,0.237355,1.50904,-1.22327,0.425421
-2.70509,-0.571324,-1.18609,0.448965,0.608722,0.668898,-2.15248,-2.00465,-0.623426,-1.60861,-1.91874,-0.951242,0.510997,-0.647027,-2.18565,-1.96695,0.102644,0.893651,-0.406608,0.658838
1.31367,-0.929609,1.91103,1.18233,1.3075,0.50111,-2.57165,2.14499,0.119466,2.23681,2.0982,0.0157965,-1.95157,0.300911,1.00397,1.03998,0.0843173,0.0187725,-2.30021,-0.382516
0.0340635,2.27192,-1.02739,0.289666,2.03252,1.02305,0.896412,-1.72659,0.399648,-1.36083,-1.63875,2.57649,0.544686,-0.0894414,-0.369512,-2.1891,0.686951,0.980289,-0.579302,0.302894
-2.48285,1.48119,-1.95668,0.413092,2.14166,2.60851,-1.88571,-0.19476,0.671982,-1.83288,-1.70522,0.770266,-0.301374,0.279646,-0.545137,-1.72799,0.67006,2.44948,-2.47803,-0.385781
-1.22495,2.21272,-1.12633,0.347114,1.13867,0.625539,1.35804,-2.62754,0.0925827,-1.58547,-1.51358,2.14669,1.21458,0.653024,-1.2722,-1.35238,-0.0434664,0.55228,0.728851,1.35446
0.150714,0.843704,1.04978,1.68666,2.20075,1.80062,-1.86812,2.41453,0.943531,1.18707,1.7327,1.45169,-1.78038,1.36952,1.1968,1.28788,0.194649,1.04064,-2.82009,-0.445709
-1.8189,0.961786,-0.507065,0.886233,0.897975,1.72985,-0.846635,0.0363043,0.00110784,-0.397001,-0.216761,-0.200498,-0.310415,-0.32827,-0.315465,-0.609122,-0.00417398,1.05783,-0.858327,0.338785
-1.46075,-0.280032,0.793922,0.566419,-1.12228,0.558837,-0.120612,2.09172,0.365638,0.852128,1.81744,-1.33594,-0.196662,0.85306,0.439421,2.28404,-0.518016,-0.0425869,0.16407,-0.14695
-1.73516,0.0170915,1.57469,1.60027,-0.351923,0.878253,-0.42952,1.23179,-0.0280879,1.17753,1.86352,-1.10308,-0.00986963,-0.000264044,-0.2764,1.16203,-0.336743,-0.160262,0.211371,0.489271
2.35624,0.479354,1.60035,1.81171,1.50219,0.0496067,-0.0696297,1.79911,0.369741,1.53293,1.93167,2.04321,-1.941,1.06271,1.73042,2.09317,-0.372245,-0.519768,-1.07147,0.0142703