0.906832,-2.93104,0.481757,-0.528335,-1.24869,-1.82133,-1.56264,0.00569127,-0.861147,0.466778,-0.0808871,-2.01456,-0.417487,-0.811734,-0.396964,0.239841,-0.199389,-1.06563,0.383907,-0.377481
0.278008,-0.724295,1.67837,0.499698,-1.12928,-0.464792,0.173399,0.65355,-0.670858,1.91134,1.9239,-1.45161,-0.276869,-0.559544,0.207931,1.19336,-0.671896,-1.14083,1.02324,0.729172
-0.677333,-1.49089,-0.583376,0.619164,-0.0809643,0.0837801,-2.23681,-0.411836,-1.26723,-0.0142113,-0.409239,-1.89427,-1.48829,-1.00972,-0.401332,0.116388,-0.89415,-0.0554688,-0.305126,0.715069
1.39726,0.215454,0.291703,1.14065,1.90105,1.06695,-1.72081,1.85311,0.288242,0.839182,0.852439,1.03227,-2.40012,0.383678,1.60825,0.885527,-0.0514578,0.647507,-2.44003,-0.52143
-2.1256,0.709708,-1.92917,1.45172,2.17242,1.50368,-1.78456,-1.89249,-0.332463,-2.52151,-2.67466,0.784301,-0.374412,-0.692342,-1.42532,-2.25396,0.23872,1.51475,-1.22651,0.42717
-2.70508,-0.569193,-1.19422,0.452962,0.608359,0.673617,-2.15248,-2.00459,-0.623412,-1.60877,-1.91878,-0.951734,0.5081,-0.650452,-2.18566,-1.96402,0.10258,0.89714,-0.407966,0.658807
1.31364,-0.933972,1.91114,1.19218,1.30738,0.504012,-2.57172,2.16382,0.119797,2.23683,2.10232,0.0149562,-1.96389,0.303016,1.01432,1.05593,0.0808021,0.0156394,-2.30026,-0.389516
0.0350979,2.27192,-1.03082,0.292829,2.03254,1.0249,0.896473,-1.7296,0.399275,-1.37379,-1.64027,2.57645,0.546909,-0.0894711,-0.369529,-2.18909,0.686948,0.980355,-0.574125,0.300726
-2.48288,1.48195,-1.95668,0.416967,2.14157,2.60862,-1.88575,-0.204315,0.671899,-1.84186,-1.70964,0.769839,-0.298174,0.27968,-0.549106,-1.72804,0.670076,2.44949,-2.47798,-0.388527
-1.225,2.21271,-1.13341,0.352091,1.13865,0.627842,1.35809,-2.62758,0.093761,-1.59669,-1.51363,2.14672,1.21454,0.652978,-1.26992,-1.35202,-0.0434547,0.55588,0.730813,1.35441
0.154061,0.845339,1.05653,1.68806,2.20088,1.80058,-1.86806,2.41449,0.943558,1.18709,1.73269,1.45163,-1.78043,1.36952,1.19911,1.288,0.195823,1.03844,-2.821,-0.448859
-1.81891,0.962603,-0.508985,0.886374,0.90171,1.7298,-0.850245,0.0309947,0.00117097,-0.404692,-0.222182,-0.199008,-0.311358,-0.32834,-0.317465,-0.613259,-0.00273831,1.06012,-0.865204,0.336131
-1.46069,-0.278775,0.803943,0.565637,-1.12228,0.555758,-0.124106,2.09173,0.365598,0.86326,1.8214,-1.33921,-0.198613,0.853076,0.439395,2.28401,-0.518058,-0.0430384,0.155512,-0.144215
-1.7352,0.023094,1.57468,1.60022,-0.349999,0.878365,-0.429523,1.23184,-0.029033,1.1797,1.86355,-1.10301,-0.0145286,-0.00154541,-0.274269,1.16208,-0.33734,-0.159068,0.204978,0.49204
2.35625,0.482553,1.60838,1.81174,1.50175,0.0506106,-0.0737123,1.79891,0.368619,1.53535,1.93174,2.04324,-1.94098,1.06451,1.73042,2.09309,-0.372238,-0.520678,-1.07153,0.0157924