0.918548,-2.9314,0.454552,-0.583172,-1.26517,-1.82122,-1.56193,0.00372764,-0.867959,0.539607,-0.080196,-2.01457,-0.418319,-0.812094,-0.405509,0.239798,-0.202258,-1.06532,0.391487,-0.358537
0.285639,-0.769964,1.67622,0.50004,-1.13178,-0.508333,0.171378,0.680688,-0.681589,1.91166,1.92352,-1.45222,-0.302923,-0.558934,0.213786,1.20212,-0.677942,-1.16438,1.02374,0.728706
-0.70279,-1.48903,-0.583011,0.613673,-0.090177,0.0905654,-2.23709,-0.412374,-1.26721,0.00950534,-0.413284,-1.89427,-1.48822,-1.00999,-0.420213,0.116732,-0.893856,-0.0474067,-0.323279,0.715323
1.39307,0.22991,0.348358,1.15383,1.90104,1.08026,-1.72461,1.85364,0.282955,0.858525,0.867027,1.03381,-2.40006,0.393591,1.60815,0.898956,-0.0583436,0.632112,-2.44,-0.524581
-2.12569,0.786858,-1.92959,1.45174,2.17293,1.55366,-1.7843,-1.93895,-0.325465,-2.52115,-2.67445,0.79863,-0.353828,-0.692051,-1.44305,-2.25456,0.246666,1.54533,-1.24448,0.436489
-2.70506,-0.556394,-1.23797,0.474207,0.605938,0.698489,-2.15247,-2.00423,-0.623317,-1.60964,-1.91898,-0.954486,0.492442,-0.667819,-2.18568,-1.94554,0.102231,0.915469,-0.414741,0.657858
1.3135,-0.95511,1.91171,1.24345,1.3067,0.518657,-2.57206,2.26491,0.121598,2.237,2.12274,0.0112631,-2.03185,0.316116,1.07108,1.14399,0.0602423,-0.00162303,-2.30061,-0.42727
0.040974,2.27193,-1.04925,0.310781,2.03264,1.03585,0.896805,-1.74614,0.397113,-1.44502,-1.64866,2.57628,0.559481,-0.089695,-0.369633,-2.18895,0.687111,0.980738,-0.545442,0.289144
-2.48302,1.48649,-1.95666,0.437311,2.14109,2.60925,-1.88593,-0.257109,0.671444,-1.88939,-1.73392,0.767889,-0.279819,0.279897,-0.57087,-1.72836,0.670153,2.44956,-2.47768,-0.40347
-1.22525,2.2127,-1.16995,0.380525,1.13847,0.641259,1.35832,-2.62779,0.100308,-1.65862,-1.5139,2.14685,1.21436,0.65275,-1.25775,-1.348,-0.0433835,0.57554,0.740843,1.35416
0.17138,0.852982,1.09303,1.69404,2.20159,1.80032,-1.86779,2.41426,0.943697,1.18712,1.73257,1.45132,-1.78065,1.36948,1.21182,1.28871,0.201445,1.0259,-2.82546,-0.465918
-1.81894,0.967313,-0.520542,0.887138,0.922002,1.72954,-0.868432,0.000603514,0.00152307,-0.447659,-0.252756,-0.190124,-0.315504,-0.328704,-0.32864,-0.636275,0.0052379,1.0728,-0.901117,0.321345
-1.46039,-0.274302,0.859231,0.560827,-1.12222,0.538268,-0.144534,2.09183,0.365389,0.924641,1.84323,-1.35721,-0.210272,0.853141,0.438819,2.28382,-0.518273,-0.045353,0.107271,-0.12966
-1.73544,0.0554893,1.57465,1.59997,-0.339262,0.879621,-0.429521,1.23209,-0.0341244,1.18979,1.86371,-1.10262,-0.0412446,-0.00857868,-0.262106,1.16237,-0.340349,-0.151847,0.170032,0.506223
2.3563,0.49818,1.65262,1.81194,1.49871,0.0559429,-0.0956455,1.79741,0.362327,1.54878,1.93213,2.0434,-1.9409,1.07312,1.73044,2.09267,-0.372739,-0.526537,-1.07183,0.0248398