0.920292,-2.93145,0.449998,-0.591461,-1.26753,-1.82121,-1.56182,0.00381704,-0.868945,0.550431,-0.0800966,-2.01457,-0.418674,-0.812146,-0.406541,0.239801,-0.202694,-1.06527,0.392645,-0.355898
0.286892,-0.776664,1.6757,0.500092,-1.13206,-0.514753,0.171032,0.684919,-0.683218,1.91171,1.92346,-1.45232,-0.307179,-0.55884,0.214855,1.20352,-0.678911,-1.16775,1.02382,0.728637
-0.706414,-1.48863,-0.582956,0.61263,-0.0914929,0.0914634,-2.23714,-0.412453,-1.26721,0.0135582,-0.413741,-1.89427,-1.48821,-1.01003,-0.422923,0.116785,-0.893811,-0.0462284,-0.326163,0.715362
1.39226,0.231828,0.356822,1.15582,1.90104,1.08217,-1.72528,1.85372,0.282097,0.861565,0.869216,1.03396,-2.40006,0.395019,1.60813,0.900929,-0.0595406,0.629672,-2.44,-0.524942
-2.1257,0.79842,-1.92965,1.45175,2.17301,1.56121,-1.78426,-1.9461,-0.324428,-2.5211,-2.67442,0.800819,-0.35056,-0.692008,-1.44571,-2.25465,0.247946,1.54986,-1.24723,0.437848
-2.70506,-0.55428,-1.24447,0.477318,0.605485,0.702114,-2.15247,-2.00417,-0.623302,-1.60977,-1.91902,-0.954914,0.490099,-0.670242,-2.18569,-1.94239,0.102178,0.918134,-0.415677,0.657582
1.31347,-0.957836,1.91179,1.25081,1.3066,0.520723,-2.57211,2.27987,0.121872,2.23703,2.1255,0.0108629,-2.04221,0.318336,1.07968,1.1574,0.0569149,-0.00424684,-2.30067,-0.432871
0.0418838,2.27193,-1.05199,0.313582,2.03266,1.03764,0.896856,-1.74868,0.396767,-1.45585,-1.64998,2.57626,0.561464,-0.0897351,-0.369651,-2.18893,0.687163,0.980798,-0.541071,0.287433
-2.48304,1.48724,-1.95666,0.440276,2.14101,2.60934,-1.88596,-0.265201,0.671374,-1.89636,-1.73764,0.767668,-0.276906,0.279933,-0.574171,-1.72841,0.670165,2.44956,-2.47764,-0.405726
-1.22528,2.21271,-1.1751,0.385005,1.13844,0.643425,1.35835,-2.62782,0.101305,-1.668,-1.51395,2.14687,1.21433,0.652718,-1.25596,-1.34709,-0.0433714,0.578517,0.742204,1.35413
0.173857,0.853939,1.0985,1.69472,2.20169,1.80028,-1.86776,2.41423,0.943719,1.18713,1.73255,1.45128,-1.78068,1.36948,1.21377,1.28882,0.202164,1.02392,-2.82604,-0.468477
-1.81894,0.968088,-0.522443,0.887252,0.925056,1.72951,-0.870956,-0.00422596,0.00157646,-0.454293,-0.25754,-0.18866,-0.315969,-0.328757,-0.330368,-0.639821,0.00645903,1.07474,-0.9063,0.31908
-1.46035,-0.274003,0.867662,0.560026,-1.12221,0.535519,-0.147824,2.09184,0.365359,0.934027,1.8466,-1.35995,-0.212185,0.853148,0.438663,2.28379,-0.518304,-0.0456714,0.0997817,-0.127511
-1.73548,0.0603217,1.57464,1.59993,-0.337606,0.879895,-0.429518,1.23213,-0.0348802,1.19106,1.86373,-1.10256,-0.0454735,-0.00963864,-0.260183,1.16241,-0.340775,-0.150646,0.164756,0.508222
2.3563,0.500239,1.65935,1.81196,1.49818,0.0567343,-0.0989093,1.79713,0.361359,1.55085,1.9322,2.04342,-1.94089,1.07426,1.73044,2.09261,-0.372901,-0.527551,-1.07187,0.0263261