0.9236,-2.93155,0.440917,-0.607334,-1.27195,-1.82119,-1.56162,0.00429792,-0.870799,0.570994,-0.07991,-2.01456,-0.419539,-0.812245,-0.408334,0.239812,-0.203531,-1.06518,0.394896,-0.351025
0.289389,-0.78933,1.67457,0.500191,-1.13253,-0.526948,0.170349,0.693141,-0.68635,1.9118,1.92334,-1.4525,-0.315602,-0.558658,0.21707,1.20629,-0.680831,-1.17409,1.02396,0.728504
-0.71318,-1.48778,-0.582849,0.610457,-0.0939741,0.0930837,-2.23722,-0.412604,-1.2672,0.0216853,-0.414482,-1.89427,-1.48819,-1.01012,-0.428012,0.116886,-0.893723,-0.0440077,-0.331786,0.715438
1.39057,0.235299,0.372984,1.15964,1.90104,1.08577,-1.72665,1.85387,0.28041,0.867497,0.873414,1.03416,-2.40004,0.397705,1.60811,0.904675,-0.0619556,0.624908,-2.43998,-0.525537
-2.12573,0.820464,-1.92977,1.45176,2.17317,1.57567,-1.78417,-1.95989,-0.322452,-2.52101,-2.67435,0.805023,-0.344162,-0.691926,-1.45079,-2.25482,0.250469,1.55846,-1.25251,0.440399
-2.70505,-0.550091,-1.25687,0.483196,0.604533,0.708966,-2.15246,-2.00407,-0.623271,-1.61003,-1.91908,-0.955745,0.485624,-0.674736,-2.18569,-1.93609,0.102075,0.92317,-0.417415,0.656938
1.31343,-0.962663,1.91195,1.26461,1.3064,0.5246,-2.5722,2.30826,0.122399,2.2371,2.13056,0.0102307,-2.06213,0.322776,1.09619,1.18314,0.0503541,-0.00928153,-2.30078,-0.443498
0.0436348,2.27193,-1.0572,0.319006,2.03268,1.04116,0.896954,-1.75357,0.396087,-1.47667,-1.65258,2.57622,0.565348,-0.0898152,-0.369687,-2.18888,0.687285,0.980913,-0.532684,0.28418
-2.48308,1.48874,-1.95665,0.445889,2.14087,2.60952,-1.88601,-0.280823,0.671241,-1.90959,-1.74483,0.767306,-0.271206,0.280004,-0.580513,-1.7285,0.670188,2.44958,-2.47756,-0.410051
-1.22535,2.21273,-1.18468,0.393728,1.13839,0.647696,1.3584,-2.62789,0.103215,-1.68597,-1.51403,2.14691,1.21428,0.652659,-1.25255,-1.34509,-0.043347,0.584234,0.744649,1.35406
0.178509,0.855627,1.10898,1.69589,2.20189,1.8002,-1.86768,2.41417,0.943762,1.18713,1.7325,1.45119,-1.78075,1.36947,1.21751,1.28903,0.203437,1.02006,-2.82707,-0.473371
-1.81895,0.969646,-0.526194,0.887467,0.930906,1.72944,-0.875633,-0.0136916,0.00167816,-0.467114,-0.266851,-0.185756,-0.316727,-0.328857,-0.333716,-0.646677,0.00880925,1.0785,-0.916058,0.314728
-1.46026,-0.273731,0.883877,0.558441,-1.12218,0.530154,-0.154285,2.09188,0.3653,0.95212,1.85313,-1.36523,-0.215969,0.853161,0.438308,2.28374,-0.518363,-0.0462563,0.0853019,-0.123424
-1.73555,0.0695384,1.57462,1.59986,-0.334406,0.880475,-0.429512,1.2322,-0.0363154,1.19329,1.86378,-1.10244,-0.0537266,-0.0116603,-0.256426,1.1625,-0.341578,-0.148259,0.154655,0.51194
2.35632,0.503938,1.67226,1.81202,1.49713,0.0582453,-0.105132,1.79656,0.359492,1.55487,1.93232,2.04346,-1.94087,1.07634,1.73044,2.09249,-0.37328,-0.529588,-1.07195,0.0292734