0.925165,-2.93159,0.436401,-0.614925,-1.27403,-1.82118,-1.56152,0.00467769,-0.871669,0.580745,-0.0798225,-2.01456,-0.420041,-0.812292,-0.409108,0.239821,-0.203932,-1.06513,0.395991,-0.348784
0.290635,-0.795308,1.67397,0.500238,-1.13274,-0.532737,0.170013,0.697131,-0.687856,1.91185,1.92329,-1.45259,-0.319766,-0.55857,0.218213,1.20766,-0.681785,-1.17707,1.02403,0.728441
-0.716331,-1.48733,-0.582798,0.609332,-0.0951466,0.0938107,-2.23726,-0.412676,-1.2672,0.0257473,-0.41477,-1.89427,-1.48818,-1.01016,-0.4304,0.116935,-0.893681,-0.0429636,-0.33452,0.715475
1.3897,0.236866,0.380697,1.16147,1.90104,1.08747,-1.72736,1.85394,0.279583,0.870391,0.875427,1.03422,-2.40003,0.398968,1.6081,0.906451,-0.0631701,0.622586,-2.43997,-0.525774
-2.12574,0.830955,-1.92983,1.45177,2.17325,1.58259,-1.78412,-1.96654,-0.321509,-2.52097,-2.67432,0.807039,-0.341032,-0.691887,-1.45321,-2.25491,0.251713,1.56254,-1.25504,0.441592
-2.70505,-0.54802,-1.26277,0.48597,0.604035,0.712204,-2.15246,-2.00402,-0.623257,-1.61015,-1.91911,-0.956148,0.483488,-0.676818,-2.18569,-1.93295,0.102026,0.925549,-0.418222,0.656573
1.31341,-0.964777,1.91203,1.27108,1.3063,0.526424,-2.57224,2.32172,0.122651,2.23713,2.13286,0.00999467,-2.07169,0.324989,1.1041,1.19547,0.0471224,-0.0116938,-2.30084,-0.44853
0.0444752,2.27193,-1.05967,0.321627,2.03269,1.04289,0.897002,-1.75593,0.395754,-1.48666,-1.65387,2.5762,0.56725,-0.0898552,-0.369706,-2.18885,0.687355,0.980969,-0.528669,0.282634
-2.4831,1.48948,-1.95665,0.448545,2.1408,2.60961,-1.88604,-0.288363,0.671177,-1.91586,-1.74831,0.767165,-0.268419,0.280038,-0.583558,-1.72854,0.670199,2.44959,-2.47752,-0.412125
-1.22538,2.21275,-1.18912,0.397967,1.13836,0.6498,1.35842,-2.62792,0.104127,-1.69455,-1.51407,2.14692,1.21426,0.652631,-1.25093,-1.34402,-0.0433347,0.586979,0.745733,1.35402
0.180694,0.856367,1.11399,1.69638,2.20198,1.80016,-1.86765,2.41414,0.943783,1.18713,1.73248,1.45115,-1.78078,1.36946,1.21932,1.28914,0.203995,1.01817,-2.82752,-0.47571
-1.81895,0.97043,-0.52804,0.887569,0.933706,1.7294,-0.8778,-0.0183296,0.00172645,-0.473303,-0.27138,-0.184317,-0.317025,-0.328905,-0.335338,-0.649991,0.00993893,1.08031,-0.920649,0.312641
-1.46022,-0.273744,0.891667,0.55766,-1.12216,0.527537,-0.15745,2.09189,0.365272,0.960835,1.85629,-1.36777,-0.217837,0.853166,0.438111,2.28372,-0.51839,-0.0465249,0.0783155,-0.121481
-1.73559,0.0739313,1.57461,1.59982,-0.332862,0.880775,-0.429509,1.23223,-0.0369953,1.19427,1.8638,-1.10238,-0.0577485,-0.012622,-0.254591,1.16255,-0.341959,-0.147075,0.149825,0.513667
2.35632,0.50559,1.67846,1.81205,1.49661,0.058967,-0.108097,1.79627,0.358594,1.55681,1.93238,2.04348,-1.94086,1.07729,1.73044,2.09243,-0.373495,-0.530606,-1.07199,0.0307331