0.926673,-2.93164,0.431906,-0.622289,-1.27602,-1.82117,-1.56143,0.00514268,-0.872503,0.590149,-0.0797386,-2.01455,-0.420586,-0.812338,-0.409808,0.239832,-0.204323,-1.06509,0.397069,-0.346667
0.291878,-0.801057,1.67335,0.500283,-1.13292,-0.538331,0.169683,0.701043,-0.689324,1.91189,1.92323,-1.45267,-0.323897,-0.558484,0.219379,1.20902,-0.682736,-1.17993,1.02409,0.728381
-0.719335,-1.48687,-0.582748,0.608186,-0.0962777,0.0944853,-2.2373,-0.412745,-1.2672,0.0298006,-0.415003,-1.89427,-1.48818,-1.0102,-0.432689,0.116982,-0.893639,-0.0419623,-0.337201,0.71551
1.38882,0.238327,0.388174,1.16325,1.90105,1.0891,-1.72808,1.85401,0.278768,0.873238,0.877387,1.03424,-2.40003,0.40018,1.6081,0.908167,-0.0643872,0.620305,-2.43995,-0.525973
-2.12576,0.841099,-1.92988,1.45178,2.17333,1.5893,-1.78408,-1.97302,-0.320594,-2.52092,-2.67429,0.808998,-0.337947,-0.69185,-1.45557,-2.25499,0.252944,1.56649,-1.25751,0.44273
-2.70505,-0.545969,-1.26848,0.488637,0.603523,0.715324,-2.15246,-2.00397,-0.623242,-1.61026,-1.91914,-0.956542,0.481418,-0.678796,-2.18569,-1.92982,0.101978,0.92784,-0.418992,0.656179
1.31339,-0.966703,1.9121,1.27727,1.30621,0.52818,-2.57228,2.3347,0.122895,2.23716,2.13503,0.00980957,-2.081,0.327194,1.11179,1.20746,0.0439246,-0.0140372,-2.3009,-0.453378
0.0452918,2.27193,-1.06206,0.324186,2.03271,1.04461,0.897048,-1.75824,0.395426,-1.49638,-1.65515,2.57619,0.569127,-0.089895,-0.369724,-2.18882,0.687429,0.981024,-0.524772,0.281138
-2.48312,1.49022,-1.95665,0.451107,2.14073,2.60969,-1.88606,-0.295728,0.671115,-1.92191,-1.75171,0.767048,-0.265674,0.280072,-0.586522,-1.72858,0.67021,2.4496,-2.47748,-0.414139
-1.22541,2.21276,-1.19333,0.402122,1.13833,0.651884,1.35844,-2.62795,0.105011,-1.70286,-1.51411,2.14694,1.21424,0.652605,-1.24937,-1.3429,-0.0433223,0.589649,0.746725,1.35399
0.182791,0.857044,1.11886,1.69682,2.20207,1.80011,-1.86762,2.41411,0.943803,1.18713,1.73246,1.45111,-1.78081,1.36946,1.22108,1.28924,0.204502,1.01631,-2.82792,-0.477979
-1.81895,0.971217,-0.529864,0.887667,0.936427,1.72937,-0.879861,-0.0229054,0.00177304,-0.479346,-0.275825,-0.182886,-0.317272,-0.32895,-0.336926,-0.653231,0.0110389,1.08207,-0.925057,0.310613
-1.46018,-0.27385,0.89925,0.556888,-1.12215,0.524962,-0.16057,2.09191,0.365245,0.969334,1.8594,-1.37025,-0.219686,0.853171,0.437903,2.2837,-0.518417,-0.0467792,0.0715001,-0.119601
-1.73562,0.0781863,1.5746,1.59979,-0.331356,0.88108,-0.429505,1.23227,-0.0376506,1.19516,1.86382,-1.10232,-0.0616994,-0.0135509,-0.252786,1.16259,-0.342327,-0.145899,0.145139,0.51531
2.35633,0.507119,1.68448,1.81207,1.4961,0.0596674,-0.11097,1.79597,0.357719,1.55872,1.93243,2.04351,-1.94085,1.07819,1.73044,2.09237,-0.373726,-0.531621,-1.07202,0.0321827