0.929517,-2.93172,0.422999,-0.636356,-1.27976,-1.82116,-1.56126,0.00630575,-0.874067,0.607948,-0.079581,-2.01454,-0.421792,-0.812423,-0.41101,0.239858,-0.205073,-1.065,0.399175,-0.342789
0.294357,-0.811892,1.67205,0.500368,-1.13325,-0.548955,0.169043,0.708629,-0.692147,1.91197,1.92313,-1.45283,-0.332053,-0.558317,0.221774,1.21171,-0.684633,-1.18531,1.02421,0.728267
-0.72492,-1.48593,-0.582652,0.605839,-0.098427,0.0956855,-2.23738,-0.412877,-1.26719,0.0378612,-0.415313,-1.89428,-1.48817,-1.01028,-0.436986,0.117073,-0.89356,-0.0400846,-0.342396,0.715579
1.38703,0.240956,0.402452,1.16666,1.90105,1.09218,-1.72956,1.85414,0.277173,0.878791,0.881157,1.03421,-2.40001,0.402462,1.60808,0.911427,-0.0668235,0.615867,-2.43993,-0.526259
-2.12578,0.860375,-1.92998,1.45179,2.17348,1.60214,-1.78399,-1.98548,-0.318844,-2.52085,-2.67422,0.812749,-0.33191,-0.691779,-1.46008,-2.25515,0.255373,1.57398,-1.26224,0.444842
-2.70505,-0.541933,-1.27935,0.493665,0.602456,0.721227,-2.15246,-2.00387,-0.623213,-1.61048,-1.9192,-0.957307,0.477466,-0.682461,-2.18569,-1.92362,0.101886,0.932174,-0.420432,0.655312
1.31335,-0.970018,1.91224,1.28886,1.30603,0.531506,-2.57236,2.35926,0.123359,2.23723,2.13899,0.00958448,-2.09885,0.331569,1.12651,1.23039,0.0376337,-0.0185209,-2.30101,-0.462534
0.0468542,2.27193,-1.06658,0.329117,2.03273,1.04799,0.897139,-1.76271,0.394785,-1.51502,-1.6577,2.57615,0.572806,-0.0899741,-0.369761,-2.18877,0.687592,0.981131,-0.517332,0.278293
-2.48316,1.4917,-1.95664,0.455959,2.14059,2.60985,-1.88611,-0.309952,0.670997,-1.93339,-1.75829,0.766884,-0.26031,0.280138,-0.592216,-1.72866,0.670232,2.44961,-2.4774,-0.417998
-1.22546,2.21279,-1.2011,0.410177,1.13827,0.655989,1.35847,-2.62802,0.106695,-1.71867,-1.51418,2.14697,1.2142,0.652556,-1.24639,-1.34055,-0.0432975,0.594777,0.748437,1.35393
0.186741,0.858225,1.12819,1.69758,2.20224,1.80003,-1.86756,2.41406,0.943841,1.18712,1.73241,1.45103,-1.78087,1.36946,1.22449,1.28943,0.205376,1.01269,-2.82862,-0.482316
-1.81896,0.972807,-0.533439,0.887854,0.941641,1.72931,-0.883687,-0.0318738,0.00186121,-0.490997,-0.284468,-0.180053,-0.317621,-0.329036,-0.340005,-0.659497,0.0131514,1.08547,-0.933358,0.306736
-1.4601,-0.274312,0.913807,0.555377,-1.12212,0.519933,-0.166666,2.09195,0.365194,0.985697,1.86543,-1.37503,-0.223326,0.853178,0.437453,2.28366,-0.518468,-0.0472487,0.0583864,-0.116024
-1.73569,0.0862997,1.57458,1.59973,-0.328456,0.881696,-0.429497,1.23233,-0.0388884,1.1967,1.86386,-1.10221,-0.0693849,-0.0153114,-0.249262,1.16268,-0.34303,-0.143577,0.136187,0.518357
2.35633,0.509828,1.69602,1.81212,1.49511,0.0610074,-0.116451,1.79539,0.356036,1.56239,1.93254,2.04355,-1.94084,1.07983,1.73045,2.09226,-0.37423,-0.533635,-1.07208,0.0350494