0.932143,-2.93179,0.414226,-0.64957,-1.2832,-1.82115,-1.5611,0.00774309,-0.875501,0.624448,-0.0794361,-2.01453,-0.42313,-0.812503,-0.411979,0.239889,-0.205783,-1.06492,0.401223,-0.339355
0.296825,-0.821886,1.67071,0.500447,-1.13354,-0.55887,0.168432,0.715902,-0.69483,1.91205,1.92304,-1.45298,-0.340056,-0.558158,0.224244,1.21438,-0.686525,-1.19028,1.02432,0.728162
-0.729974,-1.48497,-0.582561,0.603436,-0.100442,0.0967001,-2.23745,-0.412999,-1.26718,0.0458296,-0.415424,-1.89428,-1.48816,-1.01035,-0.440932,0.117159,-0.893484,-0.0383665,-0.347358,0.715644
1.38522,0.243228,0.415871,1.16988,1.90106,1.09503,-1.73109,1.85426,0.275629,0.884163,0.88474,1.03407,-2.4,0.404565,1.60807,0.914469,-0.069254,0.611596,-2.4399,-0.526404
-2.1258,0.878344,-1.93008,1.45181,2.17363,1.61421,-1.78391,-1.9973,-0.31719,-2.52078,-2.67417,0.816286,-0.326048,-0.691714,-1.46433,-2.2553,0.257758,1.58096,-1.26671,0.446738
-2.70505,-0.538,-1.28953,0.498305,0.601339,0.726714,-2.15245,-2.00379,-0.623185,-1.61069,-1.91925,-0.958037,0.473757,-0.685768,-2.18568,-1.91752,0.101799,0.936198,-0.421753,0.654345
1.31331,-0.972668,1.91237,1.29948,1.30587,0.534615,-2.57243,2.38206,0.12379,2.2373,2.14249,0.00953992,-2.11571,0.335882,1.14039,1.25198,0.0314886,-0.0227411,-2.30112,-0.470991
0.048323,2.27193,-1.0708,0.333797,2.03275,1.0513,0.897225,-1.76697,0.394164,-1.53264,-1.66024,2.57613,0.576391,-0.0900528,-0.369798,-2.18872,0.687772,0.981234,-0.510357,0.275628
-2.4832,1.49315,-1.95664,0.460471,2.14046,2.61,-1.88615,-0.323527,0.670886,-1.94409,-1.76459,0.766806,-0.25511,0.280202,-0.597613,-1.72873,0.670254,2.44963,-2.47733,-0.421637
-1.2255,2.21283,-1.20807,0.417887,1.13822,0.66001,1.35849,-2.62808,0.10827,-1.73343,-1.51425,2.147,1.21417,0.652512,-1.2436,-1.33808,-0.0432727,0.599634,0.749794,1.35388
0.190392,0.859205,1.13702,1.69818,2.2024,1.79995,-1.8675,2.41401,0.943877,1.18711,1.73237,1.45095,-1.78093,1.36945,1.22773,1.28962,0.206074,1.00918,-2.82918,-0.486393
-1.81896,0.974416,-0.536906,0.888027,0.946566,1.72925,-0.887155,-0.0406024,0.00194297,-0.502077,-0.292783,-0.177261,-0.31779,-0.329114,-0.342963,-0.665492,0.0151516,1.08871,-0.941015,0.303094
-1.46003,-0.275073,0.927577,0.553917,-1.12208,0.515058,-0.17256,2.09198,0.365147,1.00124,1.87124,-1.37958,-0.22688,0.853183,0.436966,2.28363,-0.518516,-0.0476727,0.0459648,-0.112675
-1.73575,0.0939117,1.57456,1.59968,-0.325704,0.882309,-0.429487,1.23239,-0.040032,1.19795,1.8639,-1.1021,-0.0767779,-0.0169435,-0.245854,1.16276,-0.343695,-0.141301,0.127779,0.521106
2.35634,0.51211,1.70691,1.81216,1.49417,0.0622712,-0.1216,1.7948,0.354443,1.56591,1.93265,2.04358,-1.94082,1.08129,1.73045,2.09216,-0.374785,-0.535621,-1.07214,0.0378701