0.934561,-2.93185,0.405614,-0.661966,-1.28638,-1.82115,-1.56094,0.00941269,-0.876816,0.639708,-0.0793033,-2.01452,-0.424579,-0.812578,-0.41275,0.239925,-0.206454,-1.06484,0.403218,-0.336333
0.299279,-0.831087,1.66933,0.500518,-1.1338,-0.568124,0.167855,0.722864,-0.697381,1.91213,1.92295,-1.45313,-0.347895,-0.558006,0.226776,1.21701,-0.688414,-1.19487,1.02443,0.728065
-0.734535,-1.48402,-0.582475,0.600993,-0.10234,0.0975434,-2.23752,-0.413112,-1.26717,0.053674,-0.415346,-1.89428,-1.48816,-1.01042,-0.444556,0.117241,-0.893413,-0.0367995,-0.352081,0.715706
1.3834,0.245182,0.428485,1.17292,1.90106,1.09768,-1.73267,1.85438,0.274137,0.889357,0.888155,1.03384,-2.39999,0.406505,1.60806,0.91731,-0.0716697,0.607493,-2.43988,-0.526417
-2.12582,0.895066,-1.93016,1.45182,2.17376,1.62555,-1.78382,-2.00849,-0.315621,-2.52072,-2.67411,0.819618,-0.320356,-0.691654,-1.46834,-2.25543,0.260098,1.58747,-1.27092,0.448422
-2.70505,-0.534184,-1.29906,0.502582,0.600175,0.731819,-2.15245,-2.0037,-0.623158,-1.61088,-1.91931,-0.958735,0.470277,-0.68875,-2.18568,-1.91155,0.101717,0.939937,-0.422975,0.653287
1.31327,-0.974717,1.91249,1.30919,1.30572,0.537538,-2.57249,2.40317,0.124187,2.23737,2.14557,0.00965958,-2.13162,0.340117,1.15345,1.27224,0.0254959,-0.0267073,-2.30123,-0.478777
0.049701,2.27193,-1.07472,0.338223,2.03277,1.05452,0.897308,-1.77105,0.393565,-1.54926,-1.66278,2.5761,0.579886,-0.0901309,-0.369835,-2.18867,0.687965,0.981333,-0.503839,0.27313
-2.48324,1.49457,-1.95664,0.464667,2.14034,2.61014,-1.88619,-0.336484,0.670781,-1.95405,-1.77062,0.766804,-0.250072,0.280264,-0.602729,-1.72881,0.670275,2.44964,-2.47727,-0.425062
-1.22554,2.21287,-1.21429,0.425246,1.13817,0.663947,1.35851,-2.62814,0.109739,-1.74716,-1.51431,2.14702,1.21414,0.652472,-1.24098,-1.3355,-0.043248,0.604234,0.750808,1.35383
0.193776,0.860014,1.14536,1.69867,2.20255,1.79987,-1.86745,2.41396,0.943911,1.18711,1.73232,1.45088,-1.78098,1.36945,1.23082,1.28979,0.206611,1.0058,-2.82961,-0.490223
-1.81896,0.976041,-0.540256,0.888187,0.951223,1.7292,-0.890304,-0.0490964,0.00201864,-0.512599,-0.300777,-0.174512,-0.317795,-0.329186,-0.345806,-0.67123,0.0170447,1.09178,-0.948081,0.299682
-1.45996,-0.27609,0.940588,0.552514,-1.12205,0.510326,-0.178244,2.09201,0.365104,1.01598,1.87684,-1.38391,-0.230341,0.853185,0.436446,2.2836,-0.518561,-0.0480584,0.0342334,-0.109538
-1.73582,0.101054,1.57455,1.59963,-0.323099,0.882911,-0.429477,1.23244,-0.041085,1.19895,1.86393,-1.102,-0.0838758,-0.0184501,-0.242562,1.16284,-0.344328,-0.13908,0.119892,0.523577
2.35635,0.514009,1.71718,1.81221,1.49329,0.0634632,-0.12644,1.79422,0.352935,1.56926,1.93274,2.04362,-1.94081,1.0826,1.73045,2.09207,-0.375384,-0.537567,-1.07219,0.0406416