0.935696,-2.93188,0.401375,-0.667869,-1.28788,-1.82115,-1.56087,0.0103221,-0.877431,0.646894,-0.0792411,-2.01451,-0.425338,-0.812613,-0.413072,0.239944,-0.206776,-1.06481,0.404197,-0.334966
0.300499,-0.835405,1.66864,0.500552,-1.13392,-0.572516,0.167579,0.726229,-0.698609,1.91216,1.92291,-1.4532,-0.35175,-0.557932,0.228061,1.21831,-0.689358,-1.19703,1.02448,0.72802
-0.736641,-1.48354,-0.582434,0.599763,-0.10325,0.097905,-2.23756,-0.413165,-1.26717,0.0575409,-0.41524,-1.89428,-1.48816,-1.01046,-0.446255,0.11728,-0.893379,-0.03607,-0.354351,0.715735
1.3825,0.246051,0.434505,1.17437,1.90107,1.09893,-1.73348,1.85443,0.273411,0.891889,0.889804,1.03369,-2.39998,0.407418,1.60806,0.918659,-0.0728694,0.605504,-2.43986,-0.526375
-2.12583,0.902979,-1.9302,1.45183,2.17383,1.63095,-1.78378,-2.01385,-0.314865,-2.52069,-2.67408,0.82121,-0.317572,-0.691626,-1.47025,-2.2555,0.261252,1.59055,-1.27293,0.449187
-2.70505,-0.532324,-1.30359,0.504592,0.599578,0.734238,-2.15245,-2.00366,-0.623145,-1.61098,-1.91934,-0.959071,0.468619,-0.690128,-2.18567,-1.90861,0.101678,0.941708,-0.423553,0.652726
1.31326,-0.975534,1.91254,1.31373,1.30564,0.538937,-2.57252,2.41314,0.124374,2.2374,2.14698,0.0097756,-2.13922,0.342201,1.1597,1.28189,0.0225588,-0.0285984,-2.30128,-0.482428
0.050357,2.27193,-1.07657,0.340342,2.03278,1.0561,0.897347,-1.77302,0.393274,-1.5572,-1.66405,2.57609,0.5816,-0.0901697,-0.369854,-2.18864,0.688066,0.981381,-0.500749,0.27194
-2.48326,1.49527,-1.95663,0.466654,2.14028,2.61021,-1.88621,-0.34274,0.670731,-1.95878,-1.77354,0.766828,-0.247613,0.280294,-0.605188,-1.72884,0.670285,2.44965,-2.47723,-0.426696
-1.22556,2.21289,-1.21714,0.428794,1.13814,0.665884,1.35852,-2.62816,0.110436,-1.75365,-1.51435,2.14703,1.21412,0.652453,-1.23973,-1.33417,-0.0432357,0.606443,0.751192,1.3538
0.195378,0.860363,1.14937,1.69887,2.20262,1.79983,-1.86743,2.41393,0.943927,1.1871,1.7323,1.45085,-1.78101,1.36945,1.23232,1.28988,0.206824,1.00415,-2.82978,-0.492048
-1.81896,0.976859,-0.541885,0.888263,0.953457,1.72918,-0.89177,-0.0532568,0.00205431,-0.517655,-0.304655,-0.173155,-0.317741,-0.32922,-0.347187,-0.674007,0.0179529,1.09326,-0.951407,0.298061
-1.45993,-0.276682,0.946818,0.551835,-1.12203,0.508012,-0.181006,2.09203,0.365083,1.02305,1.87956,-1.38599,-0.232036,0.853186,0.436175,2.28359,-0.518582,-0.0482388,0.0286246,-0.108044
-1.73584,0.104459,1.57454,1.5996,-0.321851,0.883204,-0.429472,1.23247,-0.0415789,1.19936,1.86394,-1.10195,-0.0873138,-0.0191574,-0.240959,1.16288,-0.344634,-0.137991,0.116138,0.524716
2.35635,0.514829,1.72209,1.81223,1.49286,0.0640334,-0.128752,1.79394,0.352213,1.57088,1.93279,2.04364,-1.94081,1.0832,1.73045,2.09202,-0.375698,-0.538523,-1.07221,0.0420081