0.937824,-2.93194,0.393045,-0.67911,-1.29071,-1.82114,-1.56074,0.012267,-0.878586,0.660417,-0.079125,-2.0145,-0.426914,-0.812681,-0.413604,0.239985,-0.207396,-1.06473,0.406119,-0.332499
0.302921,-0.843509,1.66724,0.500614,-1.13416,-0.580858,0.167054,0.732729,-0.700976,1.91223,1.92284,-1.45333,-0.359322,-0.557791,0.230664,1.22088,-0.691244,-1.20111,1.02457,0.727936
-0.740529,-1.48262,-0.582356,0.597295,-0.105,0.098516,-2.23762,-0.413266,-1.26716,0.0651496,-0.414899,-1.89428,-1.48816,-1.01053,-0.449441,0.117354,-0.893313,-0.0347141,-0.358705,0.715792
1.38071,0.247594,0.446004,1.17715,1.90107,1.1013,-1.73513,1.85453,0.272001,0.896826,0.892996,1.03333,-2.39997,0.409137,1.60805,0.921223,-0.0752479,0.601651,-2.43984,-0.526203
-2.12585,0.917948,-1.93028,1.45184,2.17396,1.64126,-1.7837,-2.02413,-0.313406,-2.52064,-2.67403,0.824256,-0.312127,-0.691572,-1.47393,-2.25563,0.263528,1.59639,-1.27678,0.450567
-2.70505,-0.528707,-1.31222,0.508371,0.598355,0.73883,-2.15244,-2.00359,-0.623118,-1.61115,-1.91939,-0.959718,0.465461,-0.69268,-2.18567,-1.90287,0.101604,0.945062,-0.424654,0.651547
1.31322,-0.976793,1.91265,1.32223,1.30551,0.541626,-2.57257,2.43192,0.124722,2.23747,2.14955,0.0101089,-2.15375,0.346296,1.17161,1.30027,0.0168062,-0.0322032,-2.30138,-0.489266
0.0516058,2.27193,-1.08007,0.344391,2.03279,1.05919,0.897423,-1.77682,0.39271,-1.57239,-1.66659,2.57607,0.584965,-0.0902466,-0.36989,-2.18859,0.688278,0.981474,-0.494896,0.269671
-2.48329,1.49664,-1.95663,0.470415,2.14017,2.61034,-1.88625,-0.354822,0.670635,-1.96774,-1.77918,0.766921,-0.242813,0.280353,-0.609915,-1.72891,0.670306,2.44966,-2.47718,-0.429813
-1.2256,2.21293,-1.22235,0.435625,1.1381,0.669695,1.35854,-2.62822,0.111755,-1.76591,-1.5144,2.14706,1.2141,0.652418,-1.23734,-1.33148,-0.0432115,0.610684,0.751726,1.35376
0.198416,0.860968,1.15706,1.69922,2.20275,1.79976,-1.86738,2.41389,0.943958,1.18709,1.73226,1.45079,-1.78106,1.36945,1.2352,1.29004,0.207148,1.00094,-2.83005,-0.495527
-1.81896,0.978503,-0.545049,0.888406,0.957745,1.72913,-0.894504,-0.0614067,0.00212153,-0.527365,-0.312175,-0.170477,-0.317525,-0.329283,-0.349873,-0.679389,0.0196964,1.09611,-0.957673,0.294985
-1.45987,-0.27801,0.958748,0.550528,-1.122,0.503481,-0.186364,2.09206,0.365045,1.03664,1.88484,-1.39002,-0.235349,0.853185,0.435617,2.28356,-0.518623,-0.0485783,0.0179138,-0.105198
-1.7359,0.110953,1.57452,1.59956,-0.319463,0.883772,-0.429461,1.23252,-0.0425041,1.20003,1.86397,-1.10185,-0.0939682,-0.0204826,-0.237838,1.16295,-0.34523,-0.135862,0.10899,0.526811
2.35635,0.516232,1.73147,1.81226,1.49206,0.0651242,-0.133172,1.79339,0.35083,1.574,1.93288,2.04367,-1.9408,1.08432,1.73045,2.09194,-0.376351,-0.540397,-1.07225,0.0447014