0.939774,-2.93199,0.384927,-0.689628,-1.29335,-1.82114,-1.56061,0.014351,-0.879647,0.672865,-0.0790192,-2.01448,-0.428552,-0.812744,-0.41401,0.240028,-0.207983,-1.06466,0.407994,-0.330363
0.305316,-0.85094,1.66584,0.50067,-1.13439,-0.588642,0.166566,0.738926,-0.703229,1.9123,1.92277,-1.45345,-0.366706,-0.557656,0.233298,1.22341,-0.693124,-1.20487,1.02465,0.72786
-0.74401,-1.48173,-0.582283,0.594828,-0.106669,0.098987,-2.23768,-0.413359,-1.26715,0.0725749,-0.414395,-1.89428,-1.48816,-1.01059,-0.452366,0.117425,-0.893252,-0.0334888,-0.362812,0.715845
1.37895,0.248904,0.456816,1.17977,1.90108,1.1035,-1.73681,1.85463,0.270647,0.901597,0.896058,1.03289,-2.39996,0.410727,1.60805,0.923618,-0.0775933,0.597963,-2.43981,-0.525915
-2.12587,0.931831,-1.93035,1.45186,2.17408,1.65093,-1.78363,-2.03382,-0.31201,-2.52059,-2.67399,0.827124,-0.30684,-0.691523,-1.4774,-2.25574,0.265762,1.60182,-1.2804,0.451754
-2.70505,-0.525233,-1.3203,0.511848,0.5971,0.743115,-2.15244,-2.00352,-0.623093,-1.61131,-1.91944,-0.960333,0.462504,-0.69498,-2.18566,-1.89729,0.101535,0.948185,-0.425691,0.650296
1.31319,-0.977597,1.91275,1.32999,1.30539,0.54418,-2.57261,2.44927,0.125038,2.23753,2.15182,0.0105619,-2.16742,0.350284,1.18281,1.31745,0.0112202,-0.035581,-2.30148,-0.495513
0.0527739,2.27193,-1.08331,0.348192,2.03281,1.06221,0.897496,-1.78047,0.39217,-1.58668,-1.66913,2.57606,0.588247,-0.0903224,-0.369926,-2.18854,0.688499,0.981564,-0.489468,0.267539
-2.48332,1.49798,-1.95663,0.473911,2.14006,2.61046,-1.88628,-0.366352,0.670546,-1.97608,-1.78458,0.767062,-0.238167,0.28041,-0.614403,-1.72898,0.670325,2.44967,-2.47712,-0.432732
-1.22562,2.21297,-1.22695,0.442107,1.13805,0.673421,1.35855,-2.62827,0.112981,-1.77722,-1.51445,2.14708,1.21408,0.652387,-1.23509,-1.32873,-0.0431878,0.614702,0.751966,1.35372
0.201255,0.861469,1.16434,1.6995,2.20287,1.79969,-1.86735,2.41384,0.943987,1.18708,1.73222,1.45073,-1.7811,1.36945,1.23796,1.2902,0.207346,0.997849,-2.83023,-0.498782
-1.81896,0.980152,-0.548085,0.888539,0.961808,1.72909,-0.897,-0.0693315,0.00218357,-0.536557,-0.319385,-0.167849,-0.317179,-0.329341,-0.352464,-0.68455,0.0213477,1.09881,-0.963457,0.292123
-1.45981,-0.279501,0.969994,0.549287,-1.12197,0.499073,-0.191501,2.09209,0.36501,1.04948,1.88992,-1.39384,-0.238557,0.853183,0.435038,2.28354,-0.518661,-0.0488934,0.00786701,-0.102529
-1.73596,0.117051,1.5745,1.59952,-0.317216,0.884308,-0.429449,1.23256,-0.0433502,1.20052,1.864,-1.10177,-0.100329,-0.0216925,-0.23483,1.16303,-0.345805,-0.133801,0.102306,0.528679
2.35636,0.517354,1.7403,1.8123,1.49132,0.0661506,-0.137336,1.79286,0.349526,1.57697,1.93297,2.0437,-1.94079,1.08533,1.73045,2.09185,-0.377034,-0.542217,-1.07229,0.0473399