0.616707,-2.91957,0.332117,0.325749,-0.672859,-1.82929,-1.56674,0.216361,-0.482896,-0.240386,-0.0870515,-2.02473,-0.350349,-0.790552,0.102945,0.231879,-0.0637741,-1.06847,0.224445,-0.402462
0.099657,-0.324806,0.822571,0.4873,-0.436878,0.440529,-0.122064,0.085659,-0.318319,1.90881,1.92142,-1.4314,0.0522642,-0.596239,0.0971208,0.369813,-0.2657,-0.171881,1.00436,0.741573
-0.142839,-0.963726,-0.590202,0.411555,0.153965,-0.0910889,-2.24003,-0.405454,-1.26276,0.0532773,-0.155455,-1.90222,-1.47951,-0.988445,-0.0947723,0.113502,-0.897491,-0.27717,-0.245434,0.714054
0.904927,-0.148816,-0.448511,0.548356,1.90522,0.331072,-1.12486,1.82976,0.297914,0.191254,0.326154,0.728981,-2.40982,0.273443,1.62224,0.135048,-0.24355,0.608257,-2.43311,-0.204883
-2.1323,-0.268647,-1.93211,1.45039,2.16009,0.3405,-1.78226,-0.942299,-0.248228,-2.53194,-2.66207,0.332386,-0.434445,-0.716596,-0.726162,-2.24112,0.196956,0.623785,-0.696841,0.0456022
-2.70228,-0.127814,-0.410394,0.319222,0.34573,0.330106,-2.14909,-2.00302,-0.617917,-1.58449,-1.93351,-0.43199,0.902093,-0.26186,-2.18931,-0.848011,0.110308,0.111431,0.154705,0.350921
1.31231,-0.437019,1.8946,-0.291921,1.30522,-0.074503,-2.57225,-0.0307048,-0.118693,2.23972,1.07651,-0.0393537,-0.980973,0.227077,0.110448,0.135537,0.18629,0.175828,-2.29984,0.262614
0.194446,2.27178,-0.471948,0.139109,2.03002,0.841004,0.893967,-0.905908,0.381648,-0.241091,-0.745928,2.56731,0.201625,-0.073795,-0.349734,-2.18941,0.607945,0.982618,-0.437586,0.114203
-2.47335,0.74132,-1.95232,0.0968115,2.1389,2.60465,-1.8905,0.350295,0.6848,-0.393629,-0.917577,0.288369,-0.424366,0.27681,-0.255958,-1.72954,0.656847,2.44984,-2.46929,-0.00741952
-1.21426,2.22679,-0.218965,0.062295,1.13522,0.400818,1.34367,-2.63219,0.0603395,-0.440526,-1.49842,2.13956,1.21108,0.676831,-0.724658,-0.907089,-0.0374393,0.407488,0.176207,1.34957
-0.137368,0.457502,0.205181,0.574312,2.19878,1.80172,-1.8588,2.41113,0.934898,1.17499,1.74047,1.43549,-1.77582,1.37135,0.489163,1.2736,-0.0306096,0.743868,-1.46412,-0.012713
-1.83613,0.715705,-0.543164,0.859273,0.261943,1.72488,-0.47839,0.175716,-0.015306,-0.11167,0.360332,-0.411321,0.0582727,-0.325443,-0.448366,-0.323473,0.0717935,0.866747,0.0327365,0.20149
-1.46617,-0.329206,0.246235,0.160443,-1.13278,0.619615,0.132657,2.09463,0.374482,-0.401164,0.919479,-0.672234,-0.334051,0.864334,0.2524,2.28419,-0.518712,-0.288942,0.360263,-0.385701
-1.72117,-0.511061,1.56698,1.61351,-0.431407,0.664236,-0.428364,1.22535,0.0846917,0.687418,1.85544,-1.11457,-0.00522929,-0.235873,-0.0190644,1.15938,-0.111737,-0.226213,0.374126,0.0659778
2.35601,0.336264,0.714355,1.80238,0.709711,-0.0522907,0.317582,1.04907,0.15095,0.575462,1.91749,2.05329,-1.94727,0.506736,1.70896,2.09294,-0.236291,-0.370282,-1.05277,0.0472404