0.94537,-2.93213,0.358353,-0.721308,-1.30134,-1.82116,-1.56023,0.0223091,-0.882737,0.708927,-0.0787179,-2.01444,-0.434552,-0.812939,-0.414711,0.24019,-0.209828,-1.06444,0.41418,-0.325073
0.313385,-0.872312,1.66105,0.500825,-1.13525,-0.612014,0.165142,0.758299,-0.710308,1.9125,1.92257,-1.45382,-0.390965,-0.557234,0.242599,1.23177,-0.699619,-1.21597,1.02489,0.727647
-0.753444,-1.47903,-0.582059,0.586375,-0.112005,0.0996832,-2.23786,-0.413634,-1.26712,0.09692,-0.41151,-1.89429,-1.48818,-1.01079,-0.460827,0.117642,-0.893065,-0.0301171,-0.375268,0.716007
1.37321,0.252032,0.489861,1.18776,1.9011,1.11005,-1.74285,1.85491,0.266347,0.917051,0.905942,1.0309,-2.39992,0.415426,1.60804,0.930817,-0.0854657,0.5863,-2.43971,-0.524107
-2.12592,0.972804,-1.93055,1.4519,2.17443,1.68025,-1.78339,-2.06351,-0.307525,-2.52046,-2.67385,0.835949,-0.289515,-0.69138,-1.48817,-2.25609,0.273238,1.61801,-1.29144,0.454542
-2.70507,-0.514275,-1.34479,0.521958,0.592545,0.756066,-2.15243,-2.00331,-0.623009,-1.61181,-1.9196,-0.962233,0.453589,-0.701392,-2.18562,-1.87921,0.101327,0.957545,-0.42896,0.64548
1.31309,-0.977602,1.91304,1.35223,1.30505,0.552225,-2.57274,2.50004,0.125898,2.23771,2.15803,0.012838,-2.20895,0.363298,1.21679,1.36892,-0.00696844,-0.0457833,-2.30177,-0.513215
0.0562972,2.27192,-1.09285,0.359626,2.03286,1.07211,0.897721,-1.79198,0.390486,-1.63006,-1.67795,2.57601,0.599095,-0.0905763,-0.370045,-2.18837,0.689338,0.981848,-0.473579,0.261034
-2.48343,1.50224,-1.95662,0.484278,2.13975,2.61081,-1.88638,-0.402679,0.670273,-2.00096,-1.80157,0.76781,-0.223053,0.280589,-0.628436,-1.72919,0.670389,2.44969,-2.47696,-0.441481
-1.2257,2.21312,-1.23908,0.462126,1.13793,0.685791,1.35857,-2.62842,0.116619,-1.81009,-1.51461,2.14713,1.21401,0.652299,-1.22809,-1.31896,-0.0431099,0.62717,0.750826,1.35359
0.209905,0.862683,1.187,1.7001,2.20321,1.79947,-1.86725,2.4137,0.944075,1.18706,1.73208,1.45056,-1.78125,1.36946,1.24668,1.29068,0.207228,0.987961,-2.8304,-0.508545
-1.81895,0.985877,-0.557704,0.888929,0.974473,1.72898,-0.904191,-0.095331,0.00236508,-0.564921,-0.342272,-0.159079,-0.315107,-0.329509,-0.36087,-0.701057,0.0264856,1.10722,-0.980437,0.283677
-1.45963,-0.285569,1.00443,0.545491,-1.12187,0.484538,-0.207735,2.09218,0.364909,1.08897,1.90618,-1.40582,-0.248925,0.853165,0.432913,2.28349,-0.518779,-0.0498572,-0.0223527,-0.0944259
-1.73612,0.135636,1.57445,1.5994,-0.310389,0.885887,-0.429406,1.23271,-0.0457612,1.20111,1.86406,-1.10149,-0.120341,-0.0251016,-0.225166,1.16326,-0.347692,-0.127156,0.0822178,0.533681
2.35637,0.519559,1.76726,1.81241,1.48912,0.0692621,-0.150139,1.79119,0.345536,1.58624,1.93323,2.04378,-1.94077,1.0882,1.73045,2.09161,-0.379584,-0.548125,-1.07239,0.0561241