0.946031,-2.93215,0.354804,-0.725244,-1.30235,-1.82116,-1.56019,0.0234884,-0.883112,0.713234,-0.0786824,-2.01443,-0.435422,-0.812964,-0.414747,0.240214,-0.210068,-1.06441,0.415014,-0.324551
0.314488,-0.874846,1.66039,0.500842,-1.13537,-0.614915,0.164972,0.760783,-0.711227,1.91253,1.92255,-1.45387,-0.394222,-0.55718,0.243921,1.23289,-0.700529,-1.21732,1.02491,0.727623
-0.754489,-1.47871,-0.582031,0.585207,-0.112716,0.0996775,-2.23788,-0.413667,-1.26712,0.100175,-0.410974,-1.89429,-1.48819,-1.01082,-0.46184,0.117669,-0.893042,-0.0297398,-0.376813,0.716028
1.37245,0.252333,0.494036,1.18876,1.9011,1.11085,-1.74372,1.85495,0.265787,0.919108,0.907265,1.03058,-2.39992,0.416004,1.60804,0.931711,-0.0865408,0.584784,-2.4397,-0.523758
-2.12593,0.977796,-1.93058,1.45191,2.17448,1.68392,-1.78336,-2.06725,-0.306927,-2.52044,-2.67384,0.837075,-0.287182,-0.691362,-1.48955,-2.25613,0.274262,1.62001,-1.29283,0.454785
-2.70507,-0.512866,-1.34786,0.523174,0.591883,0.757692,-2.15243,-2.00328,-0.622998,-1.61187,-1.91962,-0.962474,0.452482,-0.702136,-2.18561,-1.87682,0.101301,0.958709,-0.429393,0.644749
1.31308,-0.977324,1.91308,1.35488,1.30501,0.553272,-2.57275,2.50617,0.125991,2.23773,2.15874,0.0132244,-2.21415,0.365028,1.22104,1.37527,-0.00939027,-0.0470544,-2.3018,-0.515272
0.056737,2.27192,-1.09401,0.361035,2.03287,1.07345,0.89775,-1.79348,0.390272,-1.63548,-1.67919,2.57601,0.600564,-0.0906109,-0.370061,-2.18835,0.689464,0.981885,-0.471673,0.260212
-2.48345,1.50279,-1.95661,0.485546,2.13971,2.61085,-1.88639,-0.407391,0.670239,-2.00403,-1.80377,0.767936,-0.221032,0.280612,-0.63025,-1.72922,0.670398,2.44969,-2.47694,-0.442555
-1.22571,2.21314,-1.24038,0.464661,1.13792,0.687473,1.35857,-2.62844,0.117066,-1.81402,-1.51463,2.14714,1.21401,0.652289,-1.22719,-1.31757,-0.0430995,0.628766,0.750453,1.35357
0.211004,0.862814,1.1899,1.70016,2.20325,1.79944,-1.86724,2.41368,0.944086,1.18705,1.73206,1.45054,-1.78127,1.36946,1.24782,1.29075,0.207126,0.986665,-2.83038,-0.509747
-1.81895,0.986679,-0.558953,0.888976,0.976107,1.72897,-0.905055,-0.098828,0.00238708,-0.568525,-0.345255,-0.157882,-0.31472,-0.329529,-0.361996,-0.703236,0.0271471,1.1083,-0.982501,0.282655
-1.45961,-0.286501,1.00877,0.545017,-1.12186,0.482567,-0.209836,2.09219,0.364897,1.09395,1.90831,-1.40736,-0.250293,0.853162,0.432602,2.28349,-0.518794,-0.0499814,-0.0260816,-0.0934087
-1.73614,0.137978,1.57445,1.59939,-0.309537,0.886071,-0.429399,1.23273,-0.0460443,1.20109,1.86407,-1.10146,-0.122925,-0.0254943,-0.223892,1.16329,-0.347949,-0.126281,0.0797293,0.534227
2.35637,0.519706,1.77065,1.81242,1.48886,0.0696485,-0.151768,1.79097,0.345033,1.58743,1.93327,2.04379,-1.94077,1.08854,1.73045,2.09158,-0.379961,-0.548908,-1.0724,0.0573201