0.947264,-2.93218,0.347896,-0.732717,-1.30429,-1.82116,-1.5601,0.0258529,-0.88382,0.721292,-0.0786161,-2.01442,-0.437159,-0.813011,-0.414784,0.240261,-0.210533,-1.06436,0.416644,-0.323652
0.31665,-0.879577,1.65908,0.500873,-1.13563,-0.620428,0.164656,0.765549,-0.712999,1.91258,1.92251,-1.45395,-0.400575,-0.557076,0.246547,1.23507,-0.70233,-1.21988,1.02497,0.727578
-0.756384,-1.47811,-0.581977,0.582908,-0.114105,0.0995983,-2.23792,-0.41373,-1.26711,0.106512,-0.409824,-1.89429,-1.4882,-1.01086,-0.46374,0.117721,-0.892997,-0.029055,-0.379735,0.716066
1.371,0.252848,0.502019,1.19068,1.90111,1.11237,-1.74545,1.85501,0.264707,0.923115,0.909857,1.0299,-2.39991,0.417101,1.60804,0.933408,-0.0886501,0.581859,-2.43968,-0.523
-2.12594,0.987211,-1.93062,1.45192,2.17456,1.69093,-1.7833,-2.0744,-0.305756,-2.52041,-2.67381,0.839239,-0.282618,-0.691329,-1.49221,-2.25621,0.276277,1.62379,-1.2955,0.455172
-2.70508,-0.510165,-1.35372,0.525459,0.59056,0.760799,-2.15243,-2.00323,-0.622977,-1.61199,-1.91965,-0.962936,0.450383,-0.703518,-2.1856,-1.87218,0.101253,0.960923,-0.43024,0.643266
1.31305,-0.976612,1.91314,1.35982,1.30494,0.555295,-2.57278,2.51771,0.126158,2.23778,2.16007,0.0140258,-2.22405,0.368389,1.22913,1.38729,-0.0141006,-0.0494711,-2.30187,-0.519075
0.0575748,2.27192,-1.09618,0.363694,2.03289,1.07607,0.897806,-1.79637,0.389865,-1.64579,-1.68165,2.576,0.603444,-0.0906785,-0.370091,-2.1883,0.689722,0.981957,-0.468107,0.258641
-2.48347,1.50384,-1.95661,0.487939,2.13964,2.61093,-1.88641,-0.416481,0.670174,-2.00984,-1.808,0.768194,-0.217087,0.280656,-0.633752,-1.72927,0.670415,2.4497,-2.4769,-0.44458
-1.22573,2.21318,-1.24273,0.469501,1.13789,0.690773,1.35857,-2.62847,0.11791,-1.82134,-1.51466,2.14715,1.21399,0.65227,-1.22545,-1.31479,-0.0430794,0.631832,0.749578,1.35354
0.213116,0.86306,1.19549,1.70025,2.20333,1.79938,-1.86722,2.41364,0.944107,1.18705,1.73202,1.45051,-1.78131,1.36946,1.25002,1.29086,0.206872,0.984161,-2.83034,-0.512014
-1.81894,0.988264,-0.561364,0.889066,0.979258,1.72894,-0.906679,-0.105661,0.00242858,-0.575423,-0.351016,-0.155532,-0.313888,-0.329568,-0.364197,-0.707468,0.028422,1.11037,-0.986391,0.280736
-1.45957,-0.288387,1.01706,0.544121,-1.12183,0.478701,-0.213878,2.09222,0.364875,1.10347,1.91244,-1.41032,-0.252945,0.853155,0.43198,2.28348,-0.518823,-0.050222,-0.0331317,-0.0914685
-1.73618,0.142453,1.57443,1.59936,-0.307917,0.886405,-0.429387,1.23276,-0.0465706,1.20097,1.86408,-1.10139,-0.127893,-0.0262171,-0.221421,1.16335,-0.348452,-0.124586,0.07501,0.535212
2.35637,0.519908,1.77713,1.81245,1.48835,0.07038,-0.154892,1.79056,0.344074,1.58971,1.93333,2.04381,-1.94077,1.08919,1.73045,2.09152,-0.380719,-0.550428,-1.07243,0.0596672