0.948385,-2.93221,0.341243,-0.739688,-1.30613,-1.82117,-1.56001,0.0282115,-0.884477,0.728656,-0.0785558,-2.01441,-0.438887,-0.813057,-0.414784,0.240307,-0.210979,-1.0643,0.418221,-0.32293
0.318751,-0.883885,1.65779,0.500901,-1.1359,-0.625577,0.164369,0.770051,-0.71469,1.91263,1.92247,-1.45404,-0.406715,-0.556978,0.249143,1.23718,-0.704103,-1.22224,1.02501,0.727539
-0.758037,-1.47757,-0.581927,0.580665,-0.115454,0.099435,-2.23796,-0.413788,-1.26711,0.112619,-0.408577,-1.8943,-1.48821,-1.01091,-0.465483,0.11777,-0.892956,-0.028458,-0.382442,0.716103
1.36961,0.253261,0.50954,1.19248,1.90111,1.11377,-1.74718,1.85508,0.263678,0.926982,0.912381,1.02921,-2.3999,0.418125,1.60804,0.934991,-0.0907027,0.57907,-2.43965,-0.522169
-2.12595,0.995912,-1.93066,1.45193,2.17464,1.6975,-1.78324,-2.08111,-0.304617,-2.52038,-2.67378,0.841296,-0.278186,-0.691298,-1.49473,-2.25629,0.278247,1.6273,-1.29801,0.455434
-2.70508,-0.507619,-1.35921,0.527559,0.58924,0.763727,-2.15243,-2.00319,-0.622956,-1.6121,-1.91969,-0.963369,0.448429,-0.704773,-2.18559,-1.86773,0.101209,0.962995,-0.431065,0.641759
1.31303,-0.97572,1.91321,1.36434,1.30487,0.557225,-2.5728,2.52833,0.1263,2.23782,2.16128,0.0148558,-2.23331,0.371615,1.2367,1.39844,-0.0186337,-0.0517292,-2.30194,-0.52249
0.0583607,2.27192,-1.09819,0.366152,2.0329,1.07861,0.897859,-1.79914,0.389484,-1.65541,-1.68408,2.57599,0.606245,-0.0907442,-0.370121,-2.18826,0.689984,0.982025,-0.464854,0.25716
-2.4835,1.50482,-1.95661,0.490151,2.13957,2.61101,-1.88643,-0.425138,0.670113,-2.01523,-1.81202,0.768456,-0.213269,0.280697,-0.637093,-1.72932,0.670432,2.4497,-2.47686,-0.446446
-1.22574,2.21322,-1.24475,0.474044,1.13787,0.693989,1.35857,-2.6285,0.118695,-1.82802,-1.51469,2.14716,1.21398,0.652252,-1.22379,-1.31205,-0.04306,0.634737,0.748553,1.35351
0.215121,0.86329,1.20078,1.70033,2.2034,1.79933,-1.8672,2.41361,0.944126,1.18704,1.73199,1.45047,-1.78135,1.36947,1.25213,1.29097,0.206557,0.981773,-2.83028,-0.514108
-1.81894,0.989819,-0.56366,0.889149,0.982262,1.72892,-0.908177,-0.112282,0.00246698,-0.581926,-0.356512,-0.15324,-0.312989,-0.329603,-0.366333,-0.711542,0.0296364,1.11234,-0.989987,0.278977
-1.45953,-0.290289,1.02485,0.543289,-1.12181,0.474933,-0.217711,2.09224,0.364855,1.1124,1.91638,-1.41314,-0.255482,0.853148,0.431358,2.28348,-0.51885,-0.0504527,-0.0396618,-0.0896472
-1.73622,0.146664,1.57442,1.59934,-0.306404,0.886697,-0.429374,1.2328,-0.0470476,1.20079,1.86409,-1.10133,-0.132605,-0.0268624,-0.219052,1.1634,-0.348944,-0.122966,0.0706164,0.536065
2.35637,0.520003,1.78321,1.81247,1.48788,0.0710584,-0.157845,1.79018,0.343173,1.59186,1.93339,2.04383,-1.94077,1.08978,1.73045,2.09146,-0.381481,-0.551886,-1.07245,0.061954