0.949402,-2.93223,0.334844,-0.746188,-1.30788,-1.82118,-1.55994,0.0305499,-0.885088,0.735382,-0.0785008,-2.0144,-0.440597,-0.8131,-0.414754,0.240353,-0.211408,-1.06425,0.419744,-0.322365
0.320786,-0.887805,1.65654,0.500925,-1.13616,-0.630386,0.164108,0.7743,-0.716304,1.91268,1.92243,-1.45411,-0.412641,-0.556886,0.251703,1.23919,-0.705845,-1.22442,1.02505,0.727504
-0.75947,-1.47711,-0.581879,0.57848,-0.116766,0.0991955,-2.238,-0.413842,-1.2671,0.118497,-0.407246,-1.8943,-1.48822,-1.01095,-0.467082,0.117816,-0.892918,-0.0279428,-0.384944,0.716137
1.36831,0.253588,0.516628,1.19416,1.90112,1.11507,-1.74889,1.85513,0.2627,0.930716,0.914842,1.0285,-2.39989,0.419083,1.60804,0.936467,-0.092697,0.576412,-2.43963,-0.521271
-2.12596,1.00395,-1.9307,1.45194,2.17471,1.70367,-1.78319,-2.08741,-0.303508,-2.52036,-2.67376,0.843253,-0.273882,-0.69127,-1.49714,-2.25636,0.280172,1.63058,-1.30037,0.455584
-2.70509,-0.505224,-1.36438,0.529492,0.58793,0.766489,-2.15243,-2.00314,-0.622936,-1.6122,-1.91972,-0.963777,0.446611,-0.705914,-2.18558,-1.86348,0.101168,0.964936,-0.43187,0.640235
1.31301,-0.974679,1.91326,1.36847,1.30482,0.559065,-2.57282,2.53811,0.126418,2.23785,2.1624,0.0157042,-2.24197,0.374705,1.24378,1.40878,-0.0229908,-0.0538392,-2.302,-0.525546
0.059099,2.27191,-1.10003,0.368419,2.03291,1.08108,0.897909,-1.80177,0.38913,-1.6644,-1.68646,2.57598,0.608965,-0.0908078,-0.370149,-2.18821,0.690251,0.982091,-0.461894,0.255766
-2.48353,1.50574,-1.95661,0.492194,2.13951,2.61108,-1.88645,-0.433382,0.670056,-2.02024,-1.81582,0.76872,-0.209572,0.280737,-0.640285,-1.72937,0.670448,2.44971,-2.47683,-0.448161
-1.22575,2.21326,-1.24649,0.478303,1.13785,0.697121,1.35857,-2.62853,0.119425,-1.83409,-1.51472,2.14717,1.21397,0.652236,-1.22219,-1.30935,-0.0430415,0.637491,0.747398,1.35348
0.217027,0.863511,1.2058,1.70039,2.20346,1.79928,-1.86718,2.41357,0.944144,1.18704,1.73196,1.45044,-1.78138,1.36947,1.25414,1.29107,0.20619,0.979498,-2.83021,-0.516037
-1.81893,0.991341,-0.565846,0.889225,0.985127,1.7289,-0.90956,-0.118693,0.00250255,-0.588055,-0.361751,-0.151005,-0.31203,-0.329636,-0.368407,-0.715465,0.0307941,1.1142,-0.99331,0.277369
-1.45949,-0.292192,1.03216,0.54252,-1.12179,0.471262,-0.221343,2.09225,0.364836,1.12078,1.92013,-1.4158,-0.257905,0.853141,0.430739,2.28347,-0.518876,-0.0506742,-0.0457008,-0.0879375
-1.73626,0.150628,1.57441,1.59932,-0.304993,0.886946,-0.429361,1.23283,-0.0474798,1.20054,1.8641,-1.10128,-0.137069,-0.0274367,-0.21678,1.16346,-0.349424,-0.121417,0.0665277,0.536797
2.35637,0.520012,1.78893,1.81249,1.48744,0.0716859,-0.16064,1.78981,0.342328,1.5939,1.93345,2.04384,-1.94077,1.09034,1.73045,2.09141,-0.382241,-0.553284,-1.07246,0.0641805