0.949874,-2.93224,0.33174,-0.749271,-1.30873,-1.82118,-1.5599,0.0317076,-0.885377,0.738522,-0.0784751,-2.01439,-0.441445,-0.813121,-0.41473,0.240376,-0.211617,-1.06423,0.420485,-0.322135
0.321778,-0.889629,1.65592,0.500936,-1.1363,-0.632671,0.163986,0.776332,-0.717082,1.9127,1.92242,-1.45415,-0.415525,-0.556842,0.252967,1.24017,-0.706702,-1.22545,1.02507,0.727488
-0.760111,-1.4769,-0.581857,0.577411,-0.117408,0.0990494,-2.23802,-0.413867,-1.2671,0.121351,-0.406553,-1.8943,-1.48822,-1.01097,-0.467832,0.117838,-0.8929,-0.027714,-0.386121,0.716153
1.36769,0.253722,0.520019,1.19496,1.90112,1.11568,-1.74974,1.85516,0.262229,0.932534,0.916051,1.02814,-2.39988,0.419539,1.60805,0.937168,-0.0936717,0.575131,-2.43962,-0.520799
-2.12596,1.00774,-1.93072,1.45194,2.17474,1.70662,-1.78316,-2.09042,-0.302964,-2.52034,-2.67374,0.844197,-0.271777,-0.691256,-1.4983,-2.25639,0.281117,1.63213,-1.30151,0.45562
-2.70509,-0.504083,-1.36685,0.5304,0.587279,0.767812,-2.15243,-2.00312,-0.622926,-1.61225,-1.91974,-0.963971,0.445752,-0.706447,-2.18557,-1.86142,0.101149,0.965861,-0.432266,0.639469
1.313,-0.974113,1.91329,1.37041,1.30479,0.559952,-2.57282,2.5427,0.126469,2.23787,2.16292,0.0161325,-2.24609,0.3762,1.24715,1.41366,-0.0251039,-0.0548418,-2.30203,-0.526949
0.0594515,2.27191,-1.10089,0.369485,2.03292,1.08229,0.897933,-1.80304,0.388962,-1.66866,-1.68763,2.57598,0.610296,-0.0908388,-0.370163,-2.18819,0.690386,0.982122,-0.460518,0.255099
-2.48354,1.50618,-1.9566,0.493156,2.13948,2.61111,-1.88646,-0.437354,0.670029,-2.02262,-1.81765,0.768851,-0.207768,0.280756,-0.641827,-1.7294,0.670456,2.44971,-2.47682,-0.448964
-1.22576,2.21328,-1.24727,0.48033,1.13784,0.698656,1.35857,-2.62855,0.11977,-1.83691,-1.51474,2.14717,1.21396,0.652228,-1.22142,-1.30801,-0.0430326,0.638813,0.746778,1.35347
0.217945,0.86362,1.20821,1.70042,2.20349,1.79926,-1.86718,2.41356,0.944153,1.18704,1.73195,1.45042,-1.7814,1.36948,1.25512,1.29112,0.205989,0.978402,-2.83017,-0.516942
-1.81893,0.992089,-0.566899,0.889261,0.986511,1.72889,-0.910212,-0.12182,0.00251937,-0.590986,-0.364277,-0.149909,-0.311531,-0.329651,-0.369423,-0.717371,0.031353,1.11509,-0.994876,0.276618
-1.45947,-0.293139,1.03565,0.542158,-1.12178,0.469462,-0.223084,2.09226,0.364828,1.12476,1.92195,-1.41708,-0.259074,0.853138,0.430431,2.28347,-0.518888,-0.0507816,-0.0485452,-0.0871222
-1.73627,0.152523,1.57441,1.59931,-0.304323,0.887055,-0.429354,1.23284,-0.0476803,1.2004,1.8641,-1.10125,-0.13921,-0.0276993,-0.21568,1.16348,-0.349659,-0.120669,0.0645915,0.537122
2.35637,0.519989,1.79165,1.8125,1.48723,0.0719812,-0.161981,1.78964,0.341926,1.59487,1.93347,2.04385,-1.94077,1.0906,1.73045,2.09139,-0.38262,-0.553961,-1.07247,0.0652711