-1.26795,0.124514,-0.230001,0.449499,0.131882,-2.86597,-0.364247,1.97666,0.151818,-0.110152,-0.246512,-5.28161,-5.36191,0.520255,0.221553,-0.0775859,-0.550962,-0.433794,-4.52594,0.778865
-0.433887,-0.363027,0.146029,2.35245,-0.544834,0.516307,0.118509,0.144952,-0.164931,3.19487,3.22346,0.20664,0.793962,0.182111,-4.69204,-0.308951,-0.0364846,0.0773373,-0.00363808,0.0464304
0.177126,-0.30021,0.13799,0.845947,0.101317,0.192841,-5.61456,-1.59539,0.0400933,0.0458293,-0.197618,0.0401633,-3.07513,-2.64814,-0.226896,-0.369419,-1.93933,-3.14552,-0.101453,0.247926
0.184884,-0.28755,-0.0701432,5.41377,0.378795,-0.0864515,0.00147801,-0.079545,-0.427115,-0.114407,0.401101,0.107126,-6.30395,-0.0237417,0.153548,0.187341,3.00216,4.88422,-0.323003,0.44457
-0.0779633,0.187919,-2.72132,1.33695,-0.131933,0.251494,-0.467065,-0.473691,-0.324607,0.0915952,-0.477697,0.12785,-0.470735,-2.56442,0.617077,-4.94617,-0.323639,2.19836,-2.67931,-0.0088919
-0.049811,3.59848,-3.09109,0.349249,0.193703,-0.0543656,-2.46781,-0.0765021,0.352549,-3.62293,0.00778789,0.000523605,-4.61625,0.0783939,0.104009,-0.531135,-0.448265,2.51324,-6.26807,0.0822991
0.00544098,0.0935427,0.128985,7.19359,-0.0625131,0.131767,-0.0790981,0.0879942,-0.11721,1.97942,2.53486,-0.172268,-0.0521399,0.305616,3.25782,4.11705,0.526831,0.012584,-0.0108532,-0.507429
0.138512,-0.346518,-0.0028473,-0.165426,3.8814,-0.113585,0.439575,-0.591854,0.072802,-0.191655,-3.04238,-0.227359,-0.465513,0.229303,-0.128693,-0.220574,0.369571,-0.631622,0.674047,5.74278
0.262809,0.447959,0.181473,-0.0496535,2.53262,0.366371,-0.295174,0.13106,0.349218,-0.242124,-0.123908,1.83827,0.292093,0.204129,-0.0621858,-2.8166,-0.00411484,2.57912,-1.58832,0.891123
0.0878694,0.113068,-2.69518,0.0808698,0.140113,-0.00503775,5.03608,-7.47242,-2.17188,0.207028,-3.04204,-0.479387,-0.397759,-0.448888,0.151583,0.0468718,1.41593,0.056842,1.65043,4.06799
-0.00721219,2.85993,-0.124539,0.329413,2.23533,2.66981,-0.475568,-0.17381,0.0543825,-0.229355,-0.205436,-0.00820366,-0.252446,-0.0758897,6.13661,-0.191457,-0.138185,0.143373,0.258367,-0.0845667
0.0881791,-0.66323,-6.11303,0.189082,-0.258855,3.12364,2.43856,-0.200341,-1.56077,-0.0623454,-1.53522,0.050813,0.0807284,-0.51925,0.164124,-0.0749155,-0.137556,-0.0897194,1.4254,2.36154
-2.01916,-0.207369,2.84148,0.368484,-0.0285211,-1.58565,0.839539,4.05327,-1.72795,0.0251139,3.0816,-0.0874907,-2.10181,0.364396,-0.63453,0.00379386,2.1054,-1.07899,0.0358252,0.146263
-3.1193,-0.226123,3.27008,0.193845,-0.091372,-0.981113,0.101596,-0.334647,-1.80431,7.34395,0.187864,-0.350883,-0.0233233,0.263903,-0.467243,0.0267861,-0.0234882,-2.10613,2.87858,0.167272
1.41691,0.118164,0.413482,2.44985,2.91822,-0.32907,-4.24171,0.319309,1.75827,-0.437966,-0.381032,0.206095,-5.0238,1.55858,0.200009,-0.138612,-0.419575,-0.163462,-4.54803,2.30915