-0.792624,0.532936,-0.804863,1.48009,0.205869,-1.72736,-0.671084,1.15281,0.0831849,-0.460431,-0.289155,-3.2404,-3.19795,0.304275,0.480703,0.068847,-0.44198,-0.903069,-2.71693,0.44331
-1.19383,-0.552818,0.44335,1.24092,-0.250693,0.510613,0.319962,0.446273,-0.0935945,1.90608,2.00323,0.509153,0.55015,0.508856,-2.88933,-0.134596,0.282557,0.0894047,0.35365,0.321439
0.533711,-0.164718,0.275295,0.517848,0.196903,-0.219613,-3.38446,-1.00714,0.0401259,-0.195612,-0.679665,-0.00162104,-1.95095,-1.67969,-0.114659,-1.08309,-1.10378,-1.94164,-0.30102,0.494352
0.643216,0.0178416,-0.32493,3.22141,0.556535,0.0671522,0.19276,-0.235432,-0.0514227,-0.231432,0.88279,0.00530659,-3.78937,-0.331914,0.440265,0.535799,1.80167,2.96259,-0.831693,0.818623
0.413923,0.958338,-1.78637,0.873983,-0.400333,0.628753,-1.53784,-0.358825,-0.618326,0.17465,-0.921617,0.163135,-1.00451,-1.49445,0.910781,-3.06932,-0.551945,1.27814,-1.64015,0.0234664
0.636582,2.2878,-1.84872,0.859439,-0.102122,-0.481292,-1.68507,-0.177082,0.13778,-2.14602,-0.359849,-0.0885832,-2.71413,-0.029224,0.248773,-1.2045,-0.263355,1.46029,-3.79465,0.154775
-0.117038,0.169659,-0.0882418,4.32152,-0.0664514,0.488476,-0.0598355,0.246072,-0.129201,1.16467,1.52803,-0.698871,-0.986949,0.214196,1.96026,2.45726,0.64009,0.413648,-0.168313,-0.920597
0.454281,-0.949802,0.195023,-0.138113,2.35023,-0.10889,0.899372,-1.06153,0.116703,-0.625979,-1.85576,-0.636518,-0.888002,0.40616,-0.568216,-0.566637,0.288076,-1.36222,0.364876,3.42795
0.294325,0.669209,0.444665,0.231628,1.68239,1.06224,-0.494215,0.215216,0.833342,-0.154379,-0.379551,1.17176,0.750762,0.421985,0.135969,-1.7122,0.0319802,1.57264,-0.794536,0.595151
0.446682,0.331344,-1.57396,0.00517049,0.244004,-0.113844,3.04185,-4.53401,-1.28144,-0.024558,-1.54453,-1.52192,-0.863045,-1.07771,0.475935,0.176488,0.81836,0.298445,0.930709,2.40595
0.631432,1.79634,-0.614194,0.866736,1.33501,1.64813,-1.37334,-0.440009,-0.0335357,-0.430992,-0.987413,0.0883124,-0.510334,-0.618508,3.66757,-0.798537,-0.582574,0.563803,0.146498,-0.212024
0.85982,-0.422405,-3.7401,0.621886,-0.749505,1.89893,1.60342,-0.455353,-0.981102,-0.433821,-0.885323,-0.0858705,0.0370149,-0.296065,0.622624,0.0605651,-0.0619736,-0.0856586,0.870327,1.42181
-1.30683,-0.627189,1.6619,1.13967,0.238205,-0.977512,0.476127,2.45165,-1.02955,-0.105351,1.87893,-0.395711,-1.31453,0.695715,-1.27626,0.210019,1.27408,-0.745198,0.0729744,0.126284
-1.91011,-0.621319,1.96459,0.409714,-0.0954553,-0.572305,0.803395,-0.263716,-1.03472,4.43936,0.829038,-0.190132,0.334662,0.667497,-1.25071,-0.192885,-0.0479639,-1.3026,1.79661,0.505186
0.885945,-0.256829,1.00461,1.49148,1.73279,-0.693831,-2.55193,1.12234,1.16412,-0.8239,-1.0502,0.516536,-2.97128,1.0091,0.152125,-0.806522,-0.585617,-0.841789,-2.67283,1.44078