-0.793148,0.561565,-0.822177,1.52349,0.202882,-1.72725,-0.673791,1.15298,0.0686544,-0.461888,-0.289958,-3.2405,-3.19781,0.303199,0.487768,0.0687254,-0.442257,-0.91109,-2.71738,0.443118
-1.21255,-0.560595,0.460673,1.24112,-0.250433,0.504122,0.328836,0.455922,-0.0934603,1.90586,2.00271,0.507608,0.550197,0.524507,-2.89013,-0.135414,0.300825,0.086945,0.366882,0.330478
0.55558,-0.163734,0.277514,0.518201,0.198305,-0.237039,-3.38496,-1.00725,0.0398785,-0.208841,-0.705631,-0.00421345,-1.95169,-1.67983,-0.114402,-1.1125,-1.10433,-1.9412,-0.303782,0.500705
0.670694,0.0308645,-0.338624,3.22125,0.557043,0.079434,0.197619,-0.245003,-0.0513399,-0.233956,0.88766,-0.00432306,-3.78973,-0.351643,0.447464,0.547009,1.80181,2.9627,-0.843453,0.825884
0.440046,1.00673,-1.78646,0.874653,-0.415367,0.63885,-1.58954,-0.358934,-0.625726,0.177696,-0.928274,0.163668,-1.01986,-1.49485,0.921177,-3.07061,-0.559674,1.27809,-1.64004,0.0272987
0.658308,2.28788,-1.84944,0.876528,-0.123153,-0.512665,-1.6855,-0.178028,0.13659,-2.14586,-0.384007,-0.0982322,-2.71425,-0.0490706,0.255819,-1.22553,-0.262835,1.46002,-3.79526,0.1584
-0.124618,0.189636,-0.110318,4.32269,-0.0577147,0.496866,-0.0593924,0.253221,-0.129702,1.16495,1.52829,-0.709887,-1.01886,0.207952,1.96034,2.45705,0.638031,0.445364,-0.180768,-0.926741
0.468866,-0.968721,0.212204,-0.133578,2.3511,-0.104188,0.90778,-1.0679,0.120752,-0.648526,-1.85603,-0.64947,-0.904884,0.405436,-0.584928,-0.581886,0.288445,-1.37567,0.365359,3.42737
0.294096,0.676522,0.447066,0.233261,1.68146,1.08327,-0.50233,0.215607,0.839107,-0.154946,-0.398263,1.17146,0.76278,0.429689,0.144613,-1.71189,0.0330845,1.57298,-0.794694,0.596619
0.478086,0.343434,-1.57366,-0.0111577,0.251064,-0.125044,3.04301,-4.53533,-1.28091,-0.0302556,-1.54483,-1.57348,-0.87866,-1.09256,0.487706,0.182698,0.817245,0.305849,0.930763,2.40591
0.66895,1.79705,-0.638263,0.884848,1.33557,1.64806,-1.41172,-0.446938,-0.0276212,-0.43452,-1.03364,0.0802892,-0.520815,-0.640701,3.66751,-0.828087,-0.596436,0.579807,0.124632,-0.209931
0.884269,-0.422377,-3.74005,0.628591,-0.761476,1.89885,1.60341,-0.460055,-0.981357,-0.453431,-0.884985,-0.0962902,0.0283168,-0.29571,0.644844,0.0746943,-0.0518583,-0.0856323,0.870345,1.4224
-1.30673,-0.644714,1.6627,1.16608,0.246089,-0.977475,0.476202,2.4519,-1.02963,-0.119486,1.87867,-0.395605,-1.31534,0.704883,-1.30215,0.214403,1.27384,-0.745575,0.0710457,0.125825
-1.90986,-0.638306,1.96494,0.417395,-0.0955976,-0.572509,0.842161,-0.263789,-1.03483,4.43976,0.859369,-0.190596,0.354417,0.677818,-1.286,-0.203545,-0.0476314,-1.30293,1.79663,0.510742
0.885508,-0.273592,1.0317,1.49208,1.73276,-0.702453,-2.55173,1.16193,1.16446,-0.838339,-1.06265,0.545216,-2.97146,1.00917,0.143994,-0.839705,-0.586883,-0.85944,-2.67307,1.44078