-0.793564,0.587484,-0.83653,1.56018,0.198611,-1.72717,-0.675377,1.15312,0.0552442,-0.462455,-0.290704,-3.24054,-3.19771,0.30228,0.493785,0.0686243,-0.442469,-0.917018,-2.71777,0.44287
-1.22731,-0.568076,0.475505,1.24127,-0.250397,0.497996,0.336785,0.463952,-0.0933432,1.90565,2.00233,0.505866,0.550306,0.537584,-2.89074,-0.136115,0.316689,0.0841717,0.377966,0.337464
0.575472,-0.16292,0.279335,0.518519,0.198932,-0.251708,-3.38531,-1.00734,0.0396961,-0.220022,-0.728232,-0.00658972,-1.95236,-1.67997,-0.114248,-1.13744,-1.10478,-1.94088,-0.305502,0.50655
0.695361,0.0417684,-0.350669,3.22114,0.556787,0.0897026,0.20108,-0.253359,-0.0512795,-0.235864,0.890596,-0.0127613,-3.79003,-0.369062,0.453274,0.556733,1.80191,2.96277,-0.852616,0.83162
0.462268,1.04957,-1.7865,0.875222,-0.427551,0.646487,-1.63414,-0.359021,-0.631721,0.179945,-0.933295,0.164026,-1.03294,-1.49517,0.929391,-3.07172,-0.565973,1.27809,-1.63996,0.0300749
0.676531,2.28795,-1.85,0.89071,-0.141215,-0.540618,-1.68582,-0.178622,0.135652,-2.14575,-0.405249,-0.107125,-2.71438,-0.0673628,0.262017,-1.24287,-0.262428,1.45981,-3.79572,0.16166
-0.130773,0.209325,-0.130276,4.32369,-0.0500656,0.503831,-0.059475,0.259466,-0.130055,1.16518,1.5285,-0.718325,-1.04519,0.202642,1.96039,2.45687,0.636481,0.47444,-0.192203,-0.931506
0.482259,-0.984143,0.226965,-0.129934,2.35163,-0.0994451,0.91396,-1.07255,0.123929,-0.667994,-1.85625,-0.659978,-0.919256,0.404565,-0.598874,-0.594965,0.28866,-1.3862,0.365811,3.42703
0.294139,0.683154,0.449127,0.233994,1.68105,1.10076,-0.509487,0.215844,0.843652,-0.155355,-0.414903,1.17133,0.773094,0.436022,0.152385,-1.71154,0.0341873,1.57317,-0.794859,0.597434
0.506231,0.354032,-1.57346,-0.0264043,0.256935,-0.134952,3.04398,-4.53648,-1.28051,-0.0350587,-1.54509,-1.61836,-0.891788,-1.10461,0.497109,0.187975,0.81639,0.311946,0.930792,2.40584
0.701572,1.79767,-0.65965,0.900126,1.33592,1.64798,-1.44482,-0.452437,-0.0220835,-0.437424,-1.07481,0.0729535,-0.529534,-0.659628,3.6675,-0.85326,-0.60802,0.593119,0.103913,-0.207808
0.904709,-0.422352,-3.74005,0.632799,-0.771376,1.89879,1.60343,-0.463611,-0.981588,-0.470568,-0.88476,-0.105765,0.0205731,-0.295431,0.663905,0.087398,-0.0430088,-0.0856595,0.870339,1.42275
-1.30665,-0.659402,1.66336,1.18823,0.25237,-0.977445,0.476263,2.45209,-1.0297,-0.1323,1.87847,-0.394477,-1.31605,0.712404,-1.324,0.217302,1.27366,-0.745882,0.0691337,0.125405
-1.90968,-0.65274,1.96523,0.423378,-0.0956661,-0.572704,0.875381,-0.264099,-1.03491,4.44008,0.88569,-0.19093,0.37122,0.686303,-1.31616,-0.212804,-0.0466945,-1.30325,1.79664,0.515154
0.885166,-0.287524,1.0553,1.49255,1.73267,-0.709064,-2.55162,1.19669,1.16471,-0.851108,-1.07218,0.571852,-2.97158,1.00926,0.136383,-0.868409,-0.588807,-0.873602,-2.67327,1.44087