-0.793896,0.610893,-0.848515,1.59122,0.193512,-1.7271,-0.676172,1.15324,0.0428963,-0.462493,-0.291388,-3.24054,-3.19765,0.3015,0.498936,0.0685284,-0.442628,-0.921388,-2.71811,0.442587
-1.23897,-0.57523,0.48822,1.24137,-0.250498,0.492298,0.343869,0.470694,-0.0932391,1.90546,2.00208,0.504113,0.550447,0.548495,-2.89118,-0.136717,0.330556,0.0812518,0.387305,0.342926
0.593517,-0.162232,0.280848,0.518812,0.199094,-0.26408,-3.38555,-1.00743,0.0395113,-0.22945,-0.747863,-0.00870051,-1.95297,-1.68012,-0.114169,-1.15859,-1.10514,-1.94064,-0.306485,0.511809
0.717519,0.0509341,-0.36125,3.22105,0.556014,0.0982343,0.203457,-0.260638,-0.0512374,-0.23728,0.892183,-0.0200986,-3.79029,-0.38438,0.457993,0.565251,1.80199,2.96283,-0.8598,0.836226
0.481157,1.08746,-1.7865,0.875706,-0.43745,0.652223,-1.67266,-0.359088,-0.63655,0.181519,-0.937127,0.164203,-1.04419,-1.49544,0.935837,-3.07267,-0.571114,1.27813,-1.63991,0.0320771
0.691929,2.28802,-1.85045,0.902608,-0.156705,-0.565472,-1.68604,-0.178977,0.134908,-2.14568,-0.423918,-0.115249,-2.71451,-0.0841024,0.26747,-1.25721,-0.262115,1.45964,-3.79607,0.16456
-0.135739,0.228433,-0.148222,4.32454,-0.0434821,0.509729,-0.0599852,0.264923,-0.130312,1.16537,1.52866,-0.724782,-1.06701,0.198148,1.96042,2.45672,0.635413,0.50106,-0.202648,-0.935324
0.494575,-0.996721,0.239622,-0.127064,2.35194,-0.094777,0.91847,-1.07599,0.126406,-0.684828,-1.85641,-0.668542,-0.931505,0.403671,-0.610539,-0.606212,0.28875,-1.39449,0.366215,3.42688
0.294355,0.689092,0.450911,0.234084,1.68096,1.11531,-0.515758,0.215963,0.847282,-0.155656,-0.429636,1.17127,0.782008,0.441177,0.159349,-1.7112,0.0352222,1.57324,-0.794994,0.597801
0.531352,0.363276,-1.57331,-0.040552,0.261803,-0.143667,3.0448,-4.53748,-1.2802,-0.0391907,-1.54531,-1.65746,-0.902876,-1.11448,0.50457,0.192446,0.815745,0.317015,0.930805,2.40572
0.729996,1.7982,-0.678678,0.913122,1.33613,1.64789,-1.47352,-0.4568,-0.0170308,-0.439882,-1.11148,0.0663106,-0.536755,-0.67579,3.66754,-0.874712,-0.617755,0.604258,0.0845192,-0.20569
0.921894,-0.422326,-3.74009,0.635097,-0.779563,1.89874,1.60348,-0.466342,-0.981794,-0.485497,-0.884622,-0.114299,0.0137079,-0.2952,0.680254,0.0987628,-0.0353121,-0.0857128,0.870329,1.42291
-1.30657,-0.671735,1.66389,1.20684,0.257358,-0.977416,0.476317,2.45225,-1.02976,-0.143822,1.87829,-0.392743,-1.31666,0.718622,-1.34245,0.219086,1.27354,-0.746138,0.0672739,0.125013
-1.90954,-0.665061,1.96547,0.427974,-0.0956823,-0.572887,0.903822,-0.264549,-1.03497,4.44035,0.908557,-0.191177,0.385482,0.693364,-1.34196,-0.220822,-0.045356,-1.30354,1.79665,0.518677
0.884895,-0.29909,1.07585,1.49293,1.73256,-0.714108,-2.55159,1.22725,1.16489,-0.862422,-1.07946,0.596385,-2.97166,1.00936,0.129344,-0.89324,-0.591224,-0.885021,-2.67344,1.44097