-0.794166,0.631992,-0.858589,1.61751,0.187943,-1.72703,-0.676409,1.15333,0.0315485,-0.462229,-0.292006,-3.24053,-3.1976,0.300842,0.503356,0.0684328,-0.442749,-0.924605,-2.7184,0.442298
-1.2482,-0.582031,0.499151,1.24145,-0.250662,0.487059,0.350156,0.4764,-0.0931491,1.90529,2.00191,0.502447,0.550594,0.557589,-2.8915,-0.137234,0.342754,0.0783169,0.395216,0.347279
0.609845,-0.161647,0.282103,0.519079,0.199007,-0.274524,-3.38573,-1.00751,0.039297,-0.237384,-0.764902,-0.0105323,-1.95352,-1.68026,-0.114134,-1.17655,-1.10543,-1.94046,-0.306951,0.516452
0.737426,0.0586713,-0.370537,3.22098,0.554905,0.105286,0.205005,-0.266966,-0.0512104,-0.238317,0.892846,-0.0264361,-3.79051,-0.397811,0.461843,0.572766,1.80205,2.96287,-0.865474,0.839981
0.497207,1.12094,-1.78649,0.87612,-0.445523,0.65649,-1.70599,-0.359135,-0.640419,0.182533,-0.940075,0.164214,-1.05392,-1.49568,0.94087,-3.07346,-0.575328,1.27818,-1.63989,0.0335335
0.70502,2.28807,-1.85082,0.912702,-0.169985,-0.587549,-1.68621,-0.179167,0.134314,-2.14564,-0.440318,-0.122617,-2.71462,-0.0993429,0.272272,-1.2691,-0.261877,1.45952,-3.79633,0.16713
-0.139724,0.246764,-0.164288,4.32526,-0.0378842,0.51481,-0.0608356,0.26969,-0.130499,1.16552,1.5288,-0.729715,-1.08519,0.194355,1.96045,2.4566,0.634771,0.525411,-0.212145,-0.938468
0.505889,-1.00699,0.250479,-0.124853,2.35212,-0.090269,0.921731,-1.07857,0.128327,-0.699407,-1.85651,-0.675552,-0.941946,0.402813,-0.620307,-0.615906,0.288758,-1.40105,0.366565,3.42686
0.294678,0.694356,0.452431,0.233724,1.68103,1.12744,-0.521212,0.215978,0.850205,-0.155889,-0.442663,1.17125,0.789734,0.445338,0.165535,-1.7109,0.0361778,1.57326,-0.795094,0.597914
0.553714,0.371305,-1.57321,-0.0536192,0.265844,-0.151303,3.04551,-4.53836,-1.27998,-0.042802,-1.54552,-1.69158,-0.912275,-1.12261,0.51044,0.196223,0.81526,0.32126,0.930808,2.40558
0.754818,1.79866,-0.695604,0.924269,1.33624,1.64782,-1.49852,-0.460258,-0.012496,-0.442014,-1.14411,0.0603345,-0.542711,-0.689607,3.6676,-0.893005,-0.625985,0.613633,0.0665371,-0.203595
0.936416,-0.422302,-3.74015,0.635958,-0.786321,1.89871,1.60353,-0.468481,-0.981973,-0.498476,-0.884538,-0.12193,0.00763185,-0.295002,0.694257,0.108884,-0.0286386,-0.085771,0.870319,1.42296
-1.30649,-0.682113,1.66433,1.22253,0.261309,-0.977385,0.476365,2.45237,-1.02981,-0.154115,1.87813,-0.390686,-1.31719,0.723797,-1.35807,0.220046,1.27346,-0.746354,0.065497,0.124655
-1.90945,-0.675619,1.96566,0.431453,-0.0956717,-0.573055,0.928163,-0.265066,-1.03501,4.44057,0.928433,-0.191366,0.397565,0.699306,-1.36406,-0.227752,-0.0437709,-1.30381,1.79666,0.521492
0.884676,-0.308692,1.09376,1.49324,1.73244,-0.717935,-2.55158,1.25415,1.165,-0.87245,-1.08503,0.618819,-2.97171,1.00946,0.122899,-0.914724,-0.593969,-0.894271,-2.6736,1.44107