-0.794389,0.650979,-0.867105,1.63979,0.182177,-1.72696,-0.676258,1.15341,0.0211391,-0.461804,-0.292555,-3.24051,-3.19757,0.300287,0.507158,0.0683382,-0.442844,-0.926973,-2.71864,0.442024
-1.25555,-0.588459,0.508584,1.2415,-0.250836,0.482285,0.355722,0.481261,-0.0930753,1.90516,2.00178,0.500918,0.550731,0.565162,-2.89176,-0.137678,0.35355,0.0754617,0.40195,0.350822
0.624589,-0.161148,0.28313,0.519324,0.198805,-0.283347,-3.38586,-1.00759,0.0390491,-0.244052,-0.779694,-0.0120947,-1.95399,-1.68038,-0.114117,-1.19182,-1.10566,-1.94032,-0.30706,0.520494
0.755307,0.065231,-0.378682,3.22092,0.553595,0.111087,0.205925,-0.272466,-0.0511954,-0.23907,0.892887,-0.0318792,-3.7907,-0.409563,0.464997,0.579427,1.8021,2.96291,-0.869989,0.843084
0.510845,1.15052,-1.78647,0.876476,-0.452127,0.659623,-1.73487,-0.359168,-0.643508,0.18309,-0.942356,0.164086,-1.06237,-1.49589,0.944781,-3.07413,-0.578797,1.27823,-1.6399,0.0346103
0.716204,2.28812,-1.85112,0.921357,-0.181371,-0.607152,-1.68632,-0.17924,0.133835,-2.14561,-0.454716,-0.129259,-2.71472,-0.113165,0.276509,-1.27896,-0.261696,1.45943,-3.79653,0.169406
-0.142908,0.264195,-0.178624,4.32587,-0.0331654,0.519252,-0.0619501,0.273857,-0.130633,1.16566,1.52893,-0.733471,-1.10039,0.191159,1.96048,2.45649,0.634486,0.547671,-0.220744,-0.941117
0.516263,-1.01537,0.259802,-0.123198,2.35223,-0.0859781,0.924062,-1.08052,0.12981,-0.712055,-1.85658,-0.681313,-0.950845,0.402017,-0.628492,-0.624275,0.288717,-1.40625,0.366863,3.4269
0.295062,0.698989,0.453693,0.233058,1.68116,1.13757,-0.525925,0.215897,0.852577,-0.156081,-0.454179,1.17123,0.796435,0.448671,0.170979,-1.71064,0.0370617,1.57324,-0.795161,0.597911
0.573586,0.378259,-1.57313,-0.0656447,0.269212,-0.157973,3.04611,-4.53913,-1.2798,-0.0459962,-1.54571,-1.72137,-0.920266,-1.12936,0.515011,0.199405,0.814891,0.324839,0.930808,2.40543
0.776545,1.79905,-0.710653,0.933901,1.3363,1.64775,-1.52038,-0.462994,-0.0084693,-0.4439,-1.17313,0.0549847,-0.547604,-0.701435,3.66767,-0.908618,-0.632981,0.621567,0.0499881,-0.201543
0.948744,-0.42228,-3.7402,0.635755,-0.79189,1.89868,1.60358,-0.470198,-0.982125,-0.509744,-0.884485,-0.128716,0.00225815,-0.294831,0.70623,0.117862,-0.0228608,-0.0858221,0.870313,1.42296
-1.30643,-0.690865,1.66471,1.23579,0.26443,-0.977353,0.476409,2.45248,-1.02985,-0.163262,1.87799,-0.388497,-1.31765,0.728126,-1.37131,0.220411,1.27342,-0.746536,0.0638263,0.12434
-1.90938,-0.684698,1.96583,0.434038,-0.0956531,-0.573208,0.948994,-0.265599,-1.03505,4.44075,0.945711,-0.191514,0.407789,0.704354,-1.38301,-0.233734,-0.0420555,-1.30405,1.79666,0.523735
0.884495,-0.316671,1.10935,1.49351,1.73232,-0.72082,-2.55159,1.27785,1.16507,-0.881336,-1.08928,0.639214,-2.97175,1.00957,0.117044,-0.933318,-0.596896,-0.901797,-2.67373,1.44115