-0.794574,0.668041,-0.87434,1.65869,0.176406,-1.7269,-0.675841,1.15347,0.0116086,-0.461306,-0.293038,-3.24049,-3.19755,0.299818,0.510434,0.0682468,-0.442923,-0.928714,-2.71885,0.441776
-1.26141,-0.594502,0.516751,1.24155,-0.250994,0.477966,0.360645,0.485428,-0.093018,1.90504,2.00167,0.499546,0.550851,0.571464,-2.89197,-0.138057,0.363161,0.0727485,0.40771,0.353761
0.637875,-0.160722,0.283958,0.519546,0.198563,-0.290802,-3.38597,-1.00764,0.0387739,-0.249655,-0.79254,-0.0134107,-1.95441,-1.68049,-0.114106,-1.20481,-1.10585,-1.94021,-0.306924,0.523984
0.771364,0.0708171,-0.385826,3.22087,0.552181,0.115839,0.206372,-0.277245,-0.0511897,-0.239618,0.892523,-0.0365325,-3.79086,-0.419835,0.467585,0.585348,1.80213,2.96295,-0.873609,0.845683
0.522438,1.17664,-1.78647,0.876786,-0.45754,0.661885,-1.75992,-0.359192,-0.645965,0.183285,-0.944128,0.163852,-1.06973,-1.49608,0.947804,-3.07469,-0.581669,1.27827,-1.63992,0.0354209
0.725799,2.28815,-1.85138,0.928853,-0.191139,-0.624558,-1.68641,-0.179229,0.133445,-2.14559,-0.467349,-0.135217,-2.71482,-0.125663,0.280254,-1.28717,-0.261555,1.45937,-3.79669,0.171421
-0.145439,0.280658,-0.191381,4.32638,-0.0292123,0.523182,-0.0632628,0.277499,-0.130723,1.16577,1.52904,-0.73632,-1.11315,0.188466,1.9605,2.4564,0.634491,0.568011,-0.228505,-0.943386
0.525751,-1.02223,0.267819,-0.122005,2.35231,-0.0819387,0.925704,-1.08201,0.130948,-0.72304,-1.85662,-0.686066,-0.95843,0.401289,-0.635355,-0.631512,0.288654,-1.41038,0.367115,3.42696
0.295478,0.70304,0.454712,0.232196,1.68128,1.14603,-0.529979,0.215725,0.854514,-0.156245,-0.464362,1.1712,0.802248,0.451326,0.175732,-1.71042,0.0378858,1.57322,-0.795206,0.597872
0.591225,0.384271,-1.57307,-0.0766785,0.272033,-0.163787,3.04664,-4.53981,-1.27966,-0.0488464,-1.54588,-1.74743,-0.927074,-1.13497,0.518527,0.202077,0.814608,0.327872,0.930806,2.40528
0.795605,1.79938,-0.724023,0.942284,1.33635,1.64768,-1.53955,-0.465157,-0.00491929,-0.445592,-1.19893,0.050215,-0.551612,-0.711572,3.66774,-0.921957,-0.638959,0.628311,0.034849,-0.199556
0.959252,-0.42226,-3.74025,0.63478,-0.796477,1.89866,1.60363,-0.471617,-0.982253,-0.519524,-0.884449,-0.134732,-0.00249265,-0.294683,0.716448,0.125797,-0.0178615,-0.0858614,0.87031,1.42293
-1.30637,-0.698261,1.66503,1.247,0.266883,-0.977321,0.476448,2.45256,-1.02988,-0.171356,1.87787,-0.3863,-1.31805,0.731765,-1.38257,0.220353,1.2734,-0.746688,0.0622762,0.12407
-1.90934,-0.692526,1.96598,0.435916,-0.0956374,-0.573346,0.966827,-0.266112,-1.03507,4.4409,0.960733,-0.191635,0.416433,0.708677,-1.39929,-0.238897,-0.0402944,-1.30425,1.79666,0.525517
0.884342,-0.323307,1.12291,1.49374,1.73222,-0.722979,-2.55161,1.29875,1.1651,-0.889201,-1.09254,0.657663,-2.97178,1.00966,0.111759,-0.949418,-0.599883,-0.907946,-2.67384,1.44121