-0.79473,0.683357,-0.88051,1.67475,0.170765,-1.72685,-0.675248,1.15352,0.00289915,-0.460788,-0.293461,-3.24047,-3.19754,0.29942,0.513263,0.0681606,-0.44299,-0.929993,-2.71903,0.44156
-1.26611,-0.600154,0.523842,1.24158,-0.251124,0.474081,0.365001,0.489017,-0.0929759,1.90494,2.00159,0.498336,0.550953,0.576704,-2.89214,-0.13838,0.371764,0.0702151,0.412659,0.356237
0.649828,-0.160357,0.284613,0.519748,0.198316,-0.297105,-3.38606,-1.00769,0.0384814,-0.254364,-0.803702,-0.0145085,-1.95476,-1.68059,-0.114094,-1.21588,-1.106,-1.94011,-0.306626,0.526985
0.785775,0.0755952,-0.392088,3.22084,0.550733,0.119715,0.206468,-0.281403,-0.0511909,-0.240021,0.891907,-0.0404957,-3.791,-0.428804,0.469714,0.59062,1.80216,2.96298,-0.876537,0.847884
0.532299,1.19968,-1.78647,0.877058,-0.461977,0.66348,-1.7817,-0.35921,-0.647913,0.183201,-0.94551,0.163543,-1.07617,-1.49624,0.950123,-3.07517,-0.584057,1.27831,-1.63996,0.0360404
0.734059,2.28818,-1.85159,0.935402,-0.199522,-0.640019,-1.68647,-0.179158,0.133124,-2.14557,-0.478426,-0.14054,-2.71491,-0.136937,0.28357,-1.294,-0.261441,1.45932,-3.79681,0.173209
-0.147442,0.296121,-0.202708,4.32682,-0.0259154,0.52669,-0.0647176,0.280684,-0.130777,1.16586,1.52914,-0.73847,-1.12391,0.186198,1.96052,2.45631,0.634724,0.586592,-0.23549,-0.945354
0.534407,-1.02785,0.27472,-0.121192,2.35237,-0.0781692,0.926839,-1.08318,0.131815,-0.73259,-1.85666,-0.69,-0.964897,0.400631,-0.641116,-0.637777,0.288585,-1.41366,0.367327,3.42702
0.295901,0.706569,0.455514,0.231219,1.68139,1.15311,-0.533456,0.215474,0.856109,-0.156389,-0.473367,1.17117,0.807295,0.453428,0.179858,-1.71023,0.0386603,1.5732,-0.795234,0.597834
0.606872,0.389461,-1.57303,-0.0867769,0.274408,-0.16885,3.04709,-4.54041,-1.27955,-0.0514063,-1.54603,-1.77024,-0.932883,-1.13965,0.521189,0.204316,0.814384,0.330454,0.930804,2.40514
0.81236,1.79966,-0.735894,0.949625,1.33638,1.64762,-1.55642,-0.466862,-0.00180475,-0.447127,-1.22185,0.0459769,-0.554884,-0.720272,3.6678,-0.933366,-0.644096,0.63407,0.0210675,-0.197656
0.968242,-0.422242,-3.74028,0.633265,-0.800255,1.89865,1.60367,-0.472823,-0.982359,-0.528012,-0.884421,-0.140054,-0.00669145,-0.294557,0.725154,0.132787,-0.013536,-0.0858885,0.870309,1.4229
-1.30633,-0.704523,1.6653,1.25651,0.268796,-0.977288,0.476484,2.45264,-1.0299,-0.178493,1.87777,-0.384177,-1.31839,0.734836,-1.39215,0.220006,1.27339,-0.746814,0.0608536,0.123844
-1.90932,-0.699294,1.96611,0.437238,-0.0956289,-0.573471,0.982097,-0.266585,-1.03509,4.44102,0.973793,-0.191736,0.423737,0.712404,-1.41331,-0.243353,-0.0385465,-1.30442,1.79666,0.526926
0.884213,-0.328834,1.13471,1.49394,1.73213,-0.724581,-2.55163,1.31717,1.16511,-0.896153,-1.09503,0.674281,-2.97181,1.00975,0.107008,-0.963364,-0.602842,-0.91299,-2.67394,1.44124