-0.794863,0.697093,-0.88579,1.68841,0.165343,-1.7268,-0.674546,1.15356,-0.00504524,-0.460282,-0.29383,-3.24045,-3.19752,0.299082,0.515711,0.0680811,-0.44305,-0.930932,-2.71918,0.441375
-1.2699,-0.605418,0.530013,1.2416,-0.251226,0.470599,0.368857,0.49212,-0.0929464,1.90487,2.00151,0.497283,0.551038,0.581059,-2.89229,-0.138656,0.3795,0.0678812,0.416929,0.358345
0.660565,-0.160044,0.285121,0.51993,0.198082,-0.302434,-3.38613,-1.00773,0.0381813,-0.258326,-0.813409,-0.0154175,-1.95506,-1.68067,-0.114079,-1.22532,-1.10613,-1.94002,-0.306225,0.529564
0.798701,0.0797004,-0.397578,3.2208,0.549298,0.122866,0.206304,-0.285024,-0.051197,-0.240323,0.891144,-0.0438618,-3.79111,-0.436633,0.471466,0.595318,1.80219,2.963,-0.878925,0.849768
0.540694,1.22002,-1.78648,0.877297,-0.465612,0.664567,-1.80066,-0.359225,-0.649454,0.182908,-0.94659,0.163186,-1.08181,-1.49639,0.951885,-3.07557,-0.586052,1.27833,-1.63999,0.0365181
0.741188,2.2882,-1.85177,0.94117,-0.206722,-0.653758,-1.68651,-0.179047,0.132859,-2.14556,-0.488132,-0.145279,-2.71499,-0.147086,0.286509,-1.2997,-0.261347,1.45928,-3.79691,0.174793
-0.149019,0.310583,-0.21275,4.32719,-0.023175,0.529844,-0.0662666,0.283469,-0.130801,1.16594,1.52922,-0.740078,-1.13301,0.184287,1.96054,2.45623,0.63513,0.603563,-0.241763,-0.947078
0.542285,-1.03246,0.280665,-0.120689,2.35243,-0.0746757,0.927605,-1.0841,0.132471,-0.740896,-1.85669,-0.693266,-0.970413,0.400042,-0.645958,-0.643207,0.288519,-1.41628,0.367506,3.42707
0.296316,0.709634,0.45613,0.230189,1.68146,1.15904,-0.536433,0.215154,0.857433,-0.156515,-0.481331,1.17113,0.811681,0.455082,0.183425,-1.71007,0.0393928,1.57318,-0.795251,0.59781
0.620747,0.393939,-1.57299,-0.0959995,0.276417,-0.173255,3.04749,-4.54093,-1.27946,-0.053716,-1.54616,-1.79024,-0.937847,-1.14357,0.523167,0.206187,0.814204,0.332663,0.930803,2.40502
0.827119,1.79991,-0.746433,0.95609,1.33642,1.64757,-1.57128,-0.468204,0.000918537,-0.448526,-1.24221,0.0422221,-0.557551,-0.727748,3.66785,-0.943132,-0.64853,0.639004,0.00857253,-0.195861
0.975955,-0.422225,-3.7403,0.631385,-0.803373,1.89864,1.60371,-0.473877,-0.982446,-0.535384,-0.884399,-0.144756,-0.0104013,-0.294449,0.73256,0.138927,-0.00979186,-0.0859053,0.87031,1.42288
-1.30629,-0.709836,1.66555,1.26457,0.270271,-0.977256,0.476517,2.4527,-1.02991,-0.184769,1.87768,-0.382173,-1.31869,0.737436,-1.40032,0.219469,1.27339,-0.74692,0.0595587,0.123657
-1.90932,-0.705158,1.96623,0.438127,-0.0956277,-0.573581,0.995177,-0.267005,-1.0351,4.44113,0.985145,-0.19182,0.429911,0.715636,-1.42538,-0.2472,-0.0368508,-1.30457,1.79666,0.528036
0.884102,-0.333445,1.14496,1.49411,1.73204,-0.725756,-2.55165,1.33342,1.1651,-0.902288,-1.09693,0.6892,-2.97183,1.00983,0.102756,-0.97545,-0.605708,-0.917143,-2.67402,1.44126