-0.794976,0.709405,-0.890319,1.70004,0.160196,-1.72675,-0.673783,1.1536,-0.0122789,-0.459806,-0.294151,-3.24043,-3.19751,0.298793,0.517834,0.0680087,-0.443103,-0.93162,-2.7193,0.441218
-1.27296,-0.610299,0.535394,1.24162,-0.251305,0.467491,0.372278,0.494811,-0.0929267,1.9048,2.00144,0.496377,0.551109,0.584676,-2.89243,-0.138891,0.386484,0.0657544,0.420628,0.360153
0.670198,-0.159775,0.285507,0.520094,0.197866,-0.306942,-3.38619,-1.00776,0.0378817,-0.261663,-0.821857,-0.0161654,-1.95532,-1.68075,-0.114063,-1.23339,-1.10624,-1.93994,-0.305764,0.531782
0.810287,0.0832429,-0.402391,3.22078,0.547909,0.125417,0.205953,-0.288184,-0.0512065,-0.240558,0.890308,-0.0467149,-3.79121,-0.443465,0.472909,0.599504,1.80221,2.96303,-0.880889,0.851395
0.547849,1.23795,-1.7865,0.877509,-0.468584,0.665273,-1.81719,-0.359236,-0.650667,0.182465,-0.947436,0.162804,-1.08677,-1.49651,0.953208,-3.07591,-0.587724,1.27834,-1.64003,0.0368873
0.747357,2.28821,-1.85192,0.946283,-0.21291,-0.665973,-1.68654,-0.178908,0.132637,-2.14555,-0.496633,-0.149487,-2.71506,-0.156206,0.289117,-1.30445,-0.261267,1.45926,-3.79699,0.176197
-0.150253,0.32406,-0.22164,4.32751,-0.0209029,0.532695,-0.06787,0.285906,-0.130802,1.166,1.5293,-0.741269,-1.14074,0.182677,1.96056,2.45616,0.635665,0.619059,-0.247386,-0.948599
0.54944,-1.03625,0.285787,-0.120436,2.35249,-0.0714561,0.928103,-1.08484,0.132961,-0.748123,-1.85672,-0.695983,-0.975121,0.399518,-0.650036,-0.647921,0.288459,-1.41838,0.367657,3.42711
0.296712,0.712289,0.456593,0.229148,1.68151,1.164,-0.53898,0.21478,0.858541,-0.156625,-0.488374,1.1711,0.815499,0.456376,0.186503,-1.70993,0.0400881,1.57317,-0.795262,0.597801
0.633049,0.397801,-1.57296,-0.104407,0.27812,-0.177087,3.04783,-4.54138,-1.27939,-0.0558069,-1.54628,-1.80778,-0.942092,-1.14686,0.5246,0.207748,0.814055,0.33456,0.930802,2.4049
0.840143,1.80012,-0.755787,0.961811,1.33646,1.64753,-1.5844,-0.469256,0.00329415,-0.449805,-1.26029,0.0389034,-0.55972,-0.734183,3.66789,-0.951502,-0.652377,0.643247,-0.00271832,-0.194186
0.982592,-0.422209,-3.74032,0.629276,-0.805953,1.89863,1.60374,-0.474818,-0.982519,-0.541793,-0.884379,-0.148912,-0.0136782,-0.294357,0.738855,0.144309,-0.00654873,-0.0859142,0.870312,1.42286
-1.30627,-0.71435,1.66576,1.27142,0.27139,-0.977225,0.476548,2.45276,-1.02992,-0.190276,1.87761,-0.380316,-1.31895,0.739644,-1.40729,0.218815,1.2734,-0.747008,0.0583873,0.123501
-1.90932,-0.710248,1.96635,0.438682,-0.0956323,-0.57368,1.00638,-0.267367,-1.0351,4.44121,0.995012,-0.191891,0.435133,0.718452,-1.43579,-0.250525,-0.0352316,-1.3047,1.79665,0.528906
0.884005,-0.337297,1.15386,1.49426,1.73197,-0.726605,-2.55166,1.34775,1.16508,-0.907695,-1.09839,0.702553,-2.97185,1.00989,0.098959,-0.985929,-0.608439,-0.920575,-2.67408,1.44127