-0.844706,0.193302,-0.390461,0.677373,0.153008,-1.86774,-0.469037,1.2514,0.1876,-0.237681,-0.271412,-3.4815,-3.48195,0.347204,0.29447,0.0458043,-0.452626,-0.593856,-2.93373,0.517498
-0.647907,-0.438027,0.199815,1.38328,-0.267507,0.550957,0.17521,0.220067,-0.140313,2.06769,2.15854,0.337786,0.573397,0.243374,-3.10869,-0.134937,-0.00633541,0.0834422,0.0723035,0.137862
0.257093,-0.19393,0.173036,0.55617,0.131087,0.111676,-3.64557,-1.08379,0.0502671,0.0143658,-0.303921,0.021513,-2.08314,-1.79154,-0.116668,-0.532735,-1.22128,-2.095,-0.155103,0.330871
0.267592,-0.23669,-0.120697,3.51321,0.43518,-0.0850248,0.0440434,-0.104552,-0.128622,-0.151014,0.566296,0.10991,-4.09967,-0.0735884,0.237597,0.289941,1.95069,3.18822,-0.463274,0.564543
-0.0119508,0.299911,-1.92076,0.913686,-0.167544,0.33727,-0.685866,-0.368943,-0.424206,0.105264,-0.61722,0.150738,-0.626054,-1.64907,0.705099,-3.27043,-0.397171,1.39503,-1.77223,-0.0146984
0.117585,2.44795,-1.98686,0.471821,0.171185,-0.104804,-1.7519,-0.108172,0.186395,-2.33238,-0.0377628,0.00175748,-2.95623,0.104554,0.137095,-0.706233,-0.315974,1.60272,-4.0963,0.108498
0.00237611,0.0877587,0.120757,4.6543,-0.0988833,0.235604,-0.0844958,0.127014,-0.115273,1.26591,1.6647,-0.330209,-0.268286,0.299607,2.13255,2.67077,0.611504,0.0579273,-0.0359261,-0.655516
0.20671,-0.511123,0.00381406,-0.181952,2.55468,-0.117594,0.576334,-0.748742,0.0733298,-0.27497,-1.98763,-0.33287,-0.560424,0.304893,-0.210976,-0.294908,0.264609,-0.869941,0.40704,3.70402
0.308994,0.54671,0.265561,0.0643011,1.71415,0.564279,-0.349876,0.170236,0.5251,-0.174647,-0.195302,1.26797,0.433668,0.260358,-0.0520373,-1.86468,0.0479195,1.71307,-0.91177,0.655784
0.121502,0.164483,-1.71636,0.10822,0.164748,-0.00592768,3.27539,-4.88,-1.38493,0.145847,-1.76494,-0.696789,-0.524261,-0.643095,0.216215,0.0720152,0.920398,0.113076,1.02981,2.63911
0.0750953,1.93024,-0.219593,0.4656,1.47096,1.74833,-0.677791,-0.251523,0.00691542,-0.306107,-0.326692,0.0731695,-0.308706,-0.205638,3.97449,-0.304526,-0.279556,0.241981,0.280465,-0.128215
0.301269,-0.461021,-4.03743,0.32114,-0.403488,2.06447,1.70538,-0.270204,-1.03512,-0.128033,-0.964262,0.0297902,0.0973164,-0.344241,0.243456,-0.0745785,-0.146317,-0.0848743,0.93324,1.54585
-1.39264,-0.294548,1.80712,0.56977,0.0617623,-1.0464,0.517496,2.64796,-1.09937,0.0226347,2.02798,-0.194612,-1.39582,0.457231,-0.792038,0.0477447,1.39965,-0.770975,0.0608027,0.151384
-2.05916,-0.308675,2.1311,0.242982,-0.0963487,-0.620537,0.204733,-0.310243,-1.1278,4.80436,0.30669,-0.208034,0.0220392,0.379786,-0.641099,-0.0167029,-0.0144491,-1.40316,1.91418,0.27935
0.933267,0.0428972,0.557711,1.60427,1.90905,-0.438015,-2.79135,0.486466,1.24214,-0.554452,-0.583782,0.25153,-3.2236,1.04952,0.215632,-0.274431,-0.53049,-0.353734,-2.90815,1.54524