-0.795073,0.720432,-0.894212,1.70995,0.155358,-1.72672,-0.672993,1.15363,-0.0188544,-0.459368,-0.294429,-3.24041,-3.1975,0.298545,0.51968,0.0679434,-0.443151,-0.93212,-2.71941,0.441084
-1.27544,-0.614811,0.540093,1.24163,-0.251365,0.464721,0.375315,0.497153,-0.092914,1.90475,2.00139,0.495604,0.551168,0.587679,-2.89254,-0.139092,0.392809,0.0638334,0.423843,0.361712
0.67883,-0.159543,0.285794,0.520242,0.197668,-0.310757,-3.38625,-1.00778,0.0375886,-0.264478,-0.829216,-0.0167772,-1.95554,-1.68082,-0.114047,-1.2403,-1.10633,-1.93988,-0.305272,0.533694
0.820665,0.0863129,-0.40661,3.22075,0.546586,0.127476,0.205469,-0.290946,-0.0512183,-0.240746,0.889449,-0.0491304,-3.7913,-0.449429,0.474099,0.603236,1.80223,2.96305,-0.882517,0.85281
0.553953,1.25377,-1.78652,0.877698,-0.471007,0.665693,-1.83162,-0.359246,-0.651617,0.181917,-0.948099,0.162414,-1.09113,-1.49662,0.954182,-3.07621,-0.589132,1.27835,-1.64007,0.0371716
0.752703,2.28822,-1.85205,0.950841,-0.218231,-0.67684,-1.68656,-0.178753,0.132451,-2.14554,-0.504077,-0.153216,-2.71513,-0.16439,0.291433,-1.30842,-0.261197,1.45924,-3.79706,0.17744
-0.151213,0.336581,-0.229505,4.32779,-0.0190226,0.535282,-0.0694948,0.288039,-0.130785,1.16606,1.52937,-0.742137,-1.14733,0.181321,1.96058,2.4561,0.636289,0.633208,-0.25242,-0.94995
0.555926,-1.03938,0.290201,-0.12038,2.35255,-0.0685024,0.928408,-1.08545,0.133323,-0.754412,-1.85674,-0.698249,-0.979144,0.399055,-0.653477,-0.652018,0.288407,-1.42006,0.367786,3.42713
0.29708,0.714587,0.456934,0.228127,1.68154,1.16817,-0.54116,0.214363,0.859478,-0.156722,-0.494602,1.17106,0.818828,0.457379,0.189157,-1.70982,0.0407494,1.57317,-0.795268,0.597803
0.643957,0.401133,-1.57293,-0.112059,0.27957,-0.18042,3.04813,-4.54178,-1.27933,-0.0577041,-1.54637,-1.82318,-0.945726,-1.14962,0.525604,0.209047,0.81393,0.336198,0.930803,2.40481
0.851653,1.8003,-0.76409,0.966897,1.3365,1.64748,-1.596,-0.47008,0.00536321,-0.450976,-1.27634,0.035976,-0.561479,-0.739729,3.66793,-0.95868,-0.655728,0.646907,-0.0128927,-0.192636
0.988317,-0.422194,-3.74033,0.627042,-0.808094,1.89862,1.60376,-0.475676,-0.982579,-0.54737,-0.884362,-0.152585,-0.0165724,-0.29428,0.744202,0.149017,-0.00373685,-0.0859172,0.870315,1.42284
-1.30625,-0.718193,1.66595,1.27724,0.272223,-0.977195,0.476576,2.4528,-1.02992,-0.195097,1.87755,-0.378616,-1.31918,0.741525,-1.41326,0.218098,1.27341,-0.747081,0.0573321,0.123372
-1.90933,-0.714673,1.96645,0.438982,-0.0956408,-0.573768,1.01599,-0.267671,-1.03511,4.44128,1.00358,-0.191951,0.439554,0.720915,-1.44477,-0.253401,-0.0337023,-1.30481,1.79664,0.529584
0.883921,-0.340519,1.16159,1.49439,1.7319,-0.727209,-2.55168,1.36039,1.16506,-0.912454,-1.0995,0.714475,-2.97186,1.00995,0.0955769,-0.995019,-0.61101,-0.92342,-2.67414,1.44128