-0.795156,0.730307,-0.897566,1.71842,0.150843,-1.72668,-0.672203,1.15365,-0.0248221,-0.458972,-0.29467,-3.24039,-3.19749,0.298334,0.521287,0.0678848,-0.443195,-0.932482,-2.7195,0.44097
-1.27747,-0.618965,0.5442,1.24164,-0.251411,0.462257,0.378017,0.499195,-0.0929061,1.9047,2.00133,0.49495,0.551219,0.59017,-2.89264,-0.139263,0.398554,0.0621119,0.426649,0.363061
0.686559,-0.159345,0.286001,0.520375,0.197487,-0.313988,-3.38629,-1.0078,0.0373061,-0.266856,-0.835632,-0.0172745,-1.95573,-1.68089,-0.114031,-1.24621,-1.1064,-1.93982,-0.304771,0.535346
0.829953,0.0889844,-0.410309,3.22073,0.54534,0.12913,0.204896,-0.293365,-0.0512315,-0.240904,0.8886,-0.0511743,-3.79137,-0.454636,0.475079,0.60656,1.80224,2.96307,-0.883879,0.85405
0.559167,1.26772,-1.78654,0.877868,-0.472978,0.665905,-1.84423,-0.359255,-0.652358,0.181304,-0.948617,0.16203,-1.09497,-1.49671,0.954884,-3.07646,-0.590319,1.27835,-1.64011,0.0373885
0.757346,2.28823,-1.85216,0.954923,-0.222809,-0.68651,-1.68658,-0.17859,0.132295,-2.14553,-0.510592,-0.156514,-2.71519,-0.171725,0.293491,-1.31174,-0.261135,1.45922,-3.79712,0.178538
-0.151954,0.348186,-0.236456,4.32802,-0.0174687,0.537635,-0.0711143,0.289905,-0.130754,1.1661,1.52943,-0.742757,-1.15296,0.180179,1.96059,2.45604,0.636972,0.646124,-0.256922,-0.951155
0.561796,-1.04197,0.294005,-0.120479,2.35259,-0.0658029,0.928577,-1.08597,0.133587,-0.759885,-1.85677,-0.700144,-0.982584,0.398647,-0.656389,-0.655584,0.288362,-1.42142,0.367895,3.42715
0.297419,0.716575,0.457178,0.227144,1.68156,1.17165,-0.543028,0.213918,0.860276,-0.156805,-0.500109,1.17102,0.821738,0.45815,0.191445,-1.70971,0.0413787,1.57317,-0.795272,0.59781
0.653631,0.404008,-1.57291,-0.119013,0.280805,-0.18332,3.0484,-4.54213,-1.27928,-0.0594281,-1.54646,-1.83672,-0.948839,-1.15195,0.526271,0.210128,0.813825,0.337616,0.930804,2.40472
0.86184,1.80045,-0.771461,0.971433,1.33654,1.64745,-1.60627,-0.470721,0.00716349,-0.452048,-1.2906,0.0333977,-0.562904,-0.744516,3.66796,-0.964843,-0.658659,0.650073,-0.0220398,-0.191215
0.993264,-0.42218,-3.74034,0.62476,-0.809878,1.89862,1.60379,-0.476468,-0.982629,-0.552228,-0.884347,-0.155836,-0.0191286,-0.294216,0.748739,0.153129,-0.001296,-0.0859163,0.870318,1.42283
-1.30623,-0.72147,1.66612,1.28219,0.272825,-0.977166,0.476602,2.45285,-1.02992,-0.199314,1.8775,-0.377074,-1.31937,0.743132,-1.41837,0.217356,1.27342,-0.747143,0.0563848,0.123265
-1.90935,-0.718526,1.96654,0.439089,-0.0956513,-0.573846,1.02423,-0.26792,-1.03511,4.44135,1.01103,-0.192002,0.443302,0.723076,-1.45254,-0.255891,-0.0322688,-1.30491,1.79663,0.530109
0.883848,-0.343218,1.1683,1.49451,1.73185,-0.727626,-2.55169,1.37154,1.16503,-0.916638,-1.10034,0.725097,-2.97188,1.01,0.0925695,-1.00291,-0.613407,-0.925787,-2.67418,1.44128