-0.795228,0.739144,-0.900461,1.72564,0.146657,-1.72665,-0.671429,1.15368,-0.0302302,-0.458619,-0.29488,-3.24037,-3.19748,0.298152,0.522688,0.0678326,-0.443234,-0.932741,-2.71958,0.440872
-1.27913,-0.62278,0.547796,1.24165,-0.251448,0.460068,0.380423,0.50098,-0.0929012,1.90466,2.00129,0.4944,0.551262,0.592237,-2.89273,-0.13941,0.403783,0.0605796,0.429104,0.364232
0.693474,-0.159174,0.286144,0.520494,0.197321,-0.316727,-3.38633,-1.00781,0.0370371,-0.268868,-0.841234,-0.0176762,-1.95589,-1.68094,-0.114016,-1.25129,-1.10647,-1.93977,-0.304276,0.536775
0.838261,0.0913185,-0.413551,3.22071,0.544178,0.130456,0.204264,-0.29549,-0.0512456,-0.241041,0.887783,-0.052904,-3.79143,-0.459184,0.475886,0.609521,1.80226,2.96308,-0.885025,0.85514
0.563626,1.28002,-1.78656,0.87802,-0.474576,0.665964,-1.85526,-0.359262,-0.65293,0.180654,-0.949021,0.161659,-1.09836,-1.49679,0.955371,-3.07668,-0.591323,1.27835,-1.64014,0.0375515
0.761382,2.28823,-1.85226,0.958591,-0.226752,-0.695121,-1.68659,-0.178424,0.132163,-2.14552,-0.516292,-0.159429,-2.71524,-0.178293,0.295321,-1.31451,-0.261081,1.45921,-3.79716,0.179505
-0.152521,0.358919,-0.242598,4.32822,-0.0161856,0.539781,-0.0727072,0.291538,-0.130713,1.16614,1.52948,-0.743185,-1.1578,0.179219,1.96061,2.45599,0.637689,0.657913,-0.260944,-0.952235
0.5671,-1.04413,0.297284,-0.120696,2.35264,-0.0633434,0.928651,-1.08641,0.133776,-0.764647,-1.8568,-0.701731,-0.985528,0.398291,-0.658859,-0.658692,0.288324,-1.42251,0.367988,3.42716
0.297725,0.718292,0.457346,0.226214,1.68158,1.17458,-0.544628,0.213455,0.860961,-0.156876,-0.50498,1.17099,0.824286,0.458735,0.193417,-1.70962,0.0419773,1.57317,-0.795274,0.59782
0.662211,0.406489,-1.57289,-0.125325,0.28186,-0.185844,3.04863,-4.54244,-1.27924,-0.0609961,-1.54653,-1.84862,-0.951508,-1.15392,0.526679,0.211026,0.813735,0.33885,0.930806,2.40464
0.870868,1.80058,-0.778006,0.975491,1.33657,1.64742,-1.61536,-0.471218,0.0087291,-0.453029,-1.30326,0.0311296,-0.564054,-0.748655,3.66798,-0.970137,-0.661232,0.652821,-0.0302473,-0.189919
0.997548,-0.422166,-3.74034,0.622486,-0.811369,1.89861,1.60381,-0.477206,-0.982671,-0.556466,-0.884333,-0.158714,-0.0213867,-0.294161,0.75259,0.156716,0.000825604,-0.0859128,0.870322,1.42283
-1.30622,-0.724268,1.66627,1.2864,0.273241,-0.977139,0.476627,2.45288,-1.02992,-0.202996,1.87745,-0.375685,-1.31954,0.744509,-1.42276,0.216617,1.27343,-0.747195,0.055536,0.123175
-1.90937,-0.721885,1.96662,0.439054,-0.0956626,-0.573916,1.0313,-0.268118,-1.03511,4.4414,1.01749,-0.192045,0.446485,0.724977,-1.45926,-0.25805,-0.0309323,-1.30499,1.79662,0.530511
0.883783,-0.345481,1.17412,1.49461,1.73179,-0.727905,-2.55169,1.38138,1.16501,-0.920312,-1.10098,0.734544,-2.97189,1.01004,0.0898989,-1.00976,-0.615628,-0.927761,-2.67422,1.44128