-0.795291,0.747052,-0.902962,1.73183,0.142794,-1.72662,-0.670683,1.15369,-0.0351244,-0.458307,-0.295061,-3.24036,-3.19747,0.297996,0.523913,0.0677859,-0.44327,-0.932925,-2.71965,0.440787
-1.2805,-0.626274,0.550947,1.24165,-0.251478,0.458124,0.382568,0.502542,-0.0928982,1.90463,2.00125,0.49394,0.551299,0.59395,-2.89281,-0.139536,0.408551,0.0592242,0.43126,0.36525
0.699659,-0.159027,0.286237,0.520602,0.197169,-0.319051,-3.38637,-1.00782,0.0367831,-0.270575,-0.846128,-0.0179983,-1.95603,-1.681,-0.114002,-1.25564,-1.10652,-1.93972,-0.303796,0.538015
0.845686,0.0933655,-0.416392,3.22069,0.543103,0.131514,0.2036,-0.297359,-0.0512601,-0.241164,0.887009,-0.054369,-3.79148,-0.46316,0.47655,0.612157,1.80227,2.9631,-0.885998,0.856104
0.567442,1.29086,-1.78658,0.878157,-0.475868,0.665915,-1.86494,-0.359267,-0.653368,0.179989,-0.949334,0.161308,-1.10135,-1.49685,0.955691,-3.07687,-0.592174,1.27835,-1.64017,0.0376715
0.764895,2.28824,-1.85234,0.961897,-0.230149,-0.702791,-1.68659,-0.17826,0.13205,-2.14551,-0.521279,-0.162001,-2.71529,-0.184168,0.296948,-1.31683,-0.261033,1.4592,-3.79721,0.180357
-0.152949,0.368829,-0.248023,4.32839,-0.0151267,0.541739,-0.0742571,0.292967,-0.130665,1.16618,1.52952,-0.743466,-1.16196,0.178411,1.96062,2.45594,0.638421,0.668672,-0.264536,-0.953205
0.571887,-1.04592,0.300112,-0.121,2.35268,-0.0611085,0.928659,-1.0868,0.133908,-0.768791,-1.85682,-0.703065,-0.98805,0.397981,-0.660958,-0.661406,0.288291,-1.42341,0.368068,3.42717
0.298001,0.719774,0.457458,0.225344,1.68159,1.17702,-0.546001,0.212982,0.861553,-0.156937,-0.509288,1.17095,0.82652,0.459173,0.19512,-1.70954,0.0425463,1.57317,-0.795275,0.59783
0.669825,0.408633,-1.57288,-0.131049,0.282763,-0.188043,3.04883,-4.54271,-1.2792,-0.0624226,-1.54659,-1.85911,-0.953798,-1.15559,0.526887,0.211772,0.813658,0.339928,0.930808,2.40457
0.878876,1.8007,-0.783819,0.97913,1.3366,1.64739,-1.62342,-0.471601,0.0100905,-0.453925,-1.3145,0.0291362,-0.56498,-0.752239,3.668,-0.974689,-0.663498,0.655213,-0.0375996,-0.188743
1.00126,-0.422153,-3.74035,0.620261,-0.81262,1.89861,1.60382,-0.477899,-0.982707,-0.560167,-0.884321,-0.161266,-0.023382,-0.294115,0.755856,0.159842,0.00267241,-0.0859075,0.870326,1.42282
-1.30621,-0.726661,1.66641,1.28998,0.273512,-0.977113,0.47665,2.45291,-1.02992,-0.206208,1.87742,-0.37444,-1.31969,0.745691,-1.42653,0.215899,1.27345,-0.747239,0.0547767,0.123098
-1.90939,-0.724816,1.9667,0.438914,-0.0956738,-0.573979,1.03736,-0.268273,-1.0351,4.44144,1.02309,-0.192082,0.449193,0.726653,-1.46507,-0.259925,-0.029691,-1.30506,1.7966,0.530815
0.883726,-0.347383,1.17917,1.4947,1.73174,-0.728081,-2.5517,1.39005,1.16498,-0.923536,-1.10147,0.742933,-2.9719,1.01008,0.0875299,-1.01571,-0.617673,-0.929413,-2.67424,1.44127