-0.795345,0.754127,-0.905128,1.73712,0.139245,-1.7266,-0.669974,1.15371,-0.0395478,-0.458032,-0.295219,-3.24034,-3.19746,0.297862,0.524985,0.0677444,-0.443302,-0.933051,-2.7197,0.440714
-1.28163,-0.629464,0.553711,1.24166,-0.251502,0.456399,0.384482,0.503912,-0.0928964,1.9046,2.00121,0.493557,0.55133,0.595371,-2.89288,-0.139644,0.412904,0.0580322,0.433158,0.366139
0.705187,-0.158901,0.286289,0.520698,0.197031,-0.321024,-3.38639,-1.00782,0.0365452,-0.272023,-0.85041,-0.0182543,-1.95615,-1.68104,-0.11399,-1.25939,-1.10656,-1.93968,-0.30334,0.539092
0.852319,0.0951674,-0.418883,3.22067,0.542113,0.132354,0.202922,-0.299008,-0.0512746,-0.241276,0.886287,-0.0556113,-3.79153,-0.466637,0.477096,0.614503,1.80229,2.96312,-0.886828,0.856959
0.570713,1.30042,-1.7866,0.87828,-0.476908,0.665792,-1.87342,-0.359272,-0.653698,0.179328,-0.949574,0.16098,-1.104,-1.49691,0.955884,-3.07704,-0.592897,1.27835,-1.6402,0.0377574
0.767956,2.28824,-1.85241,0.964883,-0.233078,-0.709626,-1.6866,-0.178101,0.131954,-2.14551,-0.52564,-0.16427,-2.71533,-0.18942,0.298395,-1.31878,-0.26099,1.45919,-3.79724,0.181105
-0.153267,0.377963,-0.252812,4.32854,-0.0142525,0.543527,-0.0757516,0.294218,-0.130614,1.16621,1.52956,-0.743635,-1.16554,0.177733,1.96063,2.45589,0.639152,0.67849,-0.267743,-0.954079
0.576201,-1.04743,0.30255,-0.121367,2.35271,-0.0590821,0.928622,-1.08715,0.133997,-0.772397,-1.85684,-0.704189,-0.990212,0.397712,-0.662747,-0.663778,0.288263,-1.42414,0.368136,3.42717
0.298247,0.721054,0.457526,0.224536,1.6816,1.17907,-0.547181,0.212508,0.862066,-0.15699,-0.513099,1.17092,0.828483,0.459493,0.19659,-1.70948,0.0430865,1.57317,-0.795276,0.597839
0.676583,0.410485,-1.57286,-0.136234,0.283536,-0.189958,3.04901,-4.54295,-1.27917,-0.0637206,-1.54664,-1.86834,-0.955763,-1.157,0.526944,0.212392,0.813592,0.340873,0.93081,2.40451
0.885987,1.8008,-0.788983,0.982401,1.33663,1.64737,-1.63057,-0.471893,0.0112744,-0.454743,-1.32448,0.0273852,-0.565723,-0.755347,3.66802,-0.978605,-0.6655,0.6573,-0.0441767,-0.18768
1.00449,-0.422142,-3.74035,0.618113,-0.813673,1.89861,1.60384,-0.478551,-0.982738,-0.563404,-0.88431,-0.163531,-0.0251458,-0.294076,0.758626,0.162564,0.00428251,-0.0859012,0.870329,1.42282
-1.3062,-0.72871,1.66652,1.29303,0.273669,-0.977089,0.476671,2.45294,-1.02992,-0.209008,1.87739,-0.373329,-1.31982,0.746709,-1.42976,0.215213,1.27346,-0.747277,0.0540982,0.123033
-1.90941,-0.727376,1.96676,0.438701,-0.0956846,-0.574034,1.04256,-0.268389,-1.0351,4.44149,1.02795,-0.192113,0.4515,0.728133,-1.47011,-0.261555,-0.0285408,-1.30513,1.79659,0.531041
0.883675,-0.348981,1.18355,1.49478,1.7317,-0.728181,-2.55171,1.39771,1.16495,-0.926363,-1.10183,0.750371,-2.97191,1.01011,0.0854299,-1.02088,-0.619548,-0.930798,-2.67427,1.44127