-0.795392,0.760454,-0.907005,1.74166,0.135996,-1.72658,-0.669306,1.15373,-0.043541,-0.457791,-0.295355,-3.24033,-3.19746,0.297747,0.525923,0.0677075,-0.443332,-0.933136,-2.71975,0.440651
-1.28256,-0.632371,0.556138,1.24166,-0.251522,0.45487,0.386192,0.505115,-0.0928952,1.90458,2.00118,0.49324,0.551358,0.596548,-2.89294,-0.139738,0.416884,0.0569896,0.434833,0.366917
0.710128,-0.158792,0.286311,0.520784,0.196905,-0.322702,-3.38642,-1.00783,0.0363236,-0.273255,-0.854159,-0.0184559,-1.95625,-1.68109,-0.113979,-1.26262,-1.1066,-1.93965,-0.30291,0.540028
0.858239,0.0967589,-0.421065,3.22066,0.541205,0.13302,0.202244,-0.300466,-0.0512889,-0.241381,0.885619,-0.0566667,-3.79156,-0.46968,0.477544,0.616591,1.8023,2.96313,-0.88754,0.85772
0.573518,1.30886,-1.78661,0.878391,-0.477744,0.665619,-1.88087,-0.359276,-0.653943,0.178682,-0.949757,0.160677,-1.10634,-1.49696,0.955978,-3.07718,-0.593512,1.27835,-1.64022,0.0378162
0.770625,2.28824,-1.85247,0.967585,-0.235606,-0.715717,-1.6866,-0.17795,0.131872,-2.1455,-0.529454,-0.166271,-2.71537,-0.194111,0.299683,-1.3204,-0.260951,1.45918,-3.79727,0.18176
-0.1535,0.386372,-0.257041,4.32867,-0.0135306,0.54516,-0.0771819,0.295314,-0.130559,1.16623,1.52959,-0.743719,-1.16865,0.177165,1.96064,2.45585,0.63987,0.687448,-0.270603,-0.954868
0.580085,-1.04869,0.304654,-0.121775,2.35274,-0.0572483,0.928557,-1.08747,0.134054,-0.775535,-1.85686,-0.705139,-0.992066,0.39748,-0.664276,-0.665855,0.288239,-1.42474,0.368196,3.42718
0.298465,0.722158,0.45756,0.223791,1.68161,1.18078,-0.548194,0.212039,0.862514,-0.157035,-0.516471,1.17089,0.830211,0.45972,0.197862,-1.70942,0.0435989,1.57317,-0.795276,0.597847
0.682584,0.412088,-1.57285,-0.140925,0.284199,-0.191629,3.04917,-4.54316,-1.27915,-0.0649013,-1.54669,-1.87648,-0.957453,-1.15821,0.52689,0.212906,0.813534,0.341704,0.930813,2.40446
0.892307,1.80089,-0.793572,0.985346,1.33665,1.64735,-1.63692,-0.472113,0.0123044,-0.455488,-1.33335,0.0258478,-0.566316,-0.758045,3.66804,-0.981976,-0.667273,0.659126,-0.0500536,-0.186723
1.0073,-0.422131,-3.74035,0.616063,-0.814561,1.89861,1.60385,-0.479165,-0.982764,-0.566238,-0.884299,-0.165545,-0.0267059,-0.294044,0.760976,0.164934,0.00568848,-0.0858943,0.870333,1.42281
-1.30619,-0.730468,1.66663,1.29563,0.273737,-0.977066,0.476691,2.45296,-1.02992,-0.211448,1.87736,-0.37234,-1.31994,0.747587,-1.43255,0.214567,1.27347,-0.747309,0.0534926,0.122978
-1.90943,-0.729613,1.96682,0.438438,-0.0956946,-0.574085,1.04702,-0.268473,-1.0351,4.44152,1.03216,-0.19214,0.453471,0.72944,-1.47447,-0.262973,-0.0274769,-1.30518,1.79658,0.531205
0.88363,-0.350326,1.18735,1.49485,1.73166,-0.728227,-2.55171,1.40446,1.16492,-0.928841,-1.1021,0.756959,-2.97192,1.01014,0.0835696,-1.02539,-0.621261,-0.931962,-2.67428,1.44126