-0.795433,0.766113,-0.908635,1.74555,0.133031,-1.72656,-0.668681,1.15374,-0.0471417,-0.457581,-0.295473,-3.24031,-3.19746,0.297648,0.526746,0.0676747,-0.443358,-0.933191,-2.7198,0.440596
-1.28335,-0.635013,0.558273,1.24166,-0.251539,0.453513,0.387719,0.506172,-0.0928945,1.90456,2.00116,0.492977,0.551381,0.597524,-2.89299,-0.139819,0.420525,0.0560825,0.436316,0.367599
0.714542,-0.158698,0.286308,0.520862,0.196791,-0.32413,-3.38644,-1.00783,0.0361182,-0.274305,-0.857447,-0.0186127,-1.95634,-1.68113,-0.11397,-1.2654,-1.10663,-1.93962,-0.302509,0.540842
0.863521,0.0981691,-0.422977,3.22064,0.540377,0.133545,0.201576,-0.301757,-0.0513027,-0.24148,0.885008,-0.0575654,-3.7916,-0.472346,0.477911,0.618448,1.80231,2.96314,-0.888153,0.858397
0.575926,1.31629,-1.78663,0.87849,-0.478413,0.665416,-1.88743,-0.359279,-0.65412,0.178059,-0.949893,0.1604,-1.10841,-1.497,0.955999,-3.0773,-0.594035,1.27835,-1.64025,0.0378539
0.772954,2.28824,-1.85252,0.970031,-0.237789,-0.721148,-1.6866,-0.177808,0.131802,-2.14549,-0.532788,-0.168035,-2.7154,-0.198299,0.30083,-1.32176,-0.260917,1.45918,-3.7973,0.182335
-0.153664,0.394104,-0.260774,4.32877,-0.0129336,0.546651,-0.0785419,0.296273,-0.130503,1.16625,1.52962,-0.743739,-1.17135,0.176688,1.96065,2.45582,0.640568,0.695621,-0.273154,-0.95558
0.583578,-1.04975,0.30647,-0.12221,2.35276,-0.0555915,0.928473,-1.08776,0.134087,-0.778264,-1.85688,-0.705944,-0.993657,0.397281,-0.665584,-0.667676,0.288218,-1.42524,0.368247,3.42718
0.298659,0.72311,0.45757,0.223108,1.68161,1.1822,-0.549066,0.211579,0.862907,-0.157073,-0.519457,1.17087,0.831732,0.459875,0.198962,-1.70937,0.0440843,1.57317,-0.795275,0.597853
0.687913,0.413475,-1.57285,-0.145167,0.284769,-0.193086,3.04931,-4.54335,-1.27913,-0.065975,-1.54673,-1.88365,-0.958905,-1.15923,0.526755,0.213333,0.813485,0.342437,0.930816,2.40441
0.897927,1.80096,-0.79765,0.988,1.33667,1.64733,-1.64256,-0.472277,0.013201,-0.456167,-1.34122,0.0244983,-0.566786,-0.760393,3.66805,-0.984878,-0.668846,0.660728,-0.0552995,-0.185862
1.00975,-0.422121,-3.74035,0.614121,-0.815313,1.89861,1.60387,-0.479746,-0.982786,-0.568723,-0.88429,-0.167337,-0.0280864,-0.294016,0.76297,0.166995,0.00691817,-0.0858871,0.870336,1.42281
-1.30619,-0.731978,1.66672,1.29783,0.273739,-0.977045,0.476709,2.45298,-1.02992,-0.213572,1.87734,-0.371462,-1.32004,0.748347,-1.43496,0.213966,1.27348,-0.747336,0.0529523,0.122931
-1.90945,-0.73157,1.96687,0.438144,-0.0957039,-0.574129,1.05085,-0.26853,-1.0351,4.44155,1.03581,-0.192162,0.455157,0.730597,-1.47826,-0.264211,-0.026494,-1.30523,1.79657,0.53132
0.88359,-0.35146,1.19065,1.49491,1.73162,-0.728235,-2.55172,1.41041,1.1649,-0.931012,-1.10229,0.762789,-2.97193,1.01016,0.0819221,-1.0293,-0.622822,-0.932944,-2.6743,1.44125