-0.795469,0.771173,-0.910051,1.74889,0.130332,-1.72654,-0.6681,1.15375,-0.0503852,-0.457398,-0.295576,-3.2403,-3.19745,0.297563,0.527468,0.0676455,-0.443382,-0.933222,-2.71984,0.440548
-1.28401,-0.637412,0.560152,1.24166,-0.251554,0.452309,0.389086,0.507104,-0.092894,1.90454,2.00113,0.492762,0.551401,0.598332,-2.89303,-0.139889,0.423861,0.0552975,0.437631,0.3682
0.718485,-0.158618,0.286287,0.520932,0.196688,-0.325346,-3.38646,-1.00783,0.0359289,-0.2752,-0.860333,-0.018733,-1.95642,-1.68116,-0.113961,-1.2678,-1.10665,-1.93959,-0.302138,0.541552
0.868231,0.0994224,-0.424652,3.22063,0.539622,0.133956,0.200928,-0.302905,-0.0513159,-0.241573,0.88445,-0.0583328,-3.79163,-0.474684,0.47821,0.620099,1.80232,2.96315,-0.888684,0.859001
0.577995,1.32286,-1.78664,0.87858,-0.478946,0.665197,-1.89319,-0.359281,-0.654244,0.177467,-0.949992,0.160147,-1.11025,-1.49704,0.955964,-3.0774,-0.594482,1.27835,-1.64027,0.0378752
0.774988,2.28824,-1.85256,0.972248,-0.239675,-0.725991,-1.6866,-0.177676,0.131741,-2.14549,-0.535702,-0.169589,-2.71544,-0.202036,0.301851,-1.3229,-0.260887,1.45917,-3.79732,0.182837
-0.153777,0.401207,-0.264068,4.32887,-0.0124392,0.548013,-0.0798281,0.297112,-0.130447,1.16627,1.52964,-0.743711,-1.17369,0.17629,1.96066,2.45578,0.641238,0.703075,-0.275429,-0.956224
0.586719,-1.05065,0.308038,-0.122657,2.35278,-0.0540966,0.92838,-1.08803,0.134103,-0.780639,-1.8569,-0.706628,-0.995023,0.397111,-0.666707,-0.669276,0.2882,-1.42566,0.368291,3.42718
0.298831,0.72393,0.457561,0.222485,1.68162,1.18338,-0.549818,0.211132,0.863251,-0.157106,-0.5221,1.17084,0.833074,0.459973,0.199916,-1.70932,0.0445437,1.57317,-0.795275,0.597859
0.692649,0.414677,-1.57284,-0.148999,0.285259,-0.194359,3.04943,-4.54352,-1.27911,-0.0669508,-1.54676,-1.88999,-0.960156,-1.1601,0.526563,0.213688,0.813442,0.343086,0.930818,2.40436
0.902928,1.80103,-0.801276,0.990396,1.33669,1.64732,-1.64757,-0.472398,0.0139819,-0.456783,-1.34821,0.0233138,-0.567158,-0.762437,3.66806,-0.987379,-0.670244,0.662136,-0.0599783,-0.18509
1.01188,-0.422112,-3.74035,0.612294,-0.815951,1.89861,1.60388,-0.480292,-0.982806,-0.570905,-0.884282,-0.168934,-0.0293088,-0.293992,0.764662,0.168788,0.00799543,-0.0858798,0.87034,1.42281
-1.30618,-0.733277,1.66681,1.29971,0.27369,-0.977026,0.476726,2.453,-1.02992,-0.21542,1.87733,-0.370684,-1.32013,0.749005,-1.43703,0.213409,1.27349,-0.74736,0.0524706,0.12289
-1.90947,-0.733282,1.96692,0.437833,-0.0957124,-0.57417,1.05413,-0.268564,-1.0351,4.44158,1.03896,-0.192182,0.456603,0.731621,-1.48154,-0.265291,-0.0255864,-1.30527,1.79656,0.531397
0.883554,-0.352416,1.19351,1.49496,1.73159,-0.728216,-2.55172,1.41566,1.16487,-0.932913,-1.10244,0.767942,-2.97193,1.01019,0.0804635,-1.03271,-0.624242,-0.933773,-2.67431,1.44124