-0.795501,0.775698,-0.911284,1.75176,0.127881,-1.72652,-0.667563,1.15376,-0.0533041,-0.457239,-0.295665,-3.24029,-3.19745,0.29749,0.528102,0.0676196,-0.443404,-0.933238,-2.71987,0.440507
-1.28456,-0.639584,0.561808,1.24166,-0.251566,0.451241,0.390308,0.507925,-0.0928936,1.90452,2.00111,0.492585,0.551419,0.599002,-2.89307,-0.139951,0.426917,0.0546216,0.438801,0.368729
0.722007,-0.158548,0.286253,0.520994,0.196595,-0.326384,-3.38648,-1.00783,0.0357549,-0.275965,-0.86287,-0.0188234,-1.95648,-1.68119,-0.113954,-1.26987,-1.10668,-1.93957,-0.301797,0.542171
0.872427,0.100539,-0.426118,3.22062,0.538938,0.134278,0.200303,-0.303926,-0.0513284,-0.24166,0.883946,-0.05899,-3.79165,-0.476735,0.478454,0.621568,1.80232,2.96316,-0.889144,0.85954
0.579774,1.32864,-1.78666,0.878662,-0.479368,0.664971,-1.89827,-0.359283,-0.654325,0.176909,-0.950061,0.159918,-1.11187,-1.49707,0.955891,-3.07749,-0.594863,1.27834,-1.64028,0.0378838
0.776765,2.28824,-1.8526,0.97426,-0.241307,-0.730311,-1.6866,-0.177554,0.131689,-2.14548,-0.538248,-0.17096,-2.71546,-0.205369,0.302762,-1.32385,-0.26086,1.45917,-3.79734,0.183275
-0.153848,0.407725,-0.266977,4.32895,-0.0120286,0.549255,-0.0810385,0.297847,-0.130391,1.16628,1.52967,-0.743649,-1.17573,0.175957,1.96067,2.45575,0.641877,0.709875,-0.277456,-0.956807
0.589539,-1.05142,0.309394,-0.123107,2.3528,-0.0527493,0.928281,-1.08828,0.134107,-0.782706,-1.85692,-0.707212,-0.996197,0.396966,-0.667673,-0.670682,0.288184,-1.426,0.36833,3.42718
0.298983,0.724636,0.45754,0.221919,1.68163,1.18437,-0.550465,0.210702,0.863553,-0.157135,-0.524441,1.17082,0.834259,0.460027,0.200743,-1.70928,0.044978,1.57317,-0.795274,0.597864
0.696858,0.41572,-1.57283,-0.152459,0.285681,-0.195471,3.04953,-4.54366,-1.2791,-0.0678372,-1.54679,-1.89558,-0.961233,-1.16085,0.526333,0.213983,0.813405,0.343662,0.930821,2.40432
0.907381,1.80108,-0.804499,0.992559,1.33671,1.6473,-1.65202,-0.472483,0.0146625,-0.457341,-1.35442,0.0222742,-0.567448,-0.764219,3.66807,-0.989534,-0.671489,0.663377,-0.0641483,-0.184399
1.01375,-0.422104,-3.74035,0.610586,-0.816495,1.89861,1.60389,-0.480808,-0.982822,-0.572823,-0.884274,-0.170359,-0.0303918,-0.293972,0.766097,0.170347,0.00894065,-0.0858726,0.870343,1.4228
-1.30618,-0.734395,1.66688,1.30131,0.273605,-0.977008,0.476742,2.45301,-1.02992,-0.217029,1.87731,-0.369994,-1.3202,0.749577,-1.43883,0.212897,1.2735,-0.74738,0.0520415,0.122855
-1.90949,-0.734781,1.96696,0.437514,-0.0957201,-0.574206,1.05695,-0.268581,-1.0351,4.4416,1.04169,-0.192198,0.457846,0.732528,-1.48439,-0.266235,-0.0247487,-1.30531,1.79655,0.531444
0.883522,-0.353224,1.196,1.49501,1.73156,-0.728179,-2.55172,1.42028,1.16485,-0.934578,-1.10254,0.772494,-2.97194,1.01021,0.0791723,-1.03569,-0.62553,-0.934474,-2.67432,1.44123