-0.795528,0.779743,-0.912359,1.75422,0.125659,-1.72651,-0.66707,1.15377,-0.0559286,-0.457101,-0.295742,-3.24028,-3.19745,0.297426,0.528661,0.0675966,-0.443423,-0.933241,-2.7199,0.44047
-1.28503,-0.641549,0.563268,1.24166,-0.251576,0.450293,0.391402,0.508649,-0.0928933,1.90451,2.00109,0.49244,0.551433,0.599557,-2.89311,-0.140004,0.429719,0.0540429,0.439842,0.369197
0.725153,-0.158488,0.286209,0.521051,0.196511,-0.32727,-3.38649,-1.00783,0.0355957,-0.276619,-0.865101,-0.0188899,-1.95654,-1.68122,-0.113948,-1.27166,-1.1067,-1.93955,-0.301486,0.542711
0.876165,0.101537,-0.427401,3.22061,0.538317,0.134527,0.199706,-0.304837,-0.0513402,-0.241742,0.88349,-0.0595549,-3.79167,-0.478537,0.478652,0.622873,1.80233,2.96317,-0.889545,0.860023
0.581305,1.33375,-1.78667,0.878735,-0.479701,0.664745,-1.90275,-0.359284,-0.654374,0.176388,-0.950106,0.159711,-1.11332,-1.4971,0.955789,-3.07757,-0.595189,1.27834,-1.6403,0.0378827
0.778319,2.28824,-1.85263,0.976084,-0.242719,-0.734164,-1.68659,-0.177443,0.131644,-2.14548,-0.540473,-0.172169,-2.71549,-0.208342,0.303573,-1.32464,-0.260836,1.45917,-3.79736,0.183658
-0.153889,0.413703,-0.269544,4.32902,-0.0116867,0.550389,-0.0821731,0.29849,-0.130335,1.16629,1.52968,-0.743563,-1.17752,0.175679,1.96067,2.45573,0.642482,0.716077,-0.279264,-0.957335
0.59207,-1.05207,0.310566,-0.123552,2.35281,-0.0515365,0.928182,-1.08852,0.134102,-0.784503,-1.85693,-0.707712,-0.997205,0.396843,-0.668504,-0.671921,0.288169,-1.4263,0.368364,3.42718
0.299117,0.725244,0.457509,0.221405,1.68163,1.18518,-0.551023,0.210289,0.863819,-0.157159,-0.526516,1.1708,0.835306,0.460048,0.201463,-1.70925,0.0453881,1.57317,-0.795273,0.597868
0.700601,0.416625,-1.57283,-0.155579,0.286045,-0.196444,3.04963,-4.54379,-1.27909,-0.0686419,-1.54682,-1.90051,-0.962162,-1.16149,0.52608,0.214228,0.813373,0.344174,0.930824,2.40428
0.911348,1.80113,-0.807366,0.994513,1.33672,1.64729,-1.65598,-0.472542,0.0152562,-0.457847,-1.35994,0.0213615,-0.567673,-0.765775,3.66808,-0.991392,-0.672599,0.664473,-0.0678626,-0.18378
1.01537,-0.422096,-3.74035,0.608996,-0.816958,1.89861,1.6039,-0.481292,-0.982837,-0.574511,-0.884267,-0.171632,-0.0313519,-0.293955,0.767317,0.171703,0.00977128,-0.0858656,0.870346,1.4228
-1.30618,-0.735359,1.66695,1.30267,0.273495,-0.976991,0.476756,2.45303,-1.02992,-0.218428,1.8773,-0.369385,-1.32027,0.750075,-1.44038,0.212429,1.27351,-0.747398,0.0516593,0.122824
-1.90951,-0.736093,1.967,0.437197,-0.0957272,-0.574239,1.05936,-0.268584,-1.0351,4.44162,1.04404,-0.192213,0.458917,0.733331,-1.48687,-0.267063,-0.0239757,-1.30534,1.79654,0.531469
0.883493,-0.353906,1.19815,1.49505,1.73153,-0.728131,-2.55172,1.42436,1.16483,-0.936036,-1.10261,0.776513,-2.97194,1.01022,0.0780292,-1.03828,-0.626697,-0.935069,-2.67432,1.44122