-0.795241,0.249337,-0.494693,0.84934,0.1611,-1.74873,-0.535833,1.16202,0.195247,-0.316551,-0.271989,-3.2612,-3.23791,0.322549,0.346379,0.0671111,-0.446034,-0.687919,-2.73886,0.472027
-0.794865,-0.475557,0.237948,1.25981,-0.229985,0.547614,0.210207,0.27434,-0.122889,1.93036,2.01805,0.416055,0.550301,0.292884,-2.91803,-0.121857,0.0355679,0.0890486,0.136327,0.179509
0.309728,-0.185877,0.204524,0.516138,0.140686,0.0462836,-3.40435,-1.01909,0.0574368,-0.0201324,-0.380812,0.0130645,-1.95956,-1.68986,-0.104433,-0.654823,-1.12947,-1.95997,-0.196449,0.387744
0.334598,-0.184512,-0.161615,3.26723,0.476542,-0.0731552,0.0790063,-0.126073,-0.0750045,-0.175216,0.668082,0.101012,-3.82297,-0.117107,0.292479,0.354272,1.81931,2.98296,-0.562196,0.637181
0.0636348,0.406753,-1.81377,0.870869,-0.192663,0.401624,-0.856216,-0.356155,-0.484104,0.117939,-0.705683,0.158277,-0.727022,-1.51727,0.751134,-3.07494,-0.438482,1.28762,-1.65583,-0.0199178
0.248517,2.30669,-1.85032,0.561479,0.138463,-0.158916,-1.67534,-0.129999,0.159487,-2.17216,-0.0864901,-0.00792395,-2.74513,0.108805,0.162487,-0.830645,-0.29099,1.48404,-3.82203,0.11995
-0.0131374,0.0818967,0.103813,4.34273,-0.115939,0.308784,-0.0817943,0.15326,-0.113509,1.17201,1.55293,-0.434166,-0.436845,0.28757,1.98792,2.48914,0.640339,0.10892,-0.0550558,-0.735808
0.264313,-0.621643,0.0184439,-0.187134,2.39406,-0.126393,0.667811,-0.847338,0.0678224,-0.341249,-1.87177,-0.402858,-0.63313,0.34782,-0.285208,-0.351241,0.266333,-1.01492,0.373371,3.44447
0.316644,0.594225,0.333574,0.129373,1.63812,0.705681,-0.384157,0.189443,0.642925,-0.163561,-0.231807,1.20027,0.521574,0.298742,-0.0155491,-1.73506,0.0641853,1.60824,-0.820452,0.635339
0.157768,0.197646,-1.59349,0.114349,0.17215,-0.0107623,3.05533,-4.56054,-1.28959,0.0987451,-1.57875,-0.862236,-0.606973,-0.764411,0.269764,0.0926528,0.854774,0.157704,0.9434,2.45109
0.167363,1.81475,-0.302874,0.56217,1.37149,1.64999,-0.827921,-0.30193,-0.0268552,-0.346404,-0.442596,0.111937,-0.351271,-0.298073,3.69778,-0.398333,-0.361174,0.31322,0.279966,-0.164705
0.44285,-0.435654,-3.77059,0.40819,-0.505441,1.92661,1.61589,-0.322599,-0.972163,-0.188429,-0.890103,0.0089581,0.101706,-0.311591,0.313558,-0.0654348,-0.140682,-0.0830612,0.871672,1.44767
-1.32092,-0.362884,1.67555,0.709109,0.1066,-0.982438,0.478442,2.47335,-1.02508,0.0125543,1.90079,-0.26697,-1.31278,0.518824,-0.899353,0.0874442,1.30121,-0.737489,0.073277,0.150719
-1.93048,-0.372132,1.98811,0.277879,-0.101289,-0.574863,0.308625,-0.292708,-1.04144,4.48005,0.412236,-0.186933,0.0755857,0.456499,-0.769302,-0.0544626,-0.0144197,-1.31186,1.80368,0.348987
0.888134,-0.0165988,0.652153,1.49699,1.76126,-0.506967,-2.59815,0.615855,1.18042,-0.623739,-0.720823,0.28424,-2.99765,1.00604,0.212195,-0.378319,-0.571198,-0.481642,-2.70237,1.45141