-0.795552,0.78336,-0.913296,1.75634,0.123649,-1.7265,-0.666617,1.15378,-0.0582865,-0.456981,-0.295809,-3.24027,-3.19745,0.297372,0.529152,0.0675761,-0.443441,-0.933236,-2.71992,0.440439
-1.28543,-0.643324,0.564558,1.24166,-0.251585,0.449452,0.392382,0.509289,-0.092893,1.9045,2.00107,0.492323,0.551446,0.600016,-2.89314,-0.140051,0.43229,0.0535501,0.440771,0.369612
0.727963,-0.158435,0.286157,0.521101,0.196436,-0.328028,-3.38651,-1.00783,0.0354504,-0.277179,-0.867066,-0.0189371,-1.95659,-1.68124,-0.113942,-1.2732,-1.10671,-1.93953,-0.301201,0.543183
0.879494,0.102431,-0.428524,3.2206,0.537756,0.134719,0.199139,-0.305651,-0.0513512,-0.241818,0.883081,-0.0600423,-3.79169,-0.480121,0.478812,0.624035,1.80234,2.96318,-0.889893,0.860454
0.582623,1.33826,-1.78668,0.8788,-0.479961,0.664525,-1.9067,-0.359286,-0.654397,0.175903,-0.950132,0.159525,-1.11459,-1.49712,0.955669,-3.07764,-0.595467,1.27834,-1.64031,0.0378745
0.779678,2.28824,-1.85266,0.977739,-0.243941,-0.737601,-1.68659,-0.177342,0.131605,-2.14547,-0.542417,-0.173235,-2.71551,-0.210991,0.304298,-1.3253,-0.260815,1.45916,-3.79737,0.183992
-0.153906,0.419181,-0.27181,4.32908,-0.011401,0.551422,-0.0832326,0.299053,-0.130281,1.1663,1.5297,-0.74346,-1.17908,0.175448,1.96068,2.4557,0.643052,0.721732,-0.280875,-0.957813
0.594341,-1.05263,0.31158,-0.123986,2.35283,-0.0504456,0.928085,-1.08874,0.134091,-0.786067,-1.85694,-0.708141,-0.998072,0.396739,-0.669222,-0.673014,0.288157,-1.42655,0.368393,3.42718
0.299237,0.725767,0.457473,0.220941,1.68164,1.18586,-0.551506,0.209896,0.864054,-0.157181,-0.528356,1.17078,0.836233,0.460043,0.202089,-1.70922,0.0457749,1.57317,-0.795273,0.597871
0.703929,0.417412,-1.57283,-0.158393,0.286359,-0.197295,3.04971,-4.5439,-1.27908,-0.0693719,-1.54684,-1.90488,-0.962964,-1.16204,0.525814,0.214432,0.813345,0.344632,0.930826,2.40425
0.914883,1.80118,-0.809916,0.99628,1.33673,1.64729,-1.6595,-0.47258,0.0157743,-0.458305,-1.36484,0.02056,-0.567845,-0.767135,3.66809,-0.992994,-0.673591,0.665443,-0.0711693,-0.183226
1.0168,-0.422089,-3.74035,0.607522,-0.817355,1.89861,1.60391,-0.481747,-0.982849,-0.576,-0.88426,-0.172771,-0.0322036,-0.29394,0.768352,0.172883,0.0105023,-0.0858589,0.870348,1.4228
-1.30618,-0.736191,1.66701,1.30383,0.273369,-0.976975,0.476769,2.45304,-1.02992,-0.219645,1.87729,-0.368846,-1.32033,0.750509,-1.44172,0.212003,1.27352,-0.747413,0.0513192,0.122798
-1.90953,-0.737242,1.96704,0.436887,-0.0957337,-0.574269,1.06143,-0.268577,-1.0351,4.44164,1.04608,-0.192225,0.459842,0.734042,-1.48902,-0.267789,-0.0232623,-1.30537,1.79653,0.531477
0.883468,-0.354484,1.20002,1.49509,1.73151,-0.728077,-2.55172,1.42796,1.16481,-0.937313,-1.10265,0.780058,-2.97195,1.01024,0.0770172,-1.04054,-0.627754,-0.935574,-2.67433,1.44122