-0.795574,0.786593,-0.914115,1.75817,0.121833,-1.72649,-0.666203,1.15378,-0.0604032,-0.456876,-0.295867,-3.24026,-3.19744,0.297325,0.529585,0.067558,-0.443457,-0.933225,-2.71994,0.440411
-1.28577,-0.644924,0.565699,1.24166,-0.251592,0.448704,0.393259,0.509854,-0.0928928,1.90449,2.00105,0.492228,0.551457,0.600396,-2.89317,-0.140091,0.434649,0.0531332,0.441601,0.369981
0.730472,-0.15839,0.286102,0.521147,0.196369,-0.328676,-3.38652,-1.00783,0.0353182,-0.27766,-0.868798,-0.0189689,-1.95663,-1.68127,-0.113937,-1.27454,-1.10673,-1.93952,-0.300944,0.543595
0.882456,0.103234,-0.429506,3.22059,0.53725,0.134866,0.198604,-0.306379,-0.0513614,-0.241889,0.882714,-0.0604644,-3.7917,-0.481516,0.478941,0.625067,1.80234,2.96319,-0.890197,0.86084
0.583759,1.34223,-1.78669,0.87886,-0.480163,0.664314,-1.91019,-0.359287,-0.6544,0.175456,-0.950142,0.159359,-1.11573,-1.49714,0.955537,-3.0777,-0.595705,1.27834,-1.64033,0.0378609
0.780867,2.28824,-1.85268,0.979242,-0.245001,-0.740668,-1.68659,-0.177251,0.131571,-2.14547,-0.544114,-0.174176,-2.71553,-0.213352,0.304944,-1.32585,-0.260796,1.45916,-3.79739,0.184283
-0.153906,0.424198,-0.273811,4.32913,-0.0111612,0.552363,-0.0842189,0.299545,-0.130228,1.16631,1.52971,-0.743346,-1.18045,0.175257,1.96068,2.45568,0.643586,0.726889,-0.28231,-0.958246
0.596377,-1.05311,0.312459,-0.124404,2.35284,-0.0494651,0.927991,-1.08895,0.134076,-0.787427,-1.85696,-0.70851,-0.998817,0.396652,-0.669843,-0.673979,0.288146,-1.42676,0.368419,3.42718
0.299343,0.726216,0.457433,0.220521,1.68164,1.18641,-0.551923,0.209524,0.864261,-0.157199,-0.529989,1.17077,0.837053,0.46002,0.202636,-1.70919,0.0461393,1.57317,-0.795272,0.597874
0.706891,0.418097,-1.57282,-0.160927,0.286631,-0.19804,3.04978,-4.54401,-1.27907,-0.0700338,-1.54686,-1.90873,-0.963657,-1.16251,0.525544,0.214603,0.813321,0.345041,0.930828,2.40422
0.918034,1.80122,-0.812185,0.997878,1.33674,1.64728,-1.66263,-0.472603,0.0162268,-0.458718,-1.3692,0.0198562,-0.567973,-0.768326,3.6681,-0.994375,-0.674476,0.666302,-0.0741119,-0.182732
1.01805,-0.422083,-3.74035,0.606159,-0.817695,1.89861,1.60392,-0.482172,-0.98286,-0.577313,-0.884254,-0.17379,-0.0329594,-0.293927,0.769233,0.173909,0.0111466,-0.0858525,0.870351,1.42279
-1.30618,-0.73691,1.66707,1.30481,0.273232,-0.976961,0.47678,2.45305,-1.02991,-0.220703,1.87728,-0.36837,-1.32038,0.750887,-1.44288,0.211616,1.27353,-0.747427,0.0510167,0.122776
-1.90954,-0.738248,1.96707,0.436588,-0.0957395,-0.574296,1.06321,-0.268561,-1.0351,4.44166,1.04783,-0.192235,0.460642,0.734672,-1.49088,-0.268426,-0.0226039,-1.30539,1.79652,0.531472
0.883445,-0.354973,1.20165,1.49512,1.73149,-0.72802,-2.55172,1.43113,1.16479,-0.93843,-1.10268,0.783183,-2.97195,1.01025,0.076121,-1.04252,-0.62871,-0.936004,-2.67433,1.44121