-0.795593,0.789485,-0.91483,1.75974,0.120195,-1.72648,-0.665826,1.15379,-0.0623022,-0.456786,-0.295917,-3.24026,-3.19744,0.297284,0.529966,0.0675418,-0.443472,-0.93321,-2.71996,0.440386
-1.28606,-0.646366,0.566707,1.24166,-0.251598,0.44804,0.394045,0.510354,-0.0928926,1.90448,2.00104,0.492151,0.551466,0.60071,-2.89319,-0.140127,0.436814,0.0527827,0.442344,0.370309
0.732714,-0.158351,0.286044,0.521188,0.196309,-0.329232,-3.38653,-1.00783,0.0351982,-0.278073,-0.870328,-0.0189886,-1.95667,-1.68129,-0.113933,-1.2757,-1.10674,-1.9395,-0.30071,0.543956
0.885091,0.103956,-0.430364,3.22058,0.536794,0.134978,0.1981,-0.307033,-0.0513709,-0.241955,0.882387,-0.0608316,-3.79172,-0.482744,0.479043,0.625986,1.80235,2.9632,-0.890462,0.861185
0.584737,1.34574,-1.7867,0.878913,-0.480318,0.664115,-1.91327,-0.359288,-0.65439,0.175045,-0.950141,0.15921,-1.11673,-1.49716,0.955399,-3.07775,-0.595908,1.27834,-1.64034,0.0378437
0.781908,2.28824,-1.8527,0.980605,-0.24592,-0.743404,-1.68659,-0.177169,0.131542,-2.14546,-0.545597,-0.175006,-2.71554,-0.215456,0.305521,-1.3263,-0.260779,1.45916,-3.7974,0.184536
-0.153892,0.42879,-0.275576,4.32918,-0.0109589,0.553221,-0.0851345,0.299976,-0.130176,1.16632,1.52972,-0.743227,-1.18166,0.175098,1.96069,2.45566,0.644084,0.731591,-0.283589,-0.958638
0.598201,-1.05352,0.31322,-0.124803,2.35285,-0.0485844,0.927902,-1.08914,0.134059,-0.788611,-1.85697,-0.708829,-0.999458,0.396579,-0.67038,-0.674832,0.288136,-1.42695,0.368441,3.42718
0.299437,0.726602,0.457392,0.220144,1.68164,1.18686,-0.552283,0.209171,0.864444,-0.157215,-0.531438,1.17075,0.837779,0.459983,0.203114,-1.70917,0.0464823,1.57317,-0.795271,0.597876
0.709526,0.418693,-1.57282,-0.16321,0.286865,-0.198693,3.04984,-4.5441,-1.27906,-0.0706337,-1.54688,-1.91214,-0.964257,-1.16292,0.525276,0.214745,0.813299,0.345407,0.93083,2.4042
0.920845,1.80125,-0.814203,0.999324,1.33675,1.64727,-1.66541,-0.472613,0.0166223,-0.45909,-1.37307,0.0192377,-0.568068,-0.769369,3.6681,-0.995566,-0.675269,0.667066,-0.0767294,-0.182291
1.01914,-0.422077,-3.74035,0.604903,-0.817987,1.89861,1.60393,-0.482571,-0.982869,-0.578474,-0.884249,-0.174703,-0.0336306,-0.293916,0.769982,0.174802,0.0117152,-0.0858464,0.870353,1.42279
-1.30618,-0.737532,1.66712,1.30564,0.27309,-0.976948,0.476791,2.45306,-1.02991,-0.221623,1.87727,-0.36795,-1.32043,0.751219,-1.44389,0.211265,1.27354,-0.747438,0.0507477,0.122756
-1.90955,-0.739128,1.96709,0.436303,-0.0957448,-0.574321,1.06472,-0.268539,-1.0351,4.44168,1.04935,-0.192244,0.461336,0.73523,-1.49251,-0.268988,-0.021996,-1.30541,1.79651,0.531458
0.883425,-0.355387,1.20306,1.49515,1.73147,-0.727963,-2.55173,1.43393,1.16478,-0.939409,-1.10269,0.785938,-2.97196,1.01026,0.0753273,-1.04424,-0.629573,-0.936371,-2.67434,1.4412