-0.795609,0.79207,-0.915456,1.7611,0.118718,-1.72647,-0.665483,1.15379,-0.0640048,-0.456707,-0.29596,-3.24025,-3.19744,0.297249,0.530303,0.0675275,-0.443485,-0.933192,-2.71998,0.440365
-1.28631,-0.647663,0.567601,1.24165,-0.251603,0.44745,0.394749,0.510797,-0.0928923,1.90447,2.00103,0.492089,0.551474,0.60097,-2.89321,-0.140158,0.438801,0.0524903,0.443009,0.370602
0.734716,-0.158318,0.285985,0.521225,0.196255,-0.329709,-3.38654,-1.00783,0.0350895,-0.278428,-0.871679,-0.0189988,-1.9567,-1.6813,-0.113929,-1.27671,-1.10675,-1.93949,-0.3005,0.544273
0.887434,0.104606,-0.431113,3.22057,0.536382,0.135063,0.197629,-0.307621,-0.0513795,-0.242014,0.882095,-0.0611522,-3.79173,-0.483827,0.479124,0.626803,1.80235,2.9632,-0.890692,0.861494
0.585582,1.34884,-1.78671,0.878961,-0.480435,0.663928,-1.91599,-0.359288,-0.654368,0.174669,-0.950131,0.159077,-1.11763,-1.49718,0.955258,-3.0778,-0.596082,1.27833,-1.64035,0.037824
0.78282,2.28824,-1.85272,0.981842,-0.246717,-0.745846,-1.68658,-0.177097,0.131516,-2.14546,-0.546891,-0.17574,-2.71556,-0.217329,0.306036,-1.32668,-0.260763,1.45915,-3.79741,0.184756
-0.15387,0.432991,-0.277135,4.32921,-0.0107873,0.554001,-0.0859824,0.300353,-0.130126,1.16633,1.52974,-0.743105,-1.18272,0.174966,1.96069,2.45564,0.644548,0.735878,-0.284729,-0.958993
0.599836,-1.05388,0.313879,-0.125182,2.35286,-0.0477939,0.927818,-1.08933,0.134041,-0.78964,-1.85698,-0.709106,-1.00001,0.396519,-0.670847,-0.675588,0.288128,-1.42711,0.368461,3.42718
0.299521,0.726933,0.45735,0.219804,1.68165,1.18723,-0.552595,0.20884,0.864606,-0.157229,-0.532724,1.17074,0.838424,0.459937,0.203533,-1.70915,0.0468048,1.57317,-0.79527,0.597879
0.711873,0.419214,-1.57282,-0.165264,0.287068,-0.199266,3.0499,-4.54417,-1.27905,-0.0711769,-1.5469,-1.91516,-0.964776,-1.16327,0.525015,0.214864,0.813281,0.345736,0.930832,2.40417
0.923352,1.80128,-0.816,1.00063,1.33676,1.64727,-1.66789,-0.472614,0.0169681,-0.459426,-1.37651,0.0186942,-0.568135,-0.770283,3.66811,-0.996593,-0.675978,0.667745,-0.0790571,-0.181897
1.0201,-0.422072,-3.74035,0.603748,-0.818239,1.89861,1.60393,-0.482942,-0.982878,-0.579501,-0.884244,-0.175522,-0.034227,-0.293907,0.77062,0.175579,0.0122176,-0.0858408,0.870356,1.42279
-1.30618,-0.738071,1.66716,1.30635,0.272948,-0.976936,0.476801,2.45306,-1.02991,-0.222424,1.87727,-0.367579,-1.32047,0.751509,-1.44477,0.210948,1.27355,-0.747448,0.0505087,0.122739
-1.90957,-0.739899,1.96712,0.436034,-0.0957496,-0.574343,1.06602,-0.268514,-1.0351,4.44169,1.05065,-0.192252,0.461939,0.735723,-1.49392,-0.269482,-0.0214347,-1.30543,1.7965,0.531439
0.883406,-0.355739,1.20429,1.49517,1.73145,-0.727908,-2.55173,1.43639,1.16476,-0.940267,-1.1027,0.788365,-2.97196,1.01027,0.074624,-1.04575,-0.630352,-0.936684,-2.67434,1.44119