-0.795624,0.794381,-0.916004,1.76227,0.117388,-1.72647,-0.665172,1.1538,-0.0655305,-0.456639,-0.295998,-3.24024,-3.19744,0.297219,0.530601,0.0675148,-0.443496,-0.933172,-2.71999,0.440346
-1.28653,-0.64883,0.568393,1.24165,-0.251608,0.446925,0.39538,0.511189,-0.0928921,1.90446,2.00102,0.492041,0.551481,0.601184,-2.89323,-0.140186,0.440626,0.0522485,0.443607,0.370863
0.736505,-0.158288,0.285927,0.521258,0.196207,-0.330119,-3.38654,-1.00782,0.0349913,-0.278734,-0.872873,-0.0190018,-1.95673,-1.68132,-0.113926,-1.27758,-1.10676,-1.93948,-0.30031,0.54455
0.889518,0.105193,-0.431767,3.22057,0.536013,0.135126,0.197189,-0.308149,-0.0513875,-0.242068,0.881836,-0.0614335,-3.79174,-0.484782,0.479187,0.62753,1.80236,2.96321,-0.890893,0.861771
0.58631,1.35158,-1.78672,0.879004,-0.480523,0.663755,-1.9184,-0.359289,-0.654339,0.174326,-0.950114,0.158958,-1.11842,-1.49719,0.955119,-3.07784,-0.596229,1.27833,-1.64036,0.0378027
0.783619,2.28824,-1.85274,0.982963,-0.247409,-0.748025,-1.68658,-0.177032,0.131494,-2.14545,-0.548022,-0.176388,-2.71557,-0.218998,0.306497,-1.32699,-0.26075,1.45915,-3.79742,0.184948
-0.15384,0.436833,-0.278511,4.32925,-0.0106409,0.554711,-0.0867657,0.300683,-0.130077,1.16633,1.52974,-0.742984,-1.18366,0.174858,1.9607,2.45563,0.644978,0.739786,-0.285744,-0.959315
0.601299,-1.05418,0.314452,-0.125539,2.35287,-0.0470846,0.92774,-1.0895,0.134022,-0.790535,-1.85698,-0.709347,-1.00048,0.39647,-0.671252,-0.676258,0.28812,-1.42725,0.368479,3.42718
0.299597,0.727217,0.457309,0.219499,1.68165,1.18753,-0.552866,0.208529,0.864749,-0.157241,-0.533868,1.17072,0.838996,0.459885,0.2039,-1.70913,0.0471077,1.57317,-0.79527,0.597881
0.713962,0.419668,-1.57282,-0.167112,0.287244,-0.199768,3.04995,-4.54425,-1.27905,-0.0716686,-1.54691,-1.91782,-0.965225,-1.16357,0.524764,0.214964,0.813264,0.346032,0.930834,2.40415
0.925589,1.80131,-0.817599,1.00181,1.33677,1.64726,-1.67009,-0.472609,0.0172707,-0.459728,-1.37957,0.0182162,-0.56818,-0.771086,3.66811,-0.997478,-0.676613,0.66835,-0.0811265,-0.181546
1.02095,-0.422067,-3.74035,0.602688,-0.818457,1.89861,1.60394,-0.483288,-0.982885,-0.580411,-0.88424,-0.176257,-0.0347572,-0.293898,0.771163,0.176256,0.0126622,-0.0858355,0.870358,1.42279
-1.30618,-0.738537,1.6672,1.30695,0.272807,-0.976925,0.47681,2.45307,-1.02991,-0.223119,1.87726,-0.367252,-1.32051,0.751764,-1.44553,0.210661,1.27355,-0.747457,0.0502963,0.122725
-1.90958,-0.740573,1.96714,0.435783,-0.0957539,-0.574363,1.06714,-0.268485,-1.0351,4.4417,1.05177,-0.192259,0.462464,0.736161,-1.49515,-0.269919,-0.0209163,-1.30545,1.79649,0.531416
0.88339,-0.356037,1.20535,1.4952,1.73143,-0.727855,-2.55173,1.43857,1.16475,-0.941018,-1.1027,0.790502,-2.97196,1.01028,0.0740008,-1.04707,-0.631056,-0.936952,-2.67434,1.44119