-0.795636,0.796447,-0.916485,1.76328,0.116192,-1.72646,-0.664891,1.1538,-0.0668969,-0.45658,-0.296031,-3.24024,-3.19744,0.297193,0.530864,0.0675034,-0.443507,-0.933152,-2.72001,0.44033
-1.28671,-0.649877,0.569096,1.24165,-0.251612,0.446457,0.395946,0.511537,-0.0928919,1.90446,2.001,0.492002,0.551487,0.601361,-2.89325,-0.14021,0.442302,0.0520506,0.444143,0.371098
0.738102,-0.158263,0.28587,0.521288,0.196164,-0.330471,-3.38655,-1.00782,0.0349026,-0.278998,-0.873931,-0.0189992,-1.95675,-1.68134,-0.113923,-1.27834,-1.10677,-1.93947,-0.300139,0.544793
0.89137,0.105723,-0.432336,3.22056,0.53568,0.135172,0.196779,-0.308625,-0.0513947,-0.242117,0.881606,-0.0616813,-3.79174,-0.485626,0.479236,0.628177,1.80236,2.96322,-0.891068,0.862018
0.586938,1.354,-1.78672,0.879043,-0.480586,0.663595,-1.92054,-0.359289,-0.654304,0.174015,-0.950092,0.158852,-1.11912,-1.4972,0.954983,-3.07787,-0.596355,1.27833,-1.64036,0.0377807
0.784319,2.28823,-1.85275,0.983981,-0.24801,-0.749969,-1.68658,-0.176976,0.131475,-2.14545,-0.549008,-0.176961,-2.71558,-0.220484,0.306908,-1.32725,-0.260737,1.45915,-3.79743,0.185115
-0.153807,0.440344,-0.279726,4.32928,-0.010515,0.555356,-0.0874881,0.300971,-0.13003,1.16634,1.52975,-0.742865,-1.18449,0.174769,1.9607,2.45561,0.645376,0.743349,-0.286648,-0.959606
0.60261,-1.05445,0.314949,-0.125873,2.35288,-0.0464485,0.927667,-1.08967,0.134004,-0.791313,-1.85699,-0.709557,-1.00089,0.396429,-0.671606,-0.676853,0.288114,-1.42737,0.368494,3.42718
0.299665,0.727461,0.45727,0.219226,1.68165,1.18777,-0.553101,0.208238,0.864875,-0.157251,-0.534884,1.17071,0.839504,0.459829,0.204224,-1.70911,0.0473919,1.57317,-0.795269,0.597882
0.715823,0.420066,-1.57282,-0.168773,0.287397,-0.200209,3.04999,-4.54431,-1.27904,-0.0721135,-1.54692,-1.92019,-0.965616,-1.16384,0.524525,0.215047,0.81325,0.346299,0.930836,2.40413
0.927586,1.80133,-0.819023,1.00289,1.33677,1.64726,-1.67206,-0.472599,0.0175355,-0.46,-1.38229,0.0177957,-0.568208,-0.771792,3.66811,-0.998241,-0.677182,0.668889,-0.0829658,-0.181232
1.02169,-0.422063,-3.74035,0.601717,-0.818646,1.89861,1.60395,-0.48361,-0.982891,-0.581218,-0.884235,-0.176918,-0.0352288,-0.293891,0.771627,0.176845,0.013056,-0.0858306,0.87036,1.42279
-1.30618,-0.738942,1.66724,1.30746,0.27267,-0.976916,0.476817,2.45308,-1.02991,-0.223724,1.87726,-0.366964,-1.32054,0.751988,-1.44619,0.210403,1.27356,-0.747465,0.0501078,0.122712
-1.90959,-0.741163,1.96716,0.435548,-0.0957578,-0.574382,1.06809,-0.268455,-1.0351,4.44171,1.05273,-0.192265,0.462922,0.736548,-1.49622,-0.270306,-0.0204374,-1.30546,1.79649,0.53139
0.883376,-0.356291,1.20628,1.49521,1.73142,-0.727805,-2.55173,1.44048,1.16474,-0.941676,-1.1027,0.792384,-2.97197,1.01029,0.0734483,-1.04823,-0.631691,-0.937181,-2.67434,1.44118