-0.789217,0.298434,-0.574952,0.990845,0.172391,-1.7362,-0.582356,1.15196,0.186165,-0.369787,-0.274556,-3.23595,-3.2045,0.316613,0.384985,0.0713007,-0.446675,-0.752077,-2.71589,0.45543
-0.903751,-0.496005,0.274821,1.24409,-0.239574,0.544581,0.236331,0.317821,-0.105575,1.91288,1.99803,0.461875,0.548868,0.336706,-2.8946,-0.125125,0.0844904,0.0916532,0.188632,0.207204
0.35251,-0.184315,0.228115,0.511441,0.152611,-0.0134358,-3.37866,-1.01017,0.0544679,-0.0544944,-0.44029,0.0107437,-1.94507,-1.67916,-0.106969,-0.752976,-1.11599,-1.94248,-0.227648,0.42429
0.394722,-0.138326,-0.195199,3.23203,0.505369,-0.0533879,0.108064,-0.146066,-0.0590783,-0.191827,0.738108,0.0871749,-3.78969,-0.157341,0.332634,0.40123,1.80379,2.96088,-0.636845,0.690369
0.135476,0.510772,-1.79222,0.869272,-0.226884,0.459132,-1.00116,-0.355366,-0.521277,0.130358,-0.773145,0.159796,-0.801992,-1.49594,0.784861,-3.05792,-0.463641,1.27392,-1.64127,-0.0192069
0.350207,2.29,-1.83705,0.634579,0.0994263,-0.213259,-1.67354,-0.145607,0.153364,-2.15214,-0.13578,-0.0196415,-2.71775,0.0995981,0.181499,-0.926541,-0.278598,1.46607,-3.78928,0.127372
-0.0318091,0.0810976,0.0791405,4.31015,-0.119529,0.360553,-0.0774953,0.173798,-0.116267,1.16141,1.53427,-0.50974,-0.572204,0.274742,1.96589,2.4647,0.649955,0.160481,-0.0730144,-0.792163
0.311155,-0.702928,0.0418946,-0.183115,2.35844,-0.128213,0.73583,-0.915506,0.0717691,-0.39868,-1.86537,-0.459953,-0.692629,0.373914,-0.352973,-0.399198,0.281578,-1.11981,0.366735,3.41903
0.312586,0.614652,0.377679,0.167385,1.66876,0.801013,-0.410978,0.199367,0.712003,-0.157178,-0.250501,1.19211,0.586104,0.329584,0.02511,-1.71344,0.0557766,1.59137,-0.803582,0.612461
0.198969,0.222791,-1.57924,0.107792,0.180419,-0.0231713,3.03159,-4.52494,-1.28347,0.0631655,-1.54624,-1.00135,-0.670406,-0.851955,0.31745,0.11059,0.837315,0.194103,0.931122,2.41994
0.257645,1.80051,-0.372677,0.6384,1.34611,1.6482,-0.951089,-0.338709,-0.044386,-0.372376,-0.55168,0.126428,-0.387365,-0.371753,3.66365,-0.482136,-0.415725,0.370142,0.270395,-0.191132
0.54891,-0.43136,-3.74141,0.470863,-0.577013,1.90179,1.6055,-0.362399,-0.973886,-0.24148,-0.880019,-0.00760784,0.0983126,-0.303068,0.379248,-0.0494372,-0.134662,-0.0827636,0.866541,1.43054
-1.31199,-0.422301,1.65737,0.815747,0.137339,-0.978877,0.474178,2.45177,-1.02329,-0.0022044,1.88674,-0.315697,-1.30594,0.565931,-0.984344,0.120042,1.28131,-0.736034,0.078708,0.143298
-1.91518,-0.426606,1.96803,0.307398,-0.0999054,-0.572007,0.407071,-0.281249,-1.03285,4.43897,0.505008,-0.183605,0.127157,0.514666,-0.87455,-0.0855919,-0.020894,-1.29993,1.79433,0.398677
0.886381,-0.0674179,0.729038,1.48489,1.73436,-0.556805,-2.56581,0.724604,1.17104,-0.673265,-0.820526,0.317027,-2.97117,1.0056,0.204866,-0.467862,-0.585023,-0.578685,-2.67536,1.44281