-0.788565,0.344665,-0.637567,1.11004,0.184294,-1.73245,-0.614157,1.15169,0.170276,-0.405408,-0.279738,-3.23564,-3.19951,0.313054,0.41316,0.0711824,-0.444131,-0.798399,-2.71403,0.448358
-0.986923,-0.509048,0.310088,1.24129,-0.248266,0.541303,0.256611,0.352623,-0.0979989,1.90937,1.99909,0.48761,0.549634,0.376149,-2.88947,-0.127681,0.131469,0.0927178,0.231498,0.23192
0.390114,-0.178855,0.244682,0.513116,0.164649,-0.0650642,-3.37804,-1.00796,0.0496036,-0.0865562,-0.491041,0.00961876,-1.94489,-1.67904,-0.111384,-0.834097,-1.10903,-1.94205,-0.25123,0.447225
0.448761,-0.0991273,-0.224056,3.22531,0.524896,-0.0299913,0.131698,-0.16495,-0.0541207,-0.203515,0.787494,0.0717856,-3.78669,-0.193796,0.363356,0.437301,1.80166,2.96008,-0.693923,0.729887
0.199882,0.607334,-1.78715,0.869707,-0.264001,0.507206,-1.12623,-0.356801,-0.547789,0.141657,-0.822902,0.160118,-0.859046,-1.49203,0.813866,-3.05943,-0.483724,1.27505,-1.63981,-0.0136914
0.429121,2.28755,-1.83917,0.694217,0.0583876,-0.266395,-1.67765,-0.156771,0.14952,-2.14902,-0.182928,-0.0317501,-2.71423,0.0823754,0.196907,-1.00177,-0.271827,1.46274,-3.78768,0.132949
-0.050457,0.0868331,0.0504147,4.3106,-0.115595,0.398509,-0.07294,0.190854,-0.120011,1.16153,1.52885,-0.566217,-0.681711,0.262138,1.96117,2.46032,0.652057,0.21023,-0.0908228,-0.833589
0.347732,-0.76755,0.0698653,-0.175295,2.34702,-0.126907,0.786457,-0.96394,0.079848,-0.449665,-1.86242,-0.506948,-0.74195,0.389847,-0.410093,-0.439817,0.286208,-1.19612,0.364626,3.42291
0.306928,0.626182,0.405166,0.191175,1.68549,0.870679,-0.432026,0.205457,0.755092,-0.153023,-0.268216,1.1852,0.634376,0.353751,0.0584158,-1.7106,0.0440539,1.58053,-0.798967,0.59619
0.243294,0.245251,-1.57739,0.0943854,0.19106,-0.039032,3.03195,-4.52356,-1.28438,0.0365928,-1.54149,-1.12127,-0.720852,-0.917792,0.358472,0.125994,0.830213,0.223098,0.929845,2.41159
0.340807,1.79666,-0.430792,0.699163,1.33635,1.64959,-1.05428,-0.366915,-0.0517092,-0.390593,-0.649639,0.127936,-0.417881,-0.43242,3.66277,-0.555964,-0.457834,0.418019,0.255273,-0.206515
0.631894,-0.427512,-3.73998,0.517388,-0.628459,1.89778,1.6043,-0.391856,-0.977636,-0.286208,-0.881946,-0.0222935,0.0903169,-0.300515,0.437713,-0.03031,-0.12536,-0.0842914,0.867521,1.42365
-1.3093,-0.472902,1.65569,0.900271,0.162312,-0.979,0.474395,2.44957,-1.02653,-0.0193591,1.8842,-0.34812,-1.30744,0.602355,-1.05523,0.14627,1.27636,-0.738733,0.0801958,0.13645
-1.91273,-0.474097,1.96428,0.332899,-0.0973302,-0.572289,0.496283,-0.273952,-1.03318,4.43526,0.583824,-0.184277,0.174329,0.558937,-0.963476,-0.111067,-0.0294271,-1.29968,1.79471,0.434033
0.887468,-0.111966,0.793744,1.48503,1.73091,-0.595409,-2.55815,0.817409,1.16644,-0.71125,-0.89277,0.351095,-2.96906,1.00742,0.196441,-0.545884,-0.588344,-0.653476,-2.67154,1.44277