-0.789233,0.388332,-0.686955,1.2108,0.19443,-1.73,-0.635743,1.15208,0.152074,-0.428608,-0.283572,-3.23759,-3.19868,0.310511,0.43399,0.0703978,-0.442116,-0.832719,-2.71455,0.445349
-1.0511,-0.51908,0.343014,1.24046,-0.251807,0.536635,0.273024,0.380361,-0.0953944,1.90796,2.00238,0.501196,0.550197,0.411207,-2.88736,-0.129574,0.172587,0.0932294,0.266543,0.255345
0.424044,-0.173722,0.25597,0.51496,0.175265,-0.108339,-3.37982,-1.00717,0.0456447,-0.115217,-0.536775,0.00819624,-1.94648,-1.67949,-0.114128,-0.901963,-1.10473,-1.94299,-0.268771,0.461907
0.497022,-0.0663594,-0.249419,3.2233,0.537911,-0.0063189,0.15064,-0.182355,-0.052551,-0.212125,0.82236,0.0564227,-3.78715,-0.226998,0.387113,0.465729,1.80124,2.96106,-0.73765,0.759162
0.256373,0.694659,-1.78596,0.870417,-0.299721,0.545482,-1.23434,-0.357812,-0.56827,0.151296,-0.858276,0.160454,-0.9029,-1.49179,0.839696,-3.06206,-0.501548,1.27701,-1.64,-0.00546283
0.490804,2.28723,-1.8423,0.742553,0.0188709,-0.31696,-1.68057,-0.164553,0.146264,-2.14791,-0.226545,-0.0438411,-2.71384,0.0609786,0.210041,-1.0614,-0.268167,1.46181,-3.78955,0.137721
-0.0678241,0.0979977,0.020345,4.31375,-0.107514,0.426957,-0.0687803,0.205317,-0.12327,1.16251,1.52715,-0.608812,-0.770385,0.250298,1.96003,2.45895,0.650939,0.257178,-0.108167,-0.863836
0.376689,-0.820122,0.0988815,-0.166463,2.34455,-0.124428,0.824041,-0.998455,0.0889635,-0.494925,-1.85888,-0.545121,-0.782733,0.399071,-0.456448,-0.474162,0.286617,-1.25155,0.363896,3.4273
0.302075,0.635365,0.421782,0.206743,1.68958,0.925281,-0.448871,0.209414,0.783326,-0.151659,-0.289108,1.17944,0.670564,0.372905,0.0831366,-1.71111,0.0359658,1.57436,-0.796702,0.589199
0.288344,0.265985,-1.57651,0.0775218,0.20291,-0.0557619,3.03454,-4.52597,-1.28441,0.0168792,-1.54187,-1.22536,-0.761559,-0.967871,0.392601,0.139283,0.826402,0.245935,0.930025,2.40824
0.415346,1.79493,-0.479452,0.747819,1.33303,1.64923,-1.1411,-0.389003,-0.0528081,-0.403805,-0.73567,0.122932,-0.443473,-0.48307,3.66529,-0.620204,-0.492549,0.4586,0.236345,-0.213682
0.698022,-0.424756,-3.74048,0.552305,-0.666298,1.89807,1.60401,-0.413386,-0.979297,-0.324257,-0.884649,-0.03619,0.0798888,-0.299162,0.487928,-0.0103044,-0.113147,-0.0854806,0.868724,1.42042
-1.30801,-0.515532,1.65679,0.9685,0.183451,-0.978511,0.475054,2.44988,-1.02823,-0.0375078,1.88236,-0.369223,-1.30941,0.630684,-1.1152,0.166927,1.27523,-0.741244,0.0797322,0.131882
-1.9119,-0.51467,1.96344,0.354626,-0.0957154,-0.572123,0.575559,-0.269349,-1.03379,4.43619,0.650095,-0.185854,0.216236,0.592696,-1.03956,-0.132407,-0.0369084,-1.30073,1.79552,0.458847
0.887943,-0.150779,0.848968,1.48672,1.73136,-0.625746,-2.55532,0.897089,1.16407,-0.741769,-0.945253,0.385734,-2.96955,1.00841,0.187586,-0.613773,-0.587912,-0.711396,-2.6713,1.44255