-0.79021,0.429127,-0.726355,1.29597,0.201689,-1.72859,-0.65036,1.15231,0.133579,-0.443273,-0.285854,-3.23897,-3.19847,0.30856,0.449817,0.0697411,-0.441364,-0.85844,-2.71523,0.444111
-1.10088,-0.528006,0.37303,1.24028,-0.252453,0.53075,0.286939,0.402486,-0.094437,1.90717,2.00411,0.507638,0.550355,0.441765,-2.88687,-0.13116,0.207353,0.0932718,0.295144,0.276653
0.455068,-0.17007,0.263579,0.516167,0.183804,-0.144251,-3.38148,-1.00694,0.0429944,-0.140191,-0.578515,0.00620739,-1.94798,-1.6796,-0.115203,-0.959124,-1.10295,-1.94317,-0.28151,0.472145
0.540015,-0.0391259,-0.271878,3.22242,0.546412,0.0157818,0.165605,-0.198076,-0.0519719,-0.218754,0.846786,0.0418391,-3.78785,-0.257307,0.405557,0.488561,1.80123,2.96177,-0.771141,0.780871
0.305283,0.7727,-1.78581,0.871339,-0.331729,0.575207,-1.32773,-0.358302,-0.584722,0.159211,-0.882998,0.161008,-0.937079,-1.49248,0.862373,-3.06429,-0.517369,1.27797,-1.64023,0.0034344
0.539581,2.28737,-1.84474,0.781591,-0.0173203,-0.364031,-1.6824,-0.169827,0.143489,-2.14717,-0.266018,-0.0557205,-2.71385,0.0378855,0.221547,-1.10911,-0.266123,1.46132,-3.79135,0.142217
-0.0832782,0.113062,-0.00933509,4.31638,-0.0974156,0.448563,-0.0653361,0.217743,-0.125694,1.1633,1.52696,-0.641111,-0.842244,0.239515,1.95989,2.45827,0.648446,0.300986,-0.124708,-0.885628
0.400391,-0.863046,0.126775,-0.157929,2.34542,-0.121282,0.851929,-1.02297,0.09766,-0.5348,-1.8566,-0.575884,-0.816481,0.403894,-0.493654,-0.503227,0.286641,-1.29212,0.363781,3.42919
0.298564,0.644157,0.43168,0.217167,1.68863,0.96972,-0.462798,0.211971,0.802504,-0.151882,-0.312362,1.1757,0.698031,0.38857,0.101223,-1.71189,0.0319826,1.57206,-0.795339,0.588326
0.332208,0.284993,-1.57568,0.0592091,0.214772,-0.0720675,3.03689,-4.52848,-1.28378,0.00217921,-1.54284,-1.31581,-0.794711,-1.00625,0.420474,0.150774,0.823714,0.263891,0.93029,2.40676
0.481047,1.79452,-0.520687,0.787037,1.3326,1.64868,-1.21428,-0.406457,-0.0501403,-0.413586,-0.810916,0.114985,-0.464875,-0.52572,3.66693,-0.675637,-0.521589,0.492693,0.214951,-0.215874
0.751359,-0.423297,-3.74058,0.578469,-0.694887,1.89869,1.60379,-0.429094,-0.980056,-0.357192,-0.885938,-0.049574,0.0685509,-0.29807,0.530399,0.0093035,-0.0995952,-0.0859024,0.869557,1.41958
-1.30738,-0.551288,1.65829,1.02421,0.201312,-0.978015,0.475546,2.45044,-1.02896,-0.0556944,1.88088,-0.382432,-1.31108,0.652887,-1.16608,0.182851,1.27492,-0.742944,0.078406,0.129191
-1.91133,-0.548795,1.96344,0.372824,-0.0950873,-0.571955,0.645181,-0.266512,-1.03416,4.43734,0.705945,-0.187369,0.252808,0.618656,-1.10497,-0.150724,-0.0423076,-1.30148,1.79607,0.476294
0.887708,-0.184215,0.896536,1.48835,1.73204,-0.649561,-2.55382,0.965813,1.16329,-0.76715,-0.983747,0.420146,-2.97015,1.00882,0.178566,-0.672735,-0.586573,-0.756486,-2.67172,1.44194