-0.791156,0.466835,-0.758082,1.36794,0.205806,-1.72787,-0.660212,1.15247,0.115717,-0.452242,-0.287259,-3.23976,-3.1983,0.306933,0.462251,0.0692981,-0.441367,-0.877771,-2.71586,0.443644
-1.13968,-0.536514,0.399771,1.24042,-0.251943,0.524173,0.299158,0.420227,-0.094007,1.90668,2.00434,0.510012,0.55029,0.467966,-2.88741,-0.132504,0.236598,0.0926782,0.318533,0.294901
0.483571,-0.167632,0.268786,0.516922,0.190086,-0.174045,-3.38278,-1.00695,0.041422,-0.161666,-0.616279,0.00376715,-1.94918,-1.67959,-0.115296,-1.00745,-1.10273,-1.94277,-0.290541,0.480306
0.57834,-0.0165287,-0.29178,3.22194,0.551773,0.0354881,0.177237,-0.212099,-0.051699,-0.223995,0.863684,0.0283842,-3.78845,-0.284853,0.419952,0.507217,1.80136,2.96219,-0.796803,0.797067
0.347305,0.842105,-1.78598,0.872304,-0.359088,0.598028,-1.40836,-0.358543,-0.598184,0.165591,-0.900319,0.161716,-0.964231,-1.49327,0.881717,-3.06618,-0.531021,1.27824,-1.64031,0.0115733
0.57868,2.28756,-1.8465,0.813112,-0.049527,-0.407147,-1.68362,-0.173323,0.141173,-2.14664,-0.301232,-0.0672288,-2.71392,0.0146227,0.23174,-1.14761,-0.264876,1.46094,-3.79276,0.146596
-0.0965838,0.130684,-0.0376203,4.31845,-0.0866835,0.465178,-0.0627173,0.22851,-0.12736,1.16388,1.52728,-0.665706,-0.900587,0.229906,1.96001,2.45784,0.645504,0.341607,-0.140278,-0.901215
0.420558,-0.898056,0.15236,-0.150259,2.34722,-0.117579,0.872629,-1.04036,0.105268,-0.569632,-1.85568,-0.600612,-0.844564,0.405983,-0.523648,-0.527866,0.287011,-1.3222,0.364002,3.42932
0.296298,0.652853,0.437726,0.224157,1.68625,1.00645,-0.474679,0.213587,0.816021,-0.152714,-0.336069,1.17354,0.719402,0.401674,0.11502,-1.71232,0.0307858,1.57176,-0.794667,0.590314
0.373611,0.302209,-1.57496,0.0406388,0.225817,-0.0873275,3.03885,-4.53064,-1.28293,-0.00896654,-1.5436,-1.39438,-0.821908,-1.03596,0.443049,0.160687,0.821555,0.278068,0.930486,2.40618
0.538394,1.79488,-0.556136,0.818916,1.33328,1.64837,-1.27612,-0.420297,-0.0453656,-0.420949,-0.877033,0.105999,-0.482784,-0.561814,3.66755,-0.723199,-0.545804,0.52104,0.192254,-0.215499
0.794781,-0.42268,-3.74043,0.597858,-0.717156,1.89897,1.60361,-0.440595,-0.980493,-0.386053,-0.886091,-0.0624039,0.0572983,-0.297195,0.566259,0.0278256,-0.0860726,-0.0858872,0.870026,1.42005
-1.30709,-0.581218,1.65969,1.07008,0.216181,-0.97772,0.475845,2.45094,-1.02928,-0.0732936,1.87989,-0.390176,-1.31245,0.670438,-1.20916,0.194854,1.27466,-0.744013,0.0767204,0.1277
-1.91084,-0.577334,1.96376,0.387817,-0.0950529,-0.571968,0.705799,-0.264859,-1.0344,4.43822,0.753379,-0.18858,0.284389,0.63885,-1.1612,-0.166683,-0.0456808,-1.30194,1.79639,0.488816
0.887126,-0.212692,0.937726,1.48968,1.73249,-0.66817,-2.55289,1.02535,1.16335,-0.788778,-1.01235,0.45371,-2.97064,1.00897,0.169547,-0.72387,-0.585499,-0.791813,-2.67217,1.44134