-0.791966,0.501411,-0.783825,1.42873,0.207033,-1.72753,-0.666785,1.15264,0.0988759,-0.457511,-0.288282,-3.24018,-3.19812,0.305516,0.472331,0.0690211,-0.441654,-0.892261,-2.71642,0.443455
-1.17002,-0.544781,0.423155,1.24067,-0.251225,0.517358,0.3101,0.434568,-0.0937626,1.90634,2.00386,0.510159,0.550188,0.490173,-2.88837,-0.133637,0.261372,0.0913679,0.337754,0.309755
0.509745,-0.165957,0.272498,0.517441,0.194316,-0.198858,-3.38376,-1.00704,0.0405686,-0.180009,-0.649969,0.00109014,-1.95014,-1.67961,-0.115001,-1.04839,-1.10318,-1.94219,-0.296796,0.487567
0.612572,0.00223314,-0.309387,3.22163,0.554932,0.0525806,0.186116,-0.22451,-0.0515357,-0.228159,0.875171,0.0161975,-3.78895,-0.309696,0.431276,0.522715,1.80152,2.96244,-0.816507,0.809281
0.383253,0.903711,-1.7862,0.873199,-0.381794,0.615464,-1.47789,-0.358698,-0.609251,0.17067,-0.912649,0.16246,-0.986264,-1.49394,0.897763,-3.06785,-0.542487,1.27821,-1.64025,0.0182872
0.610449,2.2877,-1.84777,0.83864,-0.077708,-0.446198,-1.68446,-0.175605,0.139287,-2.14627,-0.33239,-0.0782219,-2.71401,-0.007912,0.24078,-1.17891,-0.264014,1.4606,-3.79383,0.150815
-0.107775,0.149814,-0.0639946,4.32012,-0.0761922,0.478152,-0.0609097,0.237887,-0.128466,1.16432,1.52769,-0.684492,-0.948101,0.221484,1.96016,2.45752,0.642625,0.379117,-0.154818,-0.912414
0.438301,-0.926577,0.175132,-0.143649,2.34893,-0.113405,0.887989,-1.05271,0.111596,-0.599856,-1.85556,-0.620496,-0.868113,0.40649,-0.548087,-0.548799,0.287563,-1.34487,0.364401,3.42869
0.294984,0.661274,0.441718,0.228751,1.68399,1.03693,-0.485051,0.214591,0.825894,-0.153621,-0.358731,1.17236,0.736563,0.412717,0.126266,-1.71239,0.0310669,1.57216,-0.794473,0.592949
0.411859,0.317637,-1.57439,0.0224997,0.235606,-0.101279,3.04048,-4.53246,-1.28212,-0.0176299,-1.54414,-1.46263,-0.844372,-1.05924,0.461267,0.169203,0.819785,0.289357,0.930621,2.406
0.588212,1.79557,-0.587019,0.845071,1.33421,1.64822,-1.32859,-0.431285,-0.0395932,-0.426587,-0.93549,0.0969514,-0.497781,-0.592452,3.66765,-0.763857,-0.565904,0.544466,0.169201,-0.213979
0.830402,-0.422469,-3.74023,0.611947,-0.734976,1.899,1.60349,-0.449068,-0.98082,-0.411463,-0.885747,-0.0745457,0.0466991,-0.296541,0.596678,0.0449462,-0.0734082,-0.085755,0.870246,1.42096
-1.30693,-0.606251,1.6609,1.10806,0.22836,-0.977578,0.47602,2.45134,-1.02944,-0.0899188,1.87929,-0.39419,-1.31358,0.684439,-1.24556,0.20369,1.27436,-0.744708,0.0748815,0.126849
-1.91043,-0.601227,1.96418,0.399983,-0.0952466,-0.57211,0.758238,-0.264012,-1.03458,4.43887,0.794007,-0.189482,0.311492,0.654769,-1.20943,-0.180658,-0.0474276,-1.30228,1.79654,0.498092
0.886494,-0.236714,0.973497,1.4907,1.73272,-0.682637,-2.5523,1.07713,1.16371,-0.807508,-1.03387,0.485954,-2.97102,1.00904,0.160684,-0.768171,-0.585141,-0.819676,-2.67254,1.44094