0.75146,-0.0502351,-1.85845,0.0257752,0.00871722,-0.0251705,-0.00762873,-0.0128652,0.016735,-2.20056,1.67703,0.0351942,-0.0466517,0.0641291,0.0667329,-1.77381,1.22586,0.00843321,-0.0250049,0.0401679
0.0162237,0.412423,-0.030362,3.17061,0.0618419,-1.63311,-0.056959,1.77274,-0.0241656,-0.0547663,0.0171796,-0.136516,0.113415,-0.819584,0.0217527,-1.44801,-0.0769046,-1.15331,0.10027,2.40511
-0.0294027,0.00654338,-0.463686,1.07785,-0.0498048,-2.60209,-0.00334904,-0.0445178,0.0192389,0.0289366,-0.00546035,0.156829,1.46465,-0.0421079,0.0178268,-0.0104655,-1.45293,0.616827,-0.0305435,0.0783064
0.00133196,2.49918,-0.0159137,-0.0356414,-3.0355,-0.00278818,1.41245,-0.192094,-4.07778,-0.0159357,-0.0696917,0.0774902,-0.0175431,-0.884998,-0.045153,0.908014,-0.045764,0.0071317,-0.00554325,-1.07365
-0.0477458,-0.494279,2.688,0.0283706,-0.129744,0.0250731,-0.0102259,2.02003,0.0239812,0.0361089,-0.077582,0.156406,-0.0382299,-2.22519,-3.49483,0.0125377,-0.0650687,-0.15976,-0.031059,0.0705573
1.57496,0.122687,0.18412,0.0463604,0.130682,-0.0361191,2.77326,-0.0216118,-0.0581245,-0.0204986,0.0710676,-0.0374315,-0.00891723,-0.0496896,0.101369,0.851856,1.01189,1.86762,-0.104234,-0.10626
0.0266568,0.0961119,0.133298,-0.0741893,0.0617149,-0.0678317,-0.0153591,-0.0496769,-0.0554416,-0.00439825,-0.389688,-0.939629,-2.77194,-1.59268,-0.0432009,-0.0773175,-0.302868,-0.015405,0.0272508,0.00466143
-1.17863,0.0318,0.0522411,1.89995,0.0324791,1.59312,-1.28569,2.64132,-0.0201387,0.0356247,-0.019494,0.128906,4.32441,0.0154008,-0.0204763,-0.0857008,-2.38865,-1.83646,1.18442,2.87432
0.110456,-1.10311,0.0394918,1.4135,0.16068,-0.878894,1.59983,-0.0204135,-0.0757401,0.00835338,-0.389697,0.0340802,1.22377,0.0521871,-0.00149246,0.165824,0.968398,-0.0788981,-1.52865,-0.895314
0.0236401,0.233091,0.00628241,0.15719,-0.0259473,-0.00116231,0.0378615,0.0216692,-1.12072,-2.16403,-3.14885,-0.0142209,-0.0223304,-1.30695,-0.00507032,-0.0111256,-0.0432692,0.0382816,-0.0453292,-0.0261644
0.218176,0.0545536,0.0220827,0.0142146,-0.0704176,-0.0597661,-0.0153225,0.134758,-1.38281,-0.0398298,-0.0587189,1.4381,1.44991,-1.47804,-0.0421638,0.067184,-1.73828,0.526125,-0.762928,-0.0131232
2.9828,0.0289669,0.201634,1.02703,0.133244,-0.0193588,-2.05297,0.210101,-0.00819021,-0.0215753,0.0296064,-0.0138448,0.0106841,-0.0334929,0.460468,-0.0578899,-0.00325457,-0.0288533,0.0353857,0.0436915
3.11131,-0.0820246,-0.0941554,1.94811,3.49574,0.318583,1.78131,-1.45898,0.0901964,-0.00260116,-0.0446268,-1.44588,-0.0397616,0.0552556,3.51227,0.0900347,1.26165,0.00657584,0.000234695,0.00400031
-0.357351,0.0572162,-0.441162,0.121479,-0.0564792,0.0178951,0.00844226,3.49794,0.0753502,-0.0266621,0.0266631,0.833564,0.0589516,-0.0669369,-0.0946946,-0.838207,-0.0424507,0.988041,-1.23203,2.61752
-0.0797111,-1.74147,0.0249946,0.0986619,-0.00170609,0.0289636,-0.0692117,-0.0403184,-1.83787,-0.045677,-1.6439,-0.553269,0.0199875,-0.0646688,0.0130351,-1.28321,0.0491135,-4.18664,-1.5971,-1.37441