-0.944396,0.493519,-1.44962,1.87501,0.970511,-1.66116,-0.729735,1.26602,0.85011,-0.585572,-0.3989,-3.72688,-4.50316,-0.0483805,0.517165,-0.147367,-0.199449,-1.25356,-3.74804,0.281011
-2.28186,-0.32157,0.417179,1.95795,-0.248905,1.20041,0.374869,0.17999,-0.0938012,2.77509,2.37021,0.221203,0.900615,0.81784,-3.59184,-0.369416,0.0281101,-0.321185,0.20095,0.799337
0.62999,-0.00158152,0.475263,0.897503,0.425309,-0.721796,-4.27081,-1.16391,0.0495783,-0.519522,-0.621279,-0.14142,-2.43946,-2.30457,0.119813,-1.33844,-1.61646,-2.32269,0.131891,0.522523
1.13342,-0.239999,-0.336001,4.58962,0.744181,0.143663,0.277648,-0.021998,-0.129163,-0.0889622,1.24413,0.15576,-5.40175,-0.43612,0.736691,1.03995,2.73529,3.84529,-0.671524,1.11325
0.632264,1.12257,-2.22335,1.31524,-0.82858,0.855784,-2.23827,-0.415695,-0.979958,0.638229,-1.64831,0.120979,-0.994018,-2.6611,1.49787,-3.85147,-0.536269,1.8724,-2.22377,0.0875961
0.812772,2.80698,-2.72594,0.928316,-0.405137,-1.12012,-1.71954,-0.238115,0.118327,-3.02927,-0.711815,0.115097,-3.56227,0.784713,0.116401,-1.33092,-0.373192,2.09902,-4.94168,0.38006
-0.235614,-0.0272219,-0.345427,5.855,0.0654008,0.438698,0.00518959,0.251825,-0.0514302,1.79859,2.45495,-0.885814,-0.846582,0.0863225,2.80241,3.10324,0.909541,0.0821733,-0.441969,-1.2922
0.437868,-1.26641,0.0799236,0.042188,2.65591,-0.163877,0.886762,-1.10129,0.373782,-0.995844,-2.21246,-1.00957,-0.890901,0.367,-0.877995,-0.585535,-0.249506,-2.02673,0.490161,4.14601
0.303815,0.721692,0.652247,0.623853,2.04856,1.46877,-0.619545,0.32931,1.02346,-0.769663,-0.33179,1.5487,1.43515,0.809732,0.123021,-1.81591,-0.29159,2.36685,-1.07073,0.778878
0.558236,0.394159,-1.95695,0.236612,0.379373,-0.134907,4.28562,-6.48565,-1.38213,-0.297446,-2.82255,-2.28767,-1.26622,-1.50765,0.864927,-0.29901,0.71765,0.179086,1.47936,3.65532
0.644225,2.03202,-0.311625,0.983933,1.64484,1.78953,-2.0115,-0.659541,0.0657254,-0.464974,-1.24158,0.209803,-0.800952,-1.06238,4.43273,-1.22062,-1.10698,0.472104,0.981517,-0.0508674
1.44113,-0.402093,-5.82801,1.02656,-1.19605,2.19094,1.96329,-0.0253297,-1.46952,-0.248061,-1.17027,0.251617,-0.156541,-0.352726,0.823069,0.454614,-0.321581,-0.00528727,1.0833,2.19908
-1.62572,-0.975701,2.34965,1.72803,0.735708,-1.30255,0.522203,2.83043,-0.933749,-0.584975,2.18292,-0.429272,-1.75259,0.692862,-1.37477,-0.0078653,1.97539,-1.4412,0.14177,-0.160623
-2.59665,-0.626208,3.06713,0.193021,0.160975,-0.60277,0.854644,-0.203384,-0.958448,5.92997,0.894189,-0.355927,0.30859,1.163,-1.73463,-0.245086,-0.209899,-1.74052,2.33613,0.838625
1.24501,-0.949932,1.73884,2.36147,2.77145,-0.780725,-3.02088,1.57539,1.81738,-1.14603,-1.25089,1.30291,-4.46199,1.1721,0.277906,-1.49694,-1.13716,-1.80092,-3.42518,2.09592