-0.639271,0.860508,-1.35134,2.36334,1.32348,-0.917136,-0.51968,0.73572,1.23734,-0.135267,-0.584499,-2.2934,-2.67298,-0.212782,0.485452,-0.00386718,-0.223973,-1.0704,-2.3394,-0.000896608
-3.01716,-0.0718368,0.39089,0.995594,-0.143751,1.20683,0.216491,0.00277119,-0.0105051,1.62211,1.39339,-0.0237493,0.621129,1.07339,-2.30505,-0.284799,0.303155,-0.860729,0.185057,0.680165
0.939956,0.303066,0.433792,0.662431,0.373016,-0.793369,-2.61241,-0.754071,0.068821,-0.675768,-0.887206,-0.0549786,-1.66613,-1.44393,0.0868875,-1.47026,-1.00607,-1.37205,0.254333,0.479535
1.62886,-0.316644,-0.896969,2.69957,0.83951,0.413517,0.261834,0.0854668,0.227331,0.193305,1.16116,0.214029,-3.29056,-0.766162,0.632546,1.16698,1.64659,2.34661,-0.97648,1.04586
1.37001,1.57518,-1.45887,0.918758,-1.13703,0.914118,-3.581,-0.324072,-1.02121,0.771454,-1.64977,0.0794256,-0.781838,-1.63415,1.5913,-2.51994,-0.284261,1.11888,-1.38147,0.202875
1.39899,1.80342,-1.74008,0.949741,-0.67629,-3.20317,-1.26909,-0.252727,-0.175367,-1.83088,-0.912058,0.0616546,-2.07681,1.26524,0.177393,-1.3798,-0.189585,1.15839,-3.04983,0.36712
-0.148036,0.356492,-0.909707,3.78783,0.325853,0.3509,0.107588,0.0978717,0.120538,1.10189,1.55408,-0.649411,-0.758597,0.127133,1.7251,1.78317,0.797932,0.397819,-0.941002,-1.0951
0.793826,-1.25059,0.205984,0.0578211,1.5947,-0.261578,0.5459,-0.948043,0.294723,-1.15431,-1.36771,-0.907974,-1.12155,0.343288,-1.01854,-0.740186,-0.0876385,-1.63939,0.238927,2.52126
0.3433,0.614745,0.523367,0.680065,1.47198,2.28763,-0.54133,0.357942,0.911382,-0.560234,-0.72258,0.953443,1.54864,0.847844,0.296168,-1.02221,-0.894796,1.46099,-0.396699,0.578663
0.893843,0.344466,-1.07374,0.214116,0.329058,-0.174609,2.93317,-4.39047,-0.718145,-0.199697,-1.48352,-3.59697,-1.26203,-1.3811,0.917863,-0.529884,0.209375,0.154167,0.837504,2.17848
0.907182,1.34298,-0.223422,0.93837,0.974549,1.12452,-3.45967,-0.397344,0.19078,-0.465512,-3.22495,-0.0540467,-1.00594,-0.949494,2.57686,-1.33559,-0.932888,0.324957,1.36319,0.0618127
1.66233,-0.21001,-3.70185,1.0323,-1.12803,1.21443,1.33791,0.161715,-1.02147,-0.631052,-0.628583,0.313593,-0.219394,-0.101517,0.837001,0.679896,-0.213204,-0.0222463,0.683729,1.36649
-1.07226,-1.07137,1.43546,2.08221,0.561719,-0.832222,0.279061,1.67782,-0.522255,-1.01603,1.2563,-0.29628,-1.18869,0.583332,-1.54917,-0.14019,1.19265,-1.04988,0.237379,-0.235861
-1.45839,-0.967823,1.91012,0.211043,0.142551,-0.37935,2.20212,-0.447431,-0.502633,3.66772,2.18504,-0.260296,0.691116,1.11518,-1.77019,-0.566062,-0.824275,-1.22903,1.54504,0.795497
0.740613,-1.07718,2.29988,1.53618,1.70949,-0.527619,-1.71966,2.40894,1.31408,-1.2262,-0.991188,2.34682,-2.70007,0.72811,0.0871122,-1.57159,-0.968664,-1.4473,-2.06521,1.3382