-0.639196,0.86246,-1.35116,2.36568,1.32689,-0.91693,-0.519612,0.73579,1.24071,-0.135254,-0.584655,-2.29334,-2.67305,-0.212887,0.485497,-0.00405758,-0.224105,-1.07038,-2.33931,-0.000995247
-3.02128,-0.0715404,0.391004,0.995591,-0.143789,1.20682,0.216224,0.00228592,-0.0105512,1.62236,1.39293,-0.0241859,0.621131,1.07471,-2.30511,-0.285253,0.322919,-0.873074,0.185181,0.680378
0.941701,0.303862,0.433818,0.662561,0.373068,-0.793311,-2.61225,-0.754266,0.0689158,-0.675975,-0.889134,-0.0549585,-1.6666,-1.44392,0.0870881,-1.47085,-1.00612,-1.37213,0.254268,0.47943
1.63114,-0.316623,-0.909508,2.69979,0.839273,0.413787,0.262418,0.0863093,0.227274,0.193597,1.16192,0.214667,-3.29056,-0.768161,0.632702,1.1681,1.64654,2.34664,-0.98712,1.04616
1.3723,1.57745,-1.45899,0.918816,-1.13718,0.914033,-3.60967,-0.324038,-1.02123,0.77135,-1.65066,0.0793671,-0.782151,-1.63394,1.59281,-2.52019,-0.284027,1.11874,-1.3816,0.202987
1.40141,1.80319,-1.73999,0.950565,-0.676302,-3.24186,-1.26887,-0.252669,-0.175201,-1.83087,-0.912579,0.0616515,-2.07666,1.26886,0.177506,-1.38033,-0.189668,1.15847,-3.04968,0.367147
-0.148184,0.376529,-0.92248,3.7884,0.325962,0.351205,0.108267,0.0976377,0.120694,1.10184,1.55438,-0.649421,-0.760194,0.127253,1.72533,1.78304,0.797955,0.418461,-0.951761,-1.09517
0.795568,-1.25062,0.206013,0.0573828,1.59496,-0.261526,0.545915,-0.948481,0.294918,-1.15467,-1.36744,-0.908328,-1.12211,0.343307,-1.01874,-0.741961,-0.0878388,-1.63937,0.238793,2.52118
0.343928,0.614698,0.523438,0.680727,1.47185,2.30839,-0.541457,0.358807,0.911591,-0.560449,-0.724955,0.953639,1.55007,0.847597,0.296528,-1.0218,-0.905009,1.46097,-0.396742,0.578591
0.895527,0.344724,-1.0736,0.214432,0.328976,-0.174664,2.93752,-4.39741,-0.718236,-0.200119,-1.4837,-3.62565,-1.26254,-1.38108,0.917686,-0.53045,0.20956,0.154413,0.837447,2.17904
0.909074,1.34259,-0.223143,0.939309,0.974552,1.12398,-3.49247,-0.397364,0.190874,-0.465637,-3.26359,-0.0540505,-1.00622,-0.949631,2.57639,-1.33594,-0.932793,0.325189,1.36659,0.0619023
1.66427,-0.209923,-3.70223,1.03273,-1.12823,1.21434,1.33794,0.162837,-1.02155,-0.633085,-0.628682,0.314318,-0.21956,-0.101497,0.836798,0.68075,-0.213028,-0.0222669,0.683753,1.36652
-1.07213,-1.07119,1.4358,2.08411,0.561762,-0.832035,0.27878,1.67777,-0.522191,-1.01659,1.2563,-0.296346,-1.1892,0.583464,-1.54974,-0.140411,1.19262,-1.0497,0.237469,-0.235924
-1.45822,-0.978281,1.91028,0.210787,0.142688,-0.378961,2.22695,-0.447647,-0.502501,3.66786,2.20978,-0.260414,0.692465,1.11538,-1.77022,-0.568146,-0.836604,-1.23197,1.545,0.795684
0.74057,-1.07702,2.30215,1.53635,1.70983,-0.527555,-1.71963,2.42769,1.31433,-1.2267,-0.991257,2.36542,-2.70024,0.728047,0.086811,-1.57164,-0.969136,-1.44722,-2.06519,1.33831