-0.639142,0.863771,-1.35104,2.36715,1.32931,-0.916786,-0.519561,0.735837,1.2431,-0.135256,-0.584747,-2.2933,-2.6731,-0.212948,0.485516,-0.00420365,-0.224213,-1.07037,-2.33925,-0.00107544
-3.02414,-0.0713572,0.391078,0.995586,-0.14382,1.20686,0.216021,0.00194815,-0.0105767,1.62255,1.39259,-0.0245052,0.621139,1.07569,-2.30516,-0.285566,0.340607,-0.882531,0.185243,0.680491
0.942876,0.304373,0.433854,0.662645,0.373098,-0.793295,-2.61212,-0.754412,0.0689642,-0.67613,-0.890449,-0.0549462,-1.66693,-1.44392,0.0872362,-1.47123,-1.00614,-1.37219,0.254242,0.479329
1.63265,-0.316574,-0.919106,2.69995,0.839089,0.413937,0.262813,0.0868913,0.227229,0.193775,1.16249,0.215113,-3.29057,-0.769504,0.632834,1.16897,1.6465,2.34666,-0.995271,1.04641
1.37371,1.57897,-1.45909,0.918838,-1.1373,0.913958,-3.63148,-0.324011,-1.02123,0.771265,-1.65133,0.079327,-0.782406,-1.63379,1.59387,-2.52036,-0.283859,1.11864,-1.38169,0.203059
1.40294,1.80303,-1.73992,0.951131,-0.676319,-3.27127,-1.26871,-0.252635,-0.175086,-1.83087,-0.912918,0.061648,-2.07654,1.27142,0.17758,-1.38067,-0.18973,1.15853,-3.04958,0.367151
-0.148291,0.39445,-0.932284,3.78876,0.325993,0.351469,0.108728,0.0974505,0.120778,1.10179,1.55459,-0.64945,-0.761278,0.127337,1.7255,1.78295,0.797983,0.436909,-0.960021,-1.09524
0.796695,-1.25065,0.206019,0.0570178,1.59514,-0.261471,0.545911,-0.948772,0.295042,-1.15492,-1.36724,-0.908571,-1.12249,0.343304,-1.01889,-0.743194,-0.0879996,-1.63937,0.238689,2.52113
0.344409,0.614654,0.523499,0.681245,1.47176,2.32417,-0.541536,0.359416,0.911757,-0.560601,-0.726549,0.953774,1.55117,0.84741,0.296771,-1.0215,-0.912806,1.46095,-0.396765,0.578547
0.896652,0.344898,-1.0735,0.214672,0.328908,-0.174721,2.94084,-4.40269,-0.718299,-0.200444,-1.48384,-3.64747,-1.26288,-1.38107,0.917542,-0.530869,0.209697,0.15458,0.837401,2.17942
0.910332,1.34231,-0.222929,0.939957,0.97455,1.12361,-3.51742,-0.397389,0.190922,-0.465752,-3.29295,-0.0540564,-1.00639,-0.94974,2.57605,-1.33614,-0.932744,0.325334,1.36898,0.0619522
1.66552,-0.209856,-3.7025,1.03301,-1.12837,1.21427,1.33796,0.163637,-1.02163,-0.634449,-0.628753,0.314813,-0.219693,-0.101492,0.836646,0.681384,-0.212913,-0.0222758,0.683775,1.36654
-1.07205,-1.07107,1.43604,2.08529,0.561769,-0.831899,0.278569,1.67773,-0.522153,-1.01696,1.25631,-0.296394,-1.18955,0.583556,-1.55011,-0.140596,1.19259,-1.04956,0.237516,-0.235973
-1.45812,-0.98629,1.91038,0.210589,0.142795,-0.378693,2.24585,-0.447777,-0.50241,3.66796,2.2286,-0.260493,0.693486,1.11555,-1.77024,-0.569556,-0.846007,-1.23422,1.54496,0.795786
0.740556,-1.07692,2.30356,1.53646,1.71006,-0.527498,-1.71961,2.44198,1.31451,-1.22702,-0.991321,2.37958,-2.70036,0.727993,0.0865532,-1.57169,-0.969535,-1.44718,-2.06518,1.33838