-0.639103,0.864676,-1.35096,2.36807,1.33105,-0.916683,-0.519521,0.735869,1.2448,-0.135262,-0.584802,-2.29327,-2.67315,-0.212984,0.485523,-0.00431548,-0.2243,-1.07036,-2.33921,-0.00113994
-3.02619,-0.0712393,0.39112,0.995579,-0.143845,1.2069,0.215861,0.00170733,-0.0105904,1.6227,1.39234,-0.0247416,0.621148,1.07644,-2.30521,-0.285785,0.356445,-0.889759,0.185269,0.680549
0.943686,0.304706,0.433895,0.662699,0.373115,-0.793304,-2.61203,-0.75452,0.0689887,-0.676248,-0.891354,-0.0549409,-1.66719,-1.44392,0.0873483,-1.4715,-1.00616,-1.37223,0.254237,0.479239
1.63366,-0.316507,-0.926442,2.70008,0.838951,0.414023,0.263077,0.0872911,0.227194,0.193893,1.16293,0.215424,-3.29057,-0.770414,0.632941,1.16966,1.64647,2.34669,-1.00151,1.0466
1.37459,1.58001,-1.45916,0.918843,-1.1374,0.9139,-3.64808,-0.323991,-1.02124,0.771203,-1.65184,0.0792997,-0.782613,-1.63368,1.59463,-2.52048,-0.283737,1.11858,-1.38175,0.203104
1.40391,1.80292,-1.73987,0.951531,-0.676339,-3.29364,-1.26859,-0.252616,-0.175006,-1.83088,-0.913144,0.0616438,-2.07646,1.27326,0.177633,-1.3809,-0.189779,1.15856,-3.04951,0.367141
-0.148369,0.410483,-0.939803,3.78899,0.325987,0.351698,0.109037,0.0972984,0.120825,1.10176,1.55475,-0.649485,-0.762021,0.127398,1.72563,1.78287,0.798014,0.453407,-0.966354,-1.0953
0.797436,-1.25068,0.206007,0.0567086,1.59527,-0.261419,0.545897,-0.948968,0.295124,-1.15508,-1.3671,-0.908736,-1.12277,0.343293,-1.01901,-0.744068,-0.0881279,-1.63937,0.238608,2.52109
0.344792,0.614615,0.523555,0.681658,1.4717,2.33616,-0.541583,0.359843,0.911887,-0.56071,-0.727627,0.953865,1.55204,0.847271,0.296947,-1.02127,-0.918746,1.46095,-0.396776,0.578522
0.897417,0.345013,-1.07343,0.214861,0.328855,-0.174776,2.94337,-4.4067,-0.718343,-0.200695,-1.48393,-3.66407,-1.26312,-1.38107,0.917433,-0.531178,0.2098,0.154693,0.837364,2.1797
0.911185,1.34209,-0.222758,0.940416,0.974547,1.12334,-3.5364,-0.397415,0.190946,-0.465851,-3.31528,-0.0540634,-1.00651,-0.949826,2.5758,-1.33626,-0.932719,0.325426,1.37068,0.061979
1.66631,-0.209804,-3.70269,1.0332,-1.12848,1.21421,1.33799,0.164207,-1.02168,-0.635374,-0.628803,0.31515,-0.2198,-0.101493,0.836527,0.681867,-0.21284,-0.0222787,0.683793,1.36655
-1.072,-1.07098,1.4362,2.08603,0.561758,-0.831799,0.278409,1.67771,-0.522129,-1.01721,1.25632,-0.296428,-1.1898,0.583623,-1.55036,-0.140749,1.19257,-1.04945,0.23754,-0.236013
-1.45804,-0.992414,1.91043,0.210435,0.142877,-0.378507,2.26025,-0.447851,-0.502347,3.66805,2.24293,-0.260548,0.694277,1.11569,-1.77024,-0.570523,-0.853168,-1.23593,1.54494,0.795844
0.740557,-1.07685,2.30443,1.53654,1.71023,-0.527448,-1.71959,2.45288,1.31464,-1.22723,-0.991375,2.39036,-2.70044,0.727949,0.0863364,-1.57175,-0.969869,-1.44716,-2.06518,1.33843