-0.639073,0.865319,-1.3509,2.36865,1.33231,-0.916607,-0.519489,0.735891,1.24603,-0.135269,-0.584835,-2.29325,-2.67318,-0.213005,0.485524,-0.00440136,-0.224372,-1.07035,-2.33918,-0.00119178
-3.02769,-0.0711594,0.39114,0.99557,-0.143865,1.20695,0.215734,0.00153177,-0.0105973,1.62281,1.39215,-0.024919,0.621156,1.07702,-2.30525,-0.285941,0.370634,-0.895271,0.185271,0.680579
0.944263,0.304925,0.433937,0.662736,0.373126,-0.793326,-2.61195,-0.754603,0.069001,-0.676342,-0.891985,-0.0549413,-1.66737,-1.44393,0.0874349,-1.47168,-1.00616,-1.37227,0.254244,0.479165
1.63435,-0.31643,-0.93204,2.70018,0.838849,0.414078,0.26325,0.0875632,0.227168,0.193977,1.16328,0.21564,-3.29058,-0.771036,0.633028,1.17021,1.64646,2.34671,-1.00627,1.04676
1.37512,1.58072,-1.45923,0.918842,-1.13747,0.913861,-3.66071,-0.323977,-1.02124,0.771159,-1.65222,0.0792811,-0.782781,-1.63359,1.59517,-2.52056,-0.283647,1.11854,-1.3818,0.203133
1.40454,1.80284,-1.73984,0.951825,-0.67636,-3.31066,-1.2685,-0.252608,-0.174949,-1.83088,-0.913296,0.0616388,-2.07641,1.27458,0.177673,-1.38104,-0.189817,1.15858,-3.04946,0.367126
-0.148427,0.424834,-0.945564,3.78914,0.325968,0.351895,0.109241,0.0971735,0.120856,1.10173,1.55488,-0.649521,-0.762538,0.127444,1.72572,1.78282,0.798044,0.468168,-0.971203,-1.09535
0.797934,-1.25072,0.205982,0.0564438,1.59537,-0.261371,0.545879,-0.949101,0.29518,-1.1552,-1.36699,-0.908848,-1.12297,0.343281,-1.01912,-0.7447,-0.08823,-1.63938,0.238543,2.52106
0.345107,0.614582,0.523606,0.681993,1.47165,2.34528,-0.541611,0.360141,0.911988,-0.560788,-0.728362,0.953925,1.55273,0.847171,0.297084,-1.02109,-0.923261,1.46094,-0.396781,0.578508
0.897953,0.345088,-1.07338,0.215017,0.328812,-0.174825,2.94531,-4.40976,-0.718373,-0.200892,-1.484,-3.6767,-1.26329,-1.38108,0.917355,-0.531403,0.209879,0.154769,0.837336,2.1799
0.91178,1.34194,-0.222614,0.940754,0.974544,1.12315,-3.55084,-0.397441,0.190956,-0.465934,-3.33226,-0.0540708,-1.00658,-0.949895,2.57561,-1.33633,-0.932707,0.325482,1.37189,0.0619932
1.66683,-0.209763,-3.70284,1.03334,-1.12857,1.21416,1.338,0.164616,-1.02173,-0.636009,-0.628838,0.315375,-0.219886,-0.101495,0.83643,0.682244,-0.212796,-0.0222785,0.683809,1.36657
-1.07197,-1.07092,1.43632,2.08649,0.561743,-0.831724,0.278287,1.67769,-0.522114,-1.01739,1.25634,-0.296452,-1.18998,0.583673,-1.55053,-0.140876,1.19255,-1.04936,0.237552,-0.236045
-1.45799,-0.99709,1.91047,0.210313,0.142941,-0.378379,2.27122,-0.447892,-0.502303,3.66813,2.25383,-0.260586,0.694901,1.11581,-1.77022,-0.571196,-0.858608,-1.23724,1.54492,0.795881
0.740566,-1.07681,2.30498,1.53659,1.71036,-0.527405,-1.71957,2.46118,1.31473,-1.22738,-0.99142,2.39856,-2.7005,0.727914,0.0861555,-1.57179,-0.970148,-1.44714,-2.06518,1.33846