-0.639049,0.865794,-1.35085,2.36901,1.33323,-0.91655,-0.519463,0.735906,1.24692,-0.135274,-0.584855,-2.29324,-2.67321,-0.213017,0.485524,-0.00446771,-0.22443,-1.07035,-2.33916,-0.00123356
-3.02883,-0.0711019,0.391144,0.99556,-0.14388,1.20699,0.215631,0.00140107,-0.0106002,1.6229,1.39201,-0.0250539,0.621163,1.07748,-2.30529,-0.286055,0.383349,-0.899464,0.185258,0.680595
0.944688,0.305071,0.433979,0.662763,0.373134,-0.793356,-2.61189,-0.754666,0.0690073,-0.676418,-0.892431,-0.0549458,-1.66751,-1.44394,0.0875029,-1.47181,-1.00616,-1.3723,0.254258,0.479104
1.63482,-0.316349,-0.936302,2.70027,0.838776,0.414116,0.26336,0.0877456,0.227149,0.194044,1.16356,0.215789,-3.29058,-0.771467,0.633097,1.17065,1.64644,2.34672,-1.0099,1.04688
1.37545,1.58122,-1.45928,0.918841,-1.13753,0.913837,-3.67032,-0.323967,-1.02124,0.771131,-1.65252,0.0792686,-0.782919,-1.63353,1.59555,-2.52061,-0.283581,1.11851,-1.38184,0.203152
1.40494,1.80278,-1.73981,0.952049,-0.67638,-3.32361,-1.26843,-0.252607,-0.174909,-1.83089,-0.913399,0.0616333,-2.07637,1.27555,0.177705,-1.38114,-0.189848,1.15859,-3.04942,0.367109
-0.14847,0.437685,-0.949972,3.78923,0.325945,0.352067,0.109371,0.0970699,0.120879,1.10171,1.55497,-0.649555,-0.762904,0.127479,1.7258,1.78277,0.798072,0.481382,-0.97491,-1.0954
0.798277,-1.25075,0.205949,0.056215,1.59545,-0.261328,0.545861,-0.949193,0.295222,-1.15529,-1.36692,-0.908922,-1.12313,0.343271,-1.0192,-0.745169,-0.0883106,-1.63938,0.238491,2.52105
0.345372,0.614556,0.523653,0.68227,1.47162,2.35222,-0.541625,0.360347,0.912066,-0.560844,-0.728869,0.953964,1.55329,0.8471,0.297197,-1.02095,-0.926683,1.46094,-0.396782,0.578502
0.898339,0.345135,-1.07334,0.215151,0.32878,-0.174868,2.94678,-4.41208,-0.718393,-0.201047,-1.48405,-3.68631,-1.26342,-1.38109,0.917302,-0.531566,0.20994,0.154818,0.837314,2.18004
0.912209,1.34181,-0.222488,0.941012,0.97454,1.123,-3.56184,-0.397466,0.190959,-0.466002,-3.34518,-0.0540783,-1.00664,-0.949952,2.57547,-1.33637,-0.932703,0.325515,1.37277,0.0620007
1.66717,-0.20973,-3.70296,1.03344,-1.12864,1.21413,1.33802,0.164909,-1.02176,-0.636451,-0.628862,0.315524,-0.219957,-0.101497,0.83635,0.682543,-0.212773,-0.0222767,0.683821,1.36658
-1.07195,-1.07086,1.43641,2.08678,0.561728,-0.831667,0.278195,1.67768,-0.522103,-1.01752,1.25635,-0.296469,-1.1901,0.583712,-1.55064,-0.140981,1.19254,-1.0493,0.237558,-0.236072
-1.45795,-1.00065,1.91049,0.210216,0.14299,-0.37829,2.27958,-0.447912,-0.502271,3.6682,2.26214,-0.260612,0.695401,1.1159,-1.7702,-0.571672,-0.862731,-1.23823,1.5449,0.795909
0.740579,-1.07678,2.30531,1.53663,1.71044,-0.527369,-1.71956,2.46752,1.3148,-1.22749,-0.991459,2.4048,-2.70054,0.727886,0.0860046,-1.57183,-0.970381,-1.44713,-2.06518,1.33848