-0.639029,0.866159,-1.35081,2.36924,1.33391,-0.916506,-0.519441,0.735915,1.24758,-0.135277,-0.584868,-2.29324,-2.67323,-0.213025,0.485523,-0.00451936,-0.224477,-1.07034,-2.33914,-0.00126738
-3.02971,-0.0710579,0.391136,0.995549,-0.143891,1.20703,0.215547,0.00130181,-0.0106011,1.62297,1.3919,-0.0251578,0.621168,1.07785,-2.30532,-0.28614,0.394749,-0.902643,0.185237,0.680605
0.945015,0.305169,0.43402,0.662785,0.37314,-0.793389,-2.61185,-0.754714,0.0690106,-0.67648,-0.892752,-0.0549532,-1.66762,-1.44395,0.0875568,-1.47191,-1.00616,-1.37232,0.254275,0.479056
1.63515,-0.316267,-0.939539,2.70033,0.838724,0.414149,0.263427,0.0878652,0.227136,0.1941,1.16379,0.215891,-3.29058,-0.771768,0.633153,1.17102,1.64643,2.34674,-1.01266,1.04698
1.37565,1.58158,-1.45932,0.918841,-1.13759,0.913826,-3.67764,-0.32396,-1.02123,0.771116,-1.65274,0.0792602,-0.783032,-1.63348,1.59583,-2.52065,-0.283531,1.11849,-1.38187,0.203166
1.4052,1.80274,-1.73979,0.952227,-0.6764,-3.33347,-1.26837,-0.252611,-0.17488,-1.83089,-0.913471,0.0616273,-2.07634,1.27626,0.177733,-1.3812,-0.189872,1.1586,-3.04939,0.367093
-0.148502,0.449196,-0.95334,3.78929,0.325924,0.352215,0.109451,0.0969835,0.120901,1.10169,1.55505,-0.649586,-0.763167,0.127506,1.72586,1.78273,0.798099,0.493218,-0.977739,-1.09545
0.798522,-1.25077,0.20591,0.0560161,1.59551,-0.261291,0.545845,-0.949256,0.295253,-1.15536,-1.36687,-0.908969,-1.12325,0.343263,-1.01928,-0.745524,-0.0883741,-1.63938,0.238449,2.52103
0.345599,0.614534,0.523697,0.682502,1.4716,2.3575,-0.541632,0.360487,0.912126,-0.560884,-0.729222,0.953989,1.55375,0.847052,0.297294,-1.02083,-0.929269,1.46094,-0.396781,0.578499
0.898629,0.345162,-1.07331,0.215268,0.328754,-0.174905,2.94791,-4.41385,-0.718407,-0.20117,-1.48409,-3.69363,-1.26351,-1.3811,0.917269,-0.531683,0.209988,0.154849,0.837296,2.18014
0.912531,1.34172,-0.222377,0.941217,0.974538,1.1229,-3.57021,-0.39749,0.190959,-0.466058,-3.35501,-0.0540859,-1.00667,-0.949998,2.57536,-1.33639,-0.932704,0.325532,1.37341,0.0620049
1.6674,-0.209703,-3.70304,1.03351,-1.1287,1.2141,1.33803,0.16512,-1.02179,-0.636763,-0.628878,0.315619,-0.220015,-0.101496,0.836284,0.682783,-0.212764,-0.022274,0.68383,1.36659
-1.07193,-1.07081,1.43648,2.08696,0.561716,-0.831624,0.278124,1.67766,-0.522094,-1.01761,1.25636,-0.29648,-1.1902,0.583743,-1.55073,-0.141068,1.19253,-1.04924,0.237561,-0.236096
-1.45792,-1.00336,1.9105,0.210137,0.143027,-0.378229,2.28595,-0.447919,-0.502248,3.66825,2.26846,-0.26063,0.695807,1.11597,-1.77017,-0.572014,-0.865844,-1.23898,1.54489,0.795934
0.740593,-1.07675,2.30551,1.53666,1.71051,-0.527338,-1.71955,2.47235,1.31485,-1.22756,-0.991491,2.40956,-2.70058,0.727866,0.0858785,-1.57186,-0.970577,-1.44712,-2.06518,1.3385