-0.639013,0.866451,-1.35078,2.36938,1.33441,-0.916472,-0.519422,0.735921,1.24806,-0.135278,-0.584876,-2.29324,-2.67324,-0.213029,0.485523,-0.00455989,-0.224516,-1.07034,-2.33913,-0.00129488
-3.03041,-0.0710223,0.391121,0.995538,-0.1439,1.20707,0.215477,0.00122502,-0.0106009,1.62302,1.39181,-0.0252387,0.621171,1.07815,-2.30535,-0.286205,0.404972,-0.905046,0.185211,0.680614
0.945275,0.305235,0.434059,0.662804,0.373146,-0.793424,-2.61181,-0.754753,0.0690127,-0.676532,-0.892987,-0.0549624,-1.66771,-1.44395,0.0876,-1.47198,-1.00616,-1.37234,0.254293,0.479018
1.63537,-0.316186,-0.94199,2.70039,0.838689,0.414178,0.263464,0.0879405,0.227127,0.194151,1.16397,0.215959,-3.29058,-0.771981,0.633199,1.17133,1.64642,2.34675,-1.01475,1.04706
1.37576,1.58183,-1.45935,0.918844,-1.13763,0.913824,-3.68321,-0.323956,-1.02123,0.771109,-1.65291,0.0792547,-0.783126,-1.63344,1.59603,-2.52068,-0.283493,1.11848,-1.38189,0.203175
1.40537,1.8027,-1.73977,0.952374,-0.676419,-3.34097,-1.26833,-0.252618,-0.174859,-1.8309,-0.91352,0.0616212,-2.07632,1.27679,0.177757,-1.38124,-0.189892,1.1586,-3.04937,0.367078
-0.148526,0.459512,-0.95591,3.78932,0.325908,0.352345,0.109495,0.0969108,0.120922,1.10168,1.55511,-0.649614,-0.76336,0.127526,1.7259,1.7827,0.798124,0.503823,-0.979894,-1.09549
0.798705,-1.2508,0.205869,0.0558423,1.59555,-0.261258,0.545829,-0.9493,0.295279,-1.15541,-1.36683,-0.908999,-1.12335,0.343258,-1.01935,-0.745801,-0.0884239,-1.63938,0.238414,2.52103
0.345796,0.614517,0.523737,0.682699,1.47158,2.36151,-0.541634,0.360581,0.912172,-0.560913,-0.729472,0.954003,1.55413,0.847021,0.297381,-1.02074,-0.931214,1.46094,-0.396778,0.5785
0.898855,0.345175,-1.07329,0.215373,0.328735,-0.174936,2.94876,-4.4152,-0.718416,-0.201269,-1.48412,-3.69921,-1.26359,-1.38111,0.917251,-0.531765,0.210025,0.154867,0.837283,2.18022
0.912782,1.34165,-0.222276,0.941385,0.974536,1.12282,-3.57658,-0.397512,0.190958,-0.466103,-3.3625,-0.0540932,-1.0067,-0.950037,2.57529,-1.3364,-0.932708,0.325539,1.37388,0.0620079
1.66755,-0.209682,-3.70311,1.03357,-1.12875,1.21408,1.33805,0.16527,-1.02182,-0.636987,-0.628888,0.315677,-0.220063,-0.101494,0.836228,0.68298,-0.212765,-0.022271,0.683838,1.36659
-1.07192,-1.07077,1.43653,2.08706,0.561708,-0.831591,0.27807,1.67766,-0.522087,-1.01768,1.25637,-0.296487,-1.19027,0.583768,-1.55079,-0.141141,1.19252,-1.0492,0.237562,-0.236116
-1.45789,-1.00541,1.91051,0.210074,0.143056,-0.378187,2.29081,-0.447917,-0.502231,3.6683,2.27327,-0.260643,0.696142,1.11603,-1.77014,-0.572266,-0.868185,-1.23955,1.54489,0.795957
0.740607,-1.07674,2.30563,1.53668,1.71056,-0.527312,-1.71954,2.47604,1.31489,-1.22762,-0.991517,2.41318,-2.7006,0.727851,0.0857726,-1.57188,-0.970741,-1.44711,-2.06518,1.33852