-0.638999,0.866693,-1.35075,2.36947,1.33479,-0.916445,-0.519406,0.735925,1.24841,-0.135276,-0.584881,-2.29323,-2.67325,-0.213031,0.485524,-0.00459197,-0.224548,-1.07034,-2.33912,-0.00131737
-3.03097,-0.0709922,0.391101,0.995527,-0.143907,1.2071,0.21542,0.00116457,-0.0106002,1.62306,1.39175,-0.0253024,0.621174,1.0784,-2.30537,-0.286256,0.414143,-0.906854,0.185182,0.680622
0.94549,0.305281,0.434096,0.662821,0.373152,-0.793458,-2.61179,-0.754783,0.0690144,-0.676576,-0.893163,-0.0549726,-1.66777,-1.44396,0.0876349,-1.47203,-1.00616,-1.37236,0.254312,0.478988
1.63553,-0.316108,-0.94384,2.70044,0.838666,0.414206,0.26348,0.0879851,0.227122,0.194198,1.16413,0.216003,-3.29058,-0.772135,0.633235,1.17159,1.64642,2.34677,-1.01633,1.04712
1.37583,1.58202,-1.45938,0.918849,-1.13767,0.91383,-3.68746,-0.323953,-1.02123,0.771109,-1.65303,0.0792512,-0.783204,-1.63341,1.59618,-2.5207,-0.283465,1.11847,-1.38191,0.203182
1.40549,1.80268,-1.73976,0.9525,-0.676437,-3.34669,-1.2683,-0.252628,-0.174844,-1.8309,-0.913555,0.0616149,-2.0763,1.27719,0.17778,-1.38126,-0.189908,1.15861,-3.04935,0.367065
-0.148544,0.468761,-0.957866,3.78935,0.325896,0.352457,0.109515,0.0968494,0.120944,1.10167,1.55516,-0.649639,-0.763505,0.127542,1.72593,1.78268,0.798146,0.513329,-0.981531,-1.09553
0.798847,-1.25082,0.205827,0.0556897,1.59558,-0.261229,0.545816,-0.94933,0.295301,-1.15544,-1.3668,-0.909015,-1.12342,0.343256,-1.01942,-0.746021,-0.0884628,-1.63937,0.238384,2.52102
0.34597,0.614503,0.523774,0.682867,1.47157,2.36456,-0.541633,0.360641,0.912207,-0.560934,-0.72965,0.954011,1.55445,0.847002,0.29746,-1.02066,-0.932671,1.46094,-0.396775,0.578502
0.899039,0.345179,-1.07327,0.215468,0.328721,-0.174962,2.94942,-4.41623,-0.718422,-0.201349,-1.48414,-3.70345,-1.26364,-1.38113,0.917244,-0.531821,0.210054,0.154876,0.837273,2.18028
0.912985,1.34159,-0.222184,0.941526,0.974534,1.12276,-3.58144,-0.397533,0.190956,-0.466139,-3.36819,-0.0541004,-1.00672,-0.95007,2.57523,-1.33639,-0.932712,0.325538,1.37423,0.0620103
1.66766,-0.209663,-3.70317,1.03361,-1.1288,1.21406,1.33806,0.165378,-1.02183,-0.637151,-0.628894,0.315709,-0.220103,-0.10149,0.83618,0.683143,-0.212774,-0.0222679,0.683843,1.3666
-1.07192,-1.07074,1.43657,2.08713,0.561704,-0.831566,0.278028,1.67765,-0.52208,-1.01773,1.25638,-0.296491,-1.19033,0.58379,-1.55083,-0.141202,1.19252,-1.04917,0.237564,-0.236134
-1.45787,-1.00696,1.91051,0.210022,0.143079,-0.37816,2.29452,-0.447912,-0.502219,3.66834,2.27694,-0.260651,0.696419,1.11608,-1.77011,-0.572454,-0.869936,-1.23998,1.54488,0.795981
0.74062,-1.07673,2.3057,1.53669,1.71059,-0.52729,-1.71953,2.47886,1.31491,-1.22766,-0.99154,2.41593,-2.70061,0.72784,0.0856833,-1.57189,-0.970881,-1.4471,-2.06519,1.33853