-0.638987,0.866898,-1.35073,2.36952,1.33507,-0.916424,-0.519392,0.735926,1.24868,-0.135274,-0.584884,-2.29323,-2.67326,-0.213033,0.485526,-0.00461758,-0.224574,-1.07033,-2.33911,-0.00133586
-3.03144,-0.0709659,0.391078,0.995517,-0.143912,1.20713,0.215371,0.00111624,-0.0105994,1.62309,1.3917,-0.0253532,0.621175,1.07861,-2.30539,-0.286296,0.422372,-0.908209,0.185153,0.680631
0.945673,0.305312,0.43413,0.662837,0.373157,-0.793491,-2.61177,-0.754807,0.069016,-0.676613,-0.893297,-0.0549834,-1.66782,-1.44397,0.0876632,-1.47207,-1.00616,-1.37237,0.25433,0.478964
1.63564,-0.316035,-0.945229,2.70048,0.838651,0.414235,0.263483,0.0880081,0.227119,0.194241,1.16426,0.21603,-3.29058,-0.772248,0.633265,1.17181,1.64641,2.34678,-1.01753,1.04718
1.37586,1.58217,-1.4594,0.918857,-1.1377,0.91384,-3.69069,-0.323951,-1.02123,0.771113,-1.65313,0.079249,-0.783269,-1.63339,1.59628,-2.52072,-0.283444,1.11846,-1.38193,0.203187
1.40556,1.80266,-1.73975,0.95261,-0.676453,-3.35104,-1.26828,-0.252638,-0.174833,-1.8309,-0.913578,0.0616087,-2.07629,1.27748,0.1778,-1.38127,-0.189921,1.15861,-3.04933,0.367054
-0.148558,0.477055,-0.959351,3.78936,0.325888,0.352556,0.109519,0.0967971,0.120967,1.10166,1.5552,-0.649661,-0.763615,0.127555,1.72596,1.78266,0.798167,0.521854,-0.982771,-1.09556
0.798962,-1.25084,0.205785,0.0555553,1.59561,-0.261204,0.545804,-0.949351,0.29532,-1.15547,-1.36678,-0.909024,-1.12349,0.343255,-1.01947,-0.746199,-0.0884932,-1.63937,0.23836,2.52102
0.346122,0.614491,0.523809,0.683012,1.47156,2.36687,-0.54163,0.360678,0.912235,-0.560948,-0.72978,0.954014,1.55472,0.846993,0.297532,-1.0206,-0.933754,1.46094,-0.396771,0.578505
0.899192,0.345175,-1.07326,0.215555,0.32871,-0.174984,2.94991,-4.41701,-0.718426,-0.201414,-1.48416,-3.70669,-1.26368,-1.38114,0.917244,-0.531859,0.210076,0.154878,0.837265,2.18032
0.913155,1.34154,-0.222099,0.941649,0.974533,1.12271,-3.58514,-0.397552,0.190955,-0.466169,-3.37253,-0.0541072,-1.00673,-0.950098,2.57518,-1.33639,-0.932718,0.325533,1.37448,0.0620128
1.66773,-0.209648,-3.70322,1.03364,-1.12883,1.21405,1.33807,0.165454,-1.02185,-0.637272,-0.628897,0.315724,-0.220137,-0.101486,0.836139,0.683278,-0.212786,-0.0222648,0.683847,1.3666
-1.07191,-1.0707,1.43661,2.08716,0.561703,-0.831547,0.277996,1.67764,-0.522073,-1.01778,1.25638,-0.296493,-1.19037,0.583808,-1.55086,-0.141253,1.19252,-1.04914,0.237565,-0.236151
-1.45784,-1.00812,1.91051,0.209979,0.143097,-0.378142,2.29734,-0.447903,-0.50221,3.66838,2.27973,-0.260657,0.696652,1.11612,-1.77007,-0.572598,-0.871239,-1.24031,1.54488,0.796005
0.740633,-1.07672,2.30574,1.53671,1.71062,-0.527271,-1.71953,2.48102,1.31493,-1.2277,-0.991559,2.41803,-2.70063,0.727833,0.0856077,-1.57191,-0.971,-1.44709,-2.06519,1.33855