-0.687081,0.63758,-1.42152,2.1162,1.12904,-0.987223,-0.574801,0.730003,1.03258,-0.266032,-0.518146,-2.50275,-2.90823,-0.151999,0.516989,-0.0322449,-0.213667,-1.15208,-2.4968,-0.00105721
-2.63274,-0.144773,0.409524,1.12938,-0.125021,1.27701,0.301603,0.102723,0.026883,1.79015,1.56071,0.0289724,0.703641,0.965489,-2.49589,-0.302026,0.0423321,-0.468779,0.187162,0.681403
0.738348,0.194959,0.455805,0.66829,0.412319,-0.773259,-2.83243,-0.79538,-0.00694664,-0.655879,-0.774497,-0.0792392,-1.76744,-1.49913,0.129359,-1.41487,-1.07271,-1.46376,0.265627,0.482635
1.37364,-0.299767,-0.493806,2.92842,0.793096,0.309517,0.250002,0.0236007,0.181237,0.0653433,1.15816,0.168971,-3.54298,-0.599447,0.688014,1.12856,1.80157,2.53007,-0.650807,1.07133
1.02398,1.34946,-1.54255,0.976314,-1.09529,0.888092,-2.65103,-0.337506,-0.997706,0.725774,-1.67904,0.108075,-0.842379,-1.82183,1.59335,-2.6589,-0.379362,1.21433,-1.48559,0.17046
1.07076,1.98326,-1.87342,0.922962,-0.602078,-1.81605,-1.34372,-0.241901,-0.182556,-1.95538,-0.823599,0.096342,-2.2206,0.979554,0.152799,-1.3065,-0.219263,1.24658,-3.30174,0.39695
-0.169107,0.0593961,-0.532914,3.96833,0.253048,0.360998,0.0743397,0.176905,0.0413432,1.18606,1.65039,-0.750336,-0.7129,0.0867419,1.83756,1.93849,0.840161,0.128713,-0.605613,-1.14054
0.582312,-1.24408,0.200241,0.0951588,1.68225,-0.266732,0.663583,-0.930908,0.317943,-1.10164,-1.45136,-0.948126,-1.00718,0.258028,-0.985568,-0.629992,-0.165765,-1.76914,0.260347,2.76276
0.27063,0.646119,0.555397,0.659926,1.60011,1.61195,-0.572689,0.304725,0.937989,-0.598066,-0.488577,1.04242,1.45848,0.8943,0.234997,-1.13075,-0.560642,1.61536,-0.417694,0.566164
0.749667,0.334596,-1.18646,0.210658,0.359676,-0.199855,2.9421,-4.47423,-0.797944,-0.213566,-1.64223,-2.688,-1.26309,-1.38641,0.904307,-0.44858,0.256352,0.12983,0.924866,2.31546
0.778061,1.45448,-0.264292,0.931633,1.04605,1.30247,-2.38506,-0.460217,0.185731,-0.473169,-1.83805,-0.00207244,-0.916682,-1.05969,2.7937,-1.32289,-1.0367,0.348674,1.10574,0.0284084
1.47967,-0.238096,-3.97815,1.02294,-1.11402,1.30727,1.37523,0.0828933,-1.10005,-0.427859,-0.686129,0.267123,-0.252507,-0.110449,0.868243,0.599507,-0.249398,-0.00525746,0.731825,1.44996
-1.15854,-1.08956,1.51893,1.8774,0.607535,-0.908452,0.323226,1.7746,-0.582903,-0.874775,1.40793,-0.292044,-1.23159,0.622497,-1.46535,-0.091995,1.28181,-1.20921,0.17611,-0.185901
-1.69137,-0.665212,2.02287,0.204821,0.140491,-0.409434,1.31834,-0.397139,-0.570692,3.90612,1.30451,-0.229962,0.548558,1.17295,-1.8002,-0.364967,-0.402529,-1.1809,1.60541,0.778302
0.869316,-1.12296,2.02608,1.63524,1.84768,-0.592489,-1.87796,1.80571,1.38637,-1.15447,-1.11392,1.69966,-2.90962,0.822377,0.111619,-1.61745,-1.02029,-1.6313,-2.20356,1.40496