-0.638976,0.867077,-1.35071,2.36955,1.33529,-0.916406,-0.51938,0.735927,1.24888,-0.13527,-0.584886,-2.29323,-2.67327,-0.213033,0.485528,-0.00463821,-0.224596,-1.07033,-2.33911,-0.00135114
-3.03183,-0.0709425,0.391054,0.995507,-0.143916,1.20716,0.21533,0.00107703,-0.0105986,1.62312,1.39166,-0.025394,0.621175,1.07878,-2.3054,-0.286329,0.429757,-0.909217,0.185123,0.680641
0.945833,0.305333,0.434162,0.662852,0.373162,-0.793522,-2.61175,-0.754827,0.0690177,-0.676645,-0.893402,-0.0549942,-1.66786,-1.44397,0.0876864,-1.4721,-1.00616,-1.37239,0.254348,0.478946
1.63572,-0.315966,-0.946267,2.70051,0.838644,0.414262,0.263476,0.0880165,0.227117,0.194283,1.16437,0.216045,-3.29058,-0.772331,0.63329,1.172,1.64641,2.34678,-1.01842,1.04722
1.37587,1.58227,-1.45942,0.918867,-1.13772,0.913852,-3.69315,-0.32395,-1.02123,0.77112,-1.6532,0.0792478,-0.783324,-1.63337,1.59636,-2.52073,-0.283428,1.11846,-1.38194,0.203191
1.40562,1.80265,-1.73974,0.952707,-0.676469,-3.35436,-1.26826,-0.25265,-0.174825,-1.8309,-0.913594,0.0616026,-2.07629,1.27771,0.177819,-1.38128,-0.189932,1.15861,-3.04932,0.367045
-0.148569,0.484494,-0.960476,3.78937,0.325883,0.352643,0.109512,0.0967523,0.120989,1.10165,1.55524,-0.64968,-0.763701,0.127564,1.72598,1.78265,0.798186,0.5295,-0.983707,-1.0956
0.799059,-1.25086,0.205744,0.0554365,1.59563,-0.261182,0.545794,-0.949365,0.295336,-1.1555,-1.36676,-0.909026,-1.12354,0.343255,-1.01952,-0.746347,-0.0885169,-1.63937,0.238339,2.52102
0.346258,0.614482,0.523841,0.683138,1.47156,2.36863,-0.541627,0.360698,0.912256,-0.560958,-0.729875,0.954013,1.55495,0.84699,0.297599,-1.02055,-0.934555,1.46094,-0.396767,0.578508
0.899324,0.345167,-1.07325,0.215635,0.328702,-0.175003,2.95029,-4.41761,-0.718427,-0.201468,-1.48417,-3.70915,-1.26372,-1.38115,0.917249,-0.531883,0.210094,0.154877,0.837258,2.18035
0.913301,1.34151,-0.222021,0.941757,0.974533,1.12268,-3.58796,-0.397569,0.190954,-0.466193,-3.37584,-0.0541137,-1.00674,-0.950122,2.57515,-1.33638,-0.932724,0.325525,1.37468,0.0620154
1.66779,-0.209636,-3.70326,1.03367,-1.12886,1.21404,1.33807,0.165508,-1.02186,-0.637365,-0.628899,0.315727,-0.220166,-0.10148,0.836103,0.683393,-0.212801,-0.0222619,0.68385,1.36661
-1.07191,-1.07068,1.43665,2.08718,0.561704,-0.831532,0.277972,1.67764,-0.522067,-1.01781,1.25639,-0.296493,-1.1904,0.583824,-1.55088,-0.141297,1.19252,-1.04912,0.237566,-0.236165
-1.45782,-1.00899,1.91051,0.209943,0.14311,-0.378132,2.2995,-0.447893,-0.502203,3.66841,2.28185,-0.260661,0.696849,1.11614,-1.77004,-0.57271,-0.8722,-1.24055,1.54488,0.796029
0.740644,-1.07672,2.30575,1.53671,1.71064,-0.527255,-1.71953,2.48266,1.31495,-1.22772,-0.991574,2.41962,-2.70063,0.727828,0.0855432,-1.57192,-0.971102,-1.44709,-2.0652,1.33855