-0.638966,0.867236,-1.3507,2.36956,1.33546,-0.916392,-0.519369,0.735926,1.24903,-0.135265,-0.584887,-2.29323,-2.67328,-0.213034,0.485531,-0.00465496,-0.224613,-1.07033,-2.3391,-0.00136385
-3.03217,-0.0709213,0.39103,0.995497,-0.14392,1.20718,0.215296,0.00104479,-0.0105979,1.62314,1.39163,-0.0254272,0.621175,1.07893,-2.30542,-0.286357,0.436386,-0.909962,0.185094,0.68065
0.945973,0.305348,0.434191,0.662867,0.373168,-0.793552,-2.61174,-0.754843,0.0690195,-0.676673,-0.893485,-0.0550049,-1.66789,-1.44398,0.0877054,-1.47213,-1.00616,-1.3724,0.254365,0.478931
1.63577,-0.315901,-0.947038,2.70054,0.838641,0.414289,0.263464,0.0880148,0.227117,0.194322,1.16446,0.216053,-3.29058,-0.772394,0.63331,1.17216,1.6464,2.34679,-1.01908,1.04725
1.37587,1.58235,-1.45943,0.918877,-1.13775,0.913867,-3.69503,-0.323949,-1.02124,0.771129,-1.65326,0.0792471,-0.783371,-1.63336,1.59641,-2.52074,-0.283416,1.11845,-1.38196,0.203195
1.40565,1.80263,-1.73974,0.952794,-0.676483,-3.35689,-1.26824,-0.252661,-0.17482,-1.8309,-0.913605,0.0615967,-2.07629,1.27788,0.177836,-1.38128,-0.18994,1.15861,-3.04931,0.367037
-0.148577,0.49117,-0.961324,3.78938,0.325881,0.352719,0.109498,0.0967138,0.121012,1.10164,1.55527,-0.649697,-0.763769,0.127572,1.726,1.78264,0.798204,0.53636,-0.984412,-1.09563
0.799142,-1.25087,0.205705,0.0553314,1.59565,-0.261162,0.545786,-0.949374,0.295351,-1.15552,-1.36675,-0.909024,-1.12359,0.343257,-1.01957,-0.746471,-0.0885354,-1.63937,0.238321,2.52102
0.346379,0.614475,0.52387,0.683248,1.47155,2.36997,-0.541622,0.360707,0.912273,-0.560965,-0.729947,0.954011,1.55515,0.846992,0.297659,-1.0205,-0.93514,1.46094,-0.396763,0.578512
0.899439,0.345156,-1.07325,0.215708,0.328696,-0.175019,2.95058,-4.41806,-0.718428,-0.201512,-1.48418,-3.71103,-1.26374,-1.38117,0.917258,-0.531897,0.210107,0.154872,0.837253,2.18037
0.91343,1.34148,-0.221949,0.941852,0.974532,1.12265,-3.59012,-0.397585,0.190953,-0.466212,-3.37835,-0.0541199,-1.00675,-0.950143,2.57513,-1.33637,-0.932729,0.325514,1.37482,0.0620181
1.66783,-0.209625,-3.70329,1.03369,-1.12889,1.21403,1.33808,0.165545,-1.02188,-0.637436,-0.628899,0.315722,-0.220191,-0.101474,0.836073,0.68349,-0.212818,-0.0222591,0.683852,1.36661
-1.07191,-1.07065,1.43668,2.08719,0.561706,-0.831521,0.277953,1.67764,-0.522061,-1.01783,1.25639,-0.296492,-1.19043,0.583838,-1.5509,-0.141334,1.19252,-1.04911,0.237568,-0.236178
-1.45781,-1.00964,1.91051,0.209914,0.143121,-0.378126,2.30114,-0.447883,-0.502198,3.66844,2.28346,-0.260664,0.697016,1.11617,-1.77,-0.572799,-0.872901,-1.24072,1.54488,0.796053
0.740654,-1.07671,2.30576,1.53672,1.71065,-0.527242,-1.71953,2.48392,1.31496,-1.22774,-0.991588,2.42083,-2.70064,0.727824,0.085488,-1.57192,-0.97119,-1.44708,-2.0652,1.33856