-0.638958,0.867378,-1.35069,2.36957,1.33559,-0.916381,-0.51936,0.735925,1.24915,-0.13526,-0.584888,-2.29323,-2.67328,-0.213034,0.485534,-0.00466868,-0.224628,-1.07033,-2.3391,-0.00137448
-3.03245,-0.070902,0.391006,0.995489,-0.143922,1.2072,0.215266,0.00101799,-0.0105974,1.62315,1.3916,-0.0254544,0.621174,1.07905,-2.30543,-0.28638,0.442338,-0.910506,0.185067,0.680661
0.946099,0.305358,0.434218,0.662881,0.373173,-0.793579,-2.61173,-0.754857,0.0690213,-0.676697,-0.893552,-0.0550151,-1.66791,-1.44398,0.0877212,-1.47215,-1.00615,-1.37241,0.254381,0.47892
1.63581,-0.315842,-0.947605,2.70056,0.838641,0.414316,0.263448,0.0880066,0.227118,0.194358,1.16454,0.216054,-3.29057,-0.772442,0.633327,1.1723,1.6464,2.3468,-1.01958,1.04728
1.37586,1.58242,-1.45945,0.918889,-1.13777,0.913883,-3.69646,-0.323949,-1.02124,0.771139,-1.6533,0.0792469,-0.78341,-1.63335,1.59645,-2.52074,-0.283406,1.11845,-1.38197,0.203197
1.40567,1.80263,-1.73973,0.952873,-0.676496,-3.35882,-1.26823,-0.252672,-0.174816,-1.8309,-0.913612,0.0615911,-2.07628,1.27801,0.177852,-1.38128,-0.189948,1.15861,-3.0493,0.36703
-0.148584,0.497161,-0.961962,3.78938,0.325882,0.352785,0.10948,0.0966805,0.121034,1.10164,1.55529,-0.649711,-0.763824,0.127579,1.72601,1.78263,0.798219,0.542516,-0.984938,-1.09565
0.799215,-1.25089,0.205669,0.055238,1.59566,-0.261145,0.545779,-0.94938,0.295365,-1.15553,-1.36675,-0.90902,-1.12362,0.343259,-1.01961,-0.746577,-0.0885497,-1.63937,0.238305,2.52102
0.346487,0.614468,0.523896,0.683345,1.47155,2.37098,-0.541618,0.360708,0.912286,-0.560969,-0.730002,0.954008,1.55532,0.846997,0.297715,-1.02047,-0.935563,1.46094,-0.396759,0.578515
0.899542,0.345143,-1.07324,0.215774,0.328692,-0.175032,2.9508,-4.41841,-0.718428,-0.201549,-1.48418,-3.71247,-1.26377,-1.38118,0.917269,-0.531905,0.210118,0.154865,0.837249,2.18039
0.913544,1.34145,-0.221882,0.941938,0.974532,1.12263,-3.59176,-0.3976,0.190952,-0.466229,-3.38027,-0.0541256,-1.00675,-0.950161,2.57511,-1.33636,-0.932735,0.325503,1.37493,0.0620209
1.66786,-0.209616,-3.70332,1.03371,-1.12891,1.21403,1.33809,0.16557,-1.02188,-0.637492,-0.628897,0.315712,-0.220212,-0.101467,0.836046,0.683572,-0.212835,-0.0222565,0.683854,1.36662
-1.07191,-1.07063,1.4367,2.08719,0.561711,-0.831512,0.277938,1.67763,-0.522055,-1.01785,1.25639,-0.296491,-1.19045,0.58385,-1.55091,-0.141366,1.19252,-1.04909,0.23757,-0.23619
-1.45779,-1.01012,1.91051,0.209889,0.14313,-0.378123,2.30239,-0.447873,-0.502194,3.66847,2.28469,-0.260665,0.69716,1.11619,-1.76997,-0.572872,-0.873407,-1.24086,1.54488,0.796076
0.740664,-1.07671,2.30575,1.53672,1.71066,-0.52723,-1.71953,2.48488,1.31497,-1.22776,-0.991599,2.42176,-2.70064,0.727823,0.0854405,-1.57193,-0.971265,-1.44708,-2.0652,1.33857