-0.653084,0.732649,-1.39102,2.20724,1.19308,-0.931898,-0.535129,0.722621,1.10462,-0.171274,-0.556989,-2.33108,-2.70986,-0.191752,0.493518,-0.00957265,-0.222627,-1.09467,-2.36169,-0.0138543
-2.78952,-0.10735,0.395991,1.01764,-0.140601,1.24592,0.251911,0.0485745,0.00979778,1.64281,1.43135,-0.000943856,0.645903,1.00916,-2.34211,-0.274391,0.0829496,-0.579071,0.178703,0.663648
0.831402,0.236424,0.442227,0.655379,0.383529,-0.79814,-2.6501,-0.756517,0.0325696,-0.663695,-0.809289,-0.0616589,-1.67377,-1.43801,0.0882386,-1.4356,-1.01965,-1.3711,0.273211,0.469372
1.48131,-0.314334,-0.604099,2.72206,0.825275,0.364792,0.246497,0.0492429,0.221576,0.139568,1.14264,0.185934,-3.3262,-0.665866,0.652648,1.13982,1.67516,2.37317,-0.728085,1.05538
1.17897,1.43922,-1.46674,0.923879,-1.12513,0.89835,-2.90009,-0.323722,-1.01276,0.756451,-1.65419,0.090336,-0.794424,-1.67509,1.57,-2.52892,-0.317306,1.14251,-1.38999,0.192269
1.21527,1.84988,-1.76194,0.923011,-0.660515,-2.2278,-1.29287,-0.252472,-0.19529,-1.8486,-0.866882,0.0723347,-2.0924,1.10175,0.164308,-1.33447,-0.188293,1.1548,-3.09873,0.378919
-0.148821,0.124903,-0.625433,3.78001,0.295528,0.349964,0.085156,0.127524,0.0855529,1.11632,1.55505,-0.685745,-0.697403,0.107475,1.73259,1.80961,0.812315,0.168731,-0.697307,-1.10013
0.670222,-1.24891,0.210781,0.0809955,1.5904,-0.265452,0.574747,-0.919065,0.289059,-1.12893,-1.37998,-0.919299,-1.06136,0.306588,-1.00203,-0.662217,-0.0999844,-1.6839,0.242722,2.58025
0.302536,0.621922,0.531406,0.666442,1.50989,1.77566,-0.544386,0.323717,0.919454,-0.556955,-0.586323,0.962281,1.49147,0.867673,0.264291,-1.05306,-0.659683,1.49671,-0.384366,0.567933
0.807273,0.330349,-1.09398,0.206958,0.340345,-0.185794,2.84897,-4.27323,-0.723351,-0.193946,-1.50222,-2.91868,-1.24619,-1.3806,0.911217,-0.497696,0.199645,0.138069,0.852433,2.16739
0.809747,1.38425,-0.242196,0.909589,0.978191,1.19073,-2.66809,-0.409615,0.18243,-0.473584,-2.24826,-0.0419583,-0.965612,-0.986556,2.61841,-1.31688,-0.971597,0.314831,1.19986,0.0560062
1.54035,-0.217418,-3.73285,1.01824,-1.11131,1.2187,1.33608,0.116737,-1.03485,-0.513873,-0.63232,0.282729,-0.233726,-0.100171,0.855852,0.638583,-0.229411,-0.0118999,0.69292,1.36915
-1.09388,-1.09208,1.43161,1.95484,0.570784,-0.852854,0.293854,1.68521,-0.542573,-0.960073,1.28543,-0.288952,-1.17925,0.594084,-1.50057,-0.128449,1.20521,-1.09909,0.213762,-0.223983
-1.51481,-0.732666,1.91113,0.212324,0.145852,-0.399204,1.58312,-0.429631,-0.521346,3.69369,1.56478,-0.250613,0.622577,1.14246,-1.78666,-0.448078,-0.525144,-1.15649,1.54998,0.775666
0.775849,-1.11397,2.1385,1.54515,1.72029,-0.544464,-1.73807,1.95897,1.32661,-1.18273,-1.03555,1.89283,-2.72292,0.747242,0.0861587,-1.59888,-0.984212,-1.51472,-2.07901,1.33075