-0.644466,0.785906,-1.37133,2.26623,1.23603,-0.924823,-0.525059,0.73065,1.14918,-0.145847,-0.571844,-2.3015,-2.67926,-0.203812,0.485581,-0.00412629,-0.22323,-1.07774,-2.34465,-0.00563935
-2.87825,-0.0905563,0.39158,1.00014,-0.144231,1.22375,0.231774,0.0250364,-0.00256511,1.62188,1.4079,-0.0115498,0.628572,1.03401,-2.31333,-0.273237,0.124499,-0.657536,0.178845,0.667332
0.87625,0.264388,0.437329,0.657344,0.374216,-0.79853,-2.62157,-0.752359,0.0533285,-0.668683,-0.832633,-0.0562807,-1.65986,-1.44044,0.08236,-1.44793,-1.00961,-1.36664,0.264848,0.473045
1.54073,-0.316052,-0.685907,2.69855,0.836426,0.389518,0.248752,0.0628533,0.226814,0.168569,1.14484,0.19645,-3.29688,-0.702479,0.638987,1.14601,1.6538,2.35095,-0.797177,1.0488
1.26095,1.49185,-1.45849,0.916556,-1.1319,0.906553,-3.0872,-0.322808,-1.01776,0.766568,-1.64364,0.0833435,-0.782687,-1.64623,1.56503,-2.51479,-0.29724,1.12809,-1.37917,0.198624
1.29213,1.81906,-1.74529,0.927958,-0.673761,-2.51447,-1.27866,-0.25435,-0.185338,-1.8352,-0.887834,0.0647129,-2.08102,1.16534,0.170792,-1.35332,-0.186099,1.15197,-3.06418,0.369895
-0.145917,0.173617,-0.699682,3.76824,0.31046,0.348593,0.0910376,0.108781,0.104271,1.10566,1.54713,-0.661876,-0.712135,0.118297,1.72274,1.79043,0.802992,0.211246,-0.763741,-1.09396
0.721304,-1.25122,0.208726,0.0697912,1.58611,-0.262294,0.551887,-0.928776,0.2875,-1.14013,-1.37311,-0.907659,-1.09127,0.329113,-1.00974,-0.688024,-0.0874919,-1.65523,0.241249,2.53966
0.32086,0.615716,0.524973,0.66911,1.48505,1.91873,-0.53925,0.335846,0.912651,-0.554506,-0.641061,0.951576,1.51309,0.855962,0.278292,-1.0357,-0.724247,1.47105,-0.390567,0.576099
0.838225,0.33494,-1.0798,0.207603,0.332809,-0.17851,2.8624,-4.27929,-0.716348,-0.192853,-1.48389,-3.10311,-1.24685,-1.38129,0.914802,-0.51477,0.200216,0.145212,0.840642,2.16117
0.842274,1.36106,-0.232994,0.912744,0.973509,1.15187,-2.88798,-0.399879,0.184555,-0.469408,-2.53606,-0.051392,-0.98719,-0.959091,2.59132,-1.31962,-0.947384,0.314537,1.262,0.0595337
1.58479,-0.213309,-3.69962,1.02036,-1.11893,1.21388,1.33628,0.133083,-1.02329,-0.560694,-0.627147,0.293723,-0.222768,-0.102195,0.846893,0.655808,-0.221216,-0.0175263,0.685837,1.3639
-1.07999,-1.08445,1.42554,2.00308,0.5614,-0.839968,0.286169,1.67866,-0.530556,-0.98822,1.26316,-0.293085,-1.17731,0.584026,-1.52208,-0.136539,1.19496,-1.06455,0.227715,-0.233498
-1.47628,-0.794724,1.9029,0.214107,0.143458,-0.391465,1.76364,-0.438028,-0.509876,3.66933,1.74669,-0.256311,0.653039,1.12561,-1.77718,-0.494944,-0.611358,-1.17626,1.54597,0.781845
0.752338,-1.09616,2.20211,1.534,1.70477,-0.532511,-1.72096,2.08337,1.31454,-1.20114,-1.00566,2.02252,-2.69991,0.732302,0.0857501,-1.58379,-0.971687,-1.47114,-2.06649,1.32951