-0.641572,0.816371,-1.3609,2.30448,1.26631,-0.921814,-0.521904,0.733631,1.1799,-0.138725,-0.578249,-2.2958,-2.67384,-0.208473,0.484218,-0.00277743,-0.223101,-1.07277,-2.34148,-0.00188579
-2.93251,-0.0818776,0.390301,0.996729,-0.144187,1.21379,0.223533,0.0144785,-0.00743397,1.61964,1.40126,-0.0165277,0.623457,1.04944,-2.30704,-0.276522,0.162965,-0.716373,0.180904,0.672194
0.901633,0.281266,0.435255,0.659345,0.372293,-0.796542,-2.61574,-0.752127,0.0621157,-0.671712,-0.85116,-0.0551963,-1.65984,-1.44293,0.0832932,-1.45644,-1.00663,-1.36902,0.259367,0.476728
1.57618,-0.31617,-0.747918,2.69697,0.839769,0.401297,0.252312,0.0709814,0.227523,0.181214,1.14964,0.202973,-3.29209,-0.726001,0.634126,1.15209,1.64904,2.34739,-0.850057,1.04587
1.30715,1.52461,-1.45791,0.916457,-1.13435,0.911044,-3.23208,-0.323553,-1.01968,0.770028,-1.64201,0.0810218,-0.78025,-1.63897,1.56993,-2.51509,-0.290168,1.12331,-1.37903,0.200551
1.3364,1.81007,-1.74211,0.934417,-0.67619,-2.72362,-1.2737,-0.254079,-0.180135,-1.83247,-0.89847,0.0624988,-2.07935,1.20256,0.173921,-1.36468,-0.187457,1.15484,-3.0554,0.367182
-0.146092,0.214146,-0.759687,3.77408,0.317802,0.348769,0.0961675,0.102532,0.112572,1.10324,1.54883,-0.653768,-0.72769,0.12303,1.7226,1.78609,0.799752,0.251192,-0.814947,-1.0938
0.751127,-1.25126,0.206895,0.0642677,1.58907,-0.261509,0.546572,-0.936758,0.289728,-1.14604,-1.37147,-0.9048,-1.10589,0.337786,-1.01377,-0.706598,-0.0859375,-1.64511,0.240601,2.52785
0.330682,0.614628,0.523334,0.671966,1.47727,2.02953,-0.539097,0.343647,0.910689,-0.556258,-0.673128,0.95092,1.52644,0.85174,0.286007,-1.0295,-0.773554,1.46438,-0.394116,0.578826
0.858668,0.338707,-1.0766,0.209334,0.330498,-0.175942,2.88173,-4.30763,-0.716491,-0.194496,-1.48184,-3.24778,-1.25152,-1.38147,0.91692,-0.521481,0.204332,0.149027,0.838462,2.16713
0.86627,1.35191,-0.228743,0.920424,0.973905,1.13777,-3.05733,-0.397948,0.187065,-0.466893,-2.74562,-0.0535295,-0.996624,-0.951205,2.58459,-1.32521,-0.938858,0.318342,1.30048,0.0601093
1.6148,-0.211756,-3.69677,1.02391,-1.12339,1.21454,1.33724,0.143247,-1.02124,-0.588246,-0.627208,0.300836,-0.219369,-0.102477,0.842148,0.665186,-0.217442,-0.0202592,0.684237,1.36502
-1.07586,-1.07845,1.42829,2.03415,0.559914,-0.835993,0.283216,1.67833,-0.525848,-1.00087,1.25837,-0.294892,-1.1803,0.581934,-1.5339,-0.138368,1.1932,-1.0551,0.232947,-0.235147
-1.4656,-0.844525,1.9051,0.213831,0.142123,-0.386793,1.89601,-0.441857,-0.506078,3.66669,1.87956,-0.257991,0.668493,1.1185,-1.77282,-0.522771,-0.675059,-1.19274,1.54563,0.787496
0.745168,-1.08619,2.24129,1.53348,1.70457,-0.529198,-1.71933,2.17982,1.31214,-1.21204,-0.995482,2.11907,-2.69799,0.729172,0.0873044,-1.57658,-0.967699,-1.45601,-2.06543,1.33334