-0.640402,0.834598,-1.35582,2.32879,1.28731,-0.919878,-0.520718,0.734714,1.20109,-0.136516,-0.581318,-2.29442,-2.67285,-0.210609,0.484467,-0.00269183,-0.223191,-1.07122,-2.34047,-0.000779764
-2.96651,-0.0772141,0.390111,0.995898,-0.14386,1.20962,0.21998,0.00921335,-0.00924037,1.62009,1.39812,-0.0193152,0.621888,1.05902,-2.30549,-0.279518,0.197634,-0.761629,0.182638,0.67564
0.917183,0.290915,0.434354,0.660605,0.372255,-0.795098,-2.61403,-0.752532,0.0658447,-0.673423,-0.864586,-0.055057,-1.66168,-1.44376,0.0846363,-1.46207,-1.00586,-1.37058,0.256646,0.478622
1.59792,-0.316278,-0.795243,2.69767,0.84052,0.407261,0.255515,0.076323,0.227589,0.187239,1.15369,0.207147,-3.29104,-0.741556,0.632556,1.15708,1.64762,2.34672,-0.890254,1.04491
1.33421,1.54517,-1.45811,0.917284,-1.13549,0.913095,-3.34356,-0.323991,-1.02051,0.771243,-1.64338,0.0801976,-0.780112,-1.63653,1.57645,-2.51676,-0.287283,1.1212,-1.37989,0.201444
1.36289,1.80671,-1.74113,0.939911,-0.676446,-2.8794,-1.27158,-0.253583,-0.177799,-1.83154,-0.904379,0.0618836,-2.07846,1.22626,0.175525,-1.37135,-0.188463,1.15661,-3.05235,0.366677
-0.14666,0.249535,-0.80681,3.77949,0.321757,0.349222,0.100177,0.100228,0.116569,1.10249,1.55079,-0.65097,-0.739317,0.125142,1.72329,1.78462,0.798563,0.287392,-0.854577,-1.0943
0.769024,-1.25093,0.206109,0.0615414,1.59141,-0.261496,0.545614,-0.941671,0.291718,-1.14948,-1.37029,-0.90498,-1.11323,0.341144,-1.01596,-0.719381,-0.0862236,-1.64143,0.240074,2.52381
0.336115,0.614639,0.523039,0.674516,1.47439,2.11332,-0.539745,0.34888,0.910366,-0.557777,-0.69288,0.951563,1.53486,0.850021,0.290488,-1.02647,-0.811774,1.46227,-0.395564,0.579298
0.872361,0.341099,-1.07536,0.210953,0.329758,-0.175021,2.89779,-4.33333,-0.717087,-0.196141,-1.48205,-3.35933,-1.25554,-1.3814,0.917927,-0.524749,0.206764,0.151159,0.837957,2.17174
0.882423,1.34777,-0.226499,0.927006,0.974253,1.13159,-3.18666,-0.397507,0.188724,-0.465775,-2.90146,-0.0539756,-1.00113,-0.949281,2.58157,-1.32958,-0.935538,0.321203,1.32481,0.0605809
1.63424,-0.210985,-3.69804,1.02696,-1.1256,1.21481,1.33759,0.150029,-1.02098,-0.605355,-0.62764,0.305569,-0.218655,-0.102178,0.839716,0.670905,-0.215547,-0.0214154,0.683818,1.36584
-1.07415,-1.07497,1.43101,2.05397,0.560324,-0.834326,0.281647,1.67823,-0.523878,-1.00761,1.25704,-0.295575,-1.18316,0.582014,-1.54058,-0.13895,1.19286,-1.05222,0.235215,-0.235435
-1.46173,-0.883335,1.90726,0.213092,0.141844,-0.383884,1.99513,-0.444141,-0.504444,3.66673,1.97864,-0.258881,0.677423,1.11581,-1.77103,-0.540059,-0.722973,-1.20468,1.54545,0.791169
0.742527,-1.08136,2.26569,1.53427,1.70606,-0.528229,-1.71945,2.25342,1.31216,-1.21834,-0.992258,2.19228,-2.69849,0.7285,0.0880021,-1.57346,-0.966808,-1.45063,-2.06536,1.33577