-0.639852,0.845868,-1.3534,2.34407,1.30177,-0.918664,-0.520196,0.735198,1.21564,-0.13574,-0.5829,-2.29393,-2.67274,-0.211692,0.484886,-0.00297583,-0.223398,-1.0707,-2.33998,-0.000588986
-2.98812,-0.0746335,0.390275,0.995673,-0.143712,1.20789,0.218301,0.00630913,-0.00995258,1.62077,1.3962,-0.0210893,0.621376,1.06504,-2.30508,-0.281673,0.228642,-0.796658,0.183764,0.677786
0.926993,0.296488,0.433976,0.661396,0.372533,-0.794241,-2.61331,-0.753026,0.0674949,-0.674432,-0.873854,-0.0550478,-1.66334,-1.44396,0.0855824,-1.46567,-1.00579,-1.37134,0.255365,0.479389
1.61144,-0.316429,-0.831484,2.69838,0.840442,0.410407,0.257973,0.0799736,0.227543,0.190297,1.15663,0.209919,-3.29073,-0.751853,0.632181,1.1608,1.64707,2.34658,-0.920974,1.04486
1.35042,1.55816,-1.45835,0.917963,-1.13613,0.913913,-3.42882,-0.324133,-1.0209,0.771612,-1.64534,0.0798365,-0.780519,-1.63543,1.58199,-2.51808,-0.285885,1.1201,-1.38056,0.202025
1.37903,1.80515,-1.74066,0.943924,-0.676378,-2.99656,-1.27049,-0.253211,-0.176645,-1.83115,-0.90785,0.0617166,-2.07781,1.24201,0.176409,-1.37525,-0.189003,1.15751,-3.05105,0.366762
-0.147164,0.280962,-0.843312,3.78314,0.323893,0.349703,0.103098,0.0991781,0.118607,1.10219,1.55215,-0.649956,-0.747306,0.126145,1.72391,1.78395,0.798121,0.31984,-0.885194,-1.09466
0.779993,-1.25071,0.205887,0.0600276,1.59286,-0.261585,0.545617,-0.94457,0.293058,-1.15159,-1.36934,-0.905885,-1.11715,0.342473,-1.01716,-0.727988,-0.0866854,-1.64008,0.239657,2.5223
0.339262,0.614752,0.523083,0.676534,1.47315,2.17649,-0.540362,0.35247,0.910538,-0.5588,-0.705464,0.952237,1.54036,0.849141,0.293122,-1.02469,-0.841294,1.4615,-0.396182,0.579165
0.881434,0.342569,-1.07467,0.212187,0.329458,-0.174683,2.91035,-4.3537,-0.717525,-0.197435,-1.48252,-3.44467,-1.25831,-1.38129,0.918246,-0.526732,0.208025,0.152446,0.837773,2.17465
0.892997,1.34562,-0.225184,0.931708,0.97442,1.12837,-3.28503,-0.39738,0.189712,-0.465382,-3.01857,-0.0540481,-1.00347,-0.949007,2.5797,-1.33236,-0.934093,0.322947,1.34064,0.0610459
1.64659,-0.210557,-3.69947,1.02917,-1.12673,1.21478,1.33774,0.154667,-1.02107,-0.616282,-0.627992,0.308792,-0.218715,-0.101875,0.838435,0.67459,-0.2145,-0.0218987,0.683709,1.3662
-1.07327,-1.07312,1.4329,2.06647,0.560928,-0.833424,0.280644,1.67809,-0.523002,-1.01147,1.25657,-0.295885,-1.18534,0.582463,-1.5445,-0.139314,1.19278,-1.05109,0.236323,-0.235565
-1.46002,-0.913327,1.9086,0.212385,0.141961,-0.381999,2.06991,-0.445588,-0.503609,3.66705,2.05324,-0.259468,0.68302,1.11497,-1.77038,-0.551094,-0.759313,-1.2135,1.5453,0.793307
0.74143,-1.07909,2.28089,1.53502,1.70737,-0.527915,-1.7196,2.30939,1.31271,-1.22199,-0.991328,2.24792,-2.69908,0.728332,0.088042,-1.57219,-0.967003,-1.44861,-2.06532,1.33703