-0.639558,0.852985,-1.35224,2.35363,1.31174,-0.917913,-0.519931,0.735459,1.22564,-0.135437,-0.583754,-2.29367,-2.67281,-0.212274,0.485185,-0.0033183,-0.223617,-1.07051,-2.3397,-0.000657859
-3.00203,-0.0731729,0.390513,0.995612,-0.143688,1.20718,0.217404,0.00457816,-0.0102667,1.62135,1.39492,-0.022297,0.621202,1.06895,-2.305,-0.283142,0.256328,-0.823748,0.18444,0.67905
0.933266,0.299796,0.43383,0.661901,0.37277,-0.79376,-2.6129,-0.753463,0.0682621,-0.675064,-0.88013,-0.0550315,-1.66459,-1.44397,0.0861987,-1.46793,-1.00589,-1.37172,0.254762,0.479617
1.61994,-0.316554,-0.85928,2.69891,0.840135,0.412101,0.259742,0.0824989,0.227472,0.191917,1.15868,0.211809,-3.29062,-0.758662,0.632216,1.16352,1.64681,2.34656,-0.944528,1.04514
1.36027,1.56642,-1.45856,0.918391,-1.13654,0.914167,-3.49383,-0.324144,-1.02108,0.771649,-1.64715,0.0796374,-0.781009,-1.63482,1.58617,-2.51897,-0.285094,1.11948,-1.381,0.202428
1.38897,1.80429,-1.74039,0.946675,-0.676316,-3.08512,-1.26983,-0.252971,-0.176005,-1.83097,-0.909949,0.0616717,-2.07736,1.25272,0.176915,-1.37756,-0.189295,1.15798,-3.05041,0.366929
-0.147549,0.309012,-0.871442,3.78546,0.325018,0.35015,0.105161,0.0985773,0.119675,1.10205,1.55306,-0.649578,-0.752656,0.126662,1.72442,1.78358,0.797967,0.34883,-0.90881,-1.09488
0.786815,-1.2506,0.205883,0.0590584,1.59375,-0.261627,0.545753,-0.946303,0.293896,-1.15291,-1.36863,-0.906774,-1.11937,0.343005,-1.01785,-0.733739,-0.0870769,-1.6396,0.239341,2.52168
0.341188,0.614797,0.523186,0.67806,1.47253,2.22418,-0.540818,0.354966,0.910832,-0.559474,-0.713643,0.952771,1.5441,0.848577,0.294675,-1.02354,-0.864008,1.46119,-0.396473,0.57895
0.887392,0.343488,-1.07423,0.213066,0.329286,-0.174577,2.92004,-4.36938,-0.717817,-0.198411,-1.48295,-3.50974,-1.26012,-1.3812,0.91822,-0.528112,0.208707,0.153266,0.837662,2.17648
0.899855,1.34435,-0.224355,0.934876,0.974499,1.12648,-3.35976,-0.397339,0.190282,-0.465319,-3.10705,-0.0540503,-1.00476,-0.949134,2.57841,-1.33403,-0.933408,0.323973,1.35117,0.0614113
1.65436,-0.210298,-3.70055,1.03067,-1.12737,1.21467,1.33782,0.157881,-1.02122,-0.623363,-0.628253,0.311009,-0.21895,-0.101677,0.837719,0.677041,-0.21387,-0.0221077,0.683693,1.36637
-1.07276,-1.07217,1.43413,2.07429,0.561357,-0.832861,0.279944,1.67797,-0.522584,-1.01376,1.25639,-0.296066,-1.18688,0.582857,-1.54684,-0.139637,1.19273,-1.05051,0.236901,-0.23568
-1.45915,-0.936426,1.90939,0.211814,0.142173,-0.380753,2.12652,-0.446504,-0.503128,3.66733,2.10968,-0.259861,0.686726,1.11484,-1.77018,-0.558252,-0.786997,-1.22013,1.54519,0.794498
0.740942,-1.07801,2.29035,1.53556,1.70833,-0.52778,-1.71967,2.35194,1.31328,-1.22413,-0.99112,2.29021,-2.69952,0.728251,0.0877892,-1.57172,-0.967534,-1.44781,-2.06527,1.33767