-0.639383,0.857546,-1.35165,2.3596,1.31865,-0.917442,-0.519778,0.735618,1.23254,-0.135314,-0.584229,-2.29351,-2.6729,-0.212598,0.48536,-0.00362219,-0.223811,-1.07043,-2.33952,-0.000779797
-3.01112,-0.0723309,0.390727,0.995598,-0.143713,1.20691,0.216859,0.00348729,-0.010422,1.62178,1.39403,-0.0231447,0.621143,1.07157,-2.30501,-0.284131,0.281055,-0.844647,0.184833,0.679768
0.937315,0.301811,0.433788,0.662225,0.372924,-0.7935,-2.61262,-0.753809,0.0686345,-0.675481,-0.884357,-0.0550049,-1.66549,-1.44395,0.0866068,-1.46936,-1.00599,-1.37193,0.254473,0.479618
1.62536,-0.316625,-0.880609,2.69929,0.839802,0.413019,0.26098,0.084251,0.227398,0.192805,1.16012,0.213117,-3.29058,-0.763169,0.632372,1.1655,1.64667,2.34658,-0.962606,1.04551
1.3663,1.57173,-1.45873,0.918633,-1.13682,0.914185,-3.54333,-0.324111,-1.02117,0.771566,-1.64862,0.0795109,-0.781458,-1.63442,1.58917,-2.51955,-0.284596,1.11911,-1.38129,0.202699
1.39514,1.80377,-1.74021,0.948515,-0.676291,-3.15223,-1.2694,-0.25282,-0.175617,-1.8309,-0.911244,0.0616592,-2.07704,1.2601,0.177213,-1.37895,-0.189469,1.15824,-3.05005,0.367052
-0.147831,0.334081,-0.893078,3.78692,0.325585,0.350549,0.106597,0.0981721,0.12024,1.10196,1.55367,-0.649444,-0.756219,0.126953,1.7248,1.78334,0.797927,0.37471,-0.927003,-1.09501
0.791105,-1.25058,0.205935,0.0583615,1.59432,-0.261617,0.545851,-0.947368,0.294409,-1.15376,-1.3681,-0.90747,-1.12071,0.343214,-1.01827,-0.737588,-0.087389,-1.63944,0.239104,2.5214
0.342438,0.614785,0.523285,0.679203,1.47218,2.26027,-0.541128,0.356714,0.911126,-0.559926,-0.719019,0.953163,1.54673,0.848163,0.295602,-1.02276,-0.881442,1.46105,-0.39662,0.578779
0.89129,0.344078,-1.07394,0.213681,0.32916,-0.174571,2.92747,-4.38136,-0.718012,-0.199143,-1.48328,-3.55928,-1.26128,-1.38114,0.918057,-0.529127,0.209112,0.153805,0.837575,2.17768
0.904296,1.34354,-0.223805,0.936976,0.974535,1.1253,-3.41653,-0.397333,0.190603,-0.465393,-3.17409,-0.0540465,-1.0055,-0.949325,2.57751,-1.33501,-0.933066,0.324585,1.3583,0.0616591
1.65925,-0.210129,-3.70132,1.03165,-1.12777,1.21454,1.33787,0.16013,-1.02135,-0.627996,-0.628444,0.312539,-0.219189,-0.101569,0.837286,0.678717,-0.213468,-0.0222022,0.683707,1.36644
-1.07245,-1.07166,1.43493,2.07917,0.561601,-0.832484,0.279437,1.67788,-0.52237,-1.01516,1.25632,-0.29619,-1.18795,0.583139,-1.54828,-0.139931,1.19269,-1.05014,0.237211,-0.235781
-1.45867,-0.954187,1.90985,0.211376,0.142378,-0.379917,2.16948,-0.447077,-0.502828,3.66755,2.15251,-0.260122,0.689285,1.11497,-1.77016,-0.562949,-0.808131,-1.22518,1.5451,0.795147
0.740717,-1.07747,2.29622,1.53593,1.70901,-0.527692,-1.71968,2.38431,1.31373,-1.22541,-0.991126,2.32236,-2.69984,0.728179,0.0874492,-1.57159,-0.968121,-1.44746,-2.06523,1.33801