0.300962,-4.52164,0.320887,-0.192878,-0.103404,-2.71277,-2.38859,0.263692,-0.00266351,-0.273721,-0.338318,-3.43545,-0.46337,-1.24707,0.151738,0.271605,-0.0776288,-1.85834,0.204697,-0.0398526
-0.232864,-0.360952,0.318156,0.839849,-0.0355922,0.509177,0.170052,0.0296409,-0.0538231,2.91558,2.92092,-2.11494,0.369239,-0.846727,0.29639,-0.0152039,-0.229343,0.0345796,1.72865,1.10975
-0.395292,-0.834864,-1.0475,0.161548,0.137773,0.0736893,-3.56353,-0.356537,-1.91237,-0.0657873,-0.161749,-2.98894,-2.35356,-1.46769,-0.376199,0.121763,-1.16853,-0.0290878,-0.338575,1.13522
0.387482,0.0569512,-0.0971663,-0.317926,3.08109,-0.124944,-0.389743,2.94773,0.0772232,-0.224351,-0.0499318,0.279678,-3.81908,0.116283,2.47777,-0.159388,0.150744,-0.32304,-3.89837,0.283982
-3.63332,0.119918,-3.04218,2.19016,3.10128,0.0112505,-2.87407,-0.239884,0.0710956,-4.08041,-4.22513,-0.0969291,0.153948,-1.29021,0.050918,-3.54565,0.0620491,0.134981,-0.337585,0.165101
-4.2467,-0.181719,0.135748,0.123059,0.314533,-0.229706,-3.30649,-2.88554,-0.905862,-2.67002,-2.86376,-0.397274,0.237914,0.00259331,-3.40674,-0.329713,-0.0514363,-0.14103,0.123472,0.350761
2.09363,-0.130449,2.92705,-0.385018,2.05403,-0.0163462,-4.10002,0.180194,-0.0569955,3.39136,0.0646209,0.0351678,-0.0612107,0.076974,0.35564,0.579339,-0.11007,0.0153054,-3.72773,0.0667422
-0.349111,3.69016,0.0746793,-0.0265012,3.09806,-0.291735,1.50991,0.0382552,0.341873,-0.276256,0.285397,3.96751,-0.325494,-0.0732845,-0.491861,-3.4075,0.117261,1.37594,0.0486635,-0.11526
-4.03522,0.506937,-3.37385,-0.155535,3.46626,4.13363,-3.0719,0.181644,1.15157,-0.450571,-0.0590135,0.0412601,-0.0909434,0.517458,-0.184271,-2.67045,0.988536,3.68654,-3.94363,0.23045
-1.99717,3.52702,0.0991228,0.206355,1.73282,0.521104,2.20062,-4.13034,0.189882,0.502338,-2.44951,3.48875,1.84027,0.887056,-0.264919,-0.623374,-0.0924397,0.285197,0.2101,1.91069
-0.42861,0.265871,-0.0294135,-0.0708099,3.42426,2.80295,-2.78341,3.70425,1.42647,1.96496,2.99062,2.39575,-2.71387,1.99002,-0.310571,1.93292,-0.0995689,0.243908,0.0093086,-0.151951
-2.73585,-0.0472922,-0.138837,1.42559,0.315846,2.70162,-0.106425,0.0323965,-0.0881677,0.0276432,-0.0150315,-0.29022,0.300041,-0.171569,0.11515,-0.187409,0.182439,-0.123447,0.0482443,0.285162
-2.21898,0.244278,0.123261,-0.0555394,-1.46776,-0.42157,-0.0569303,3.23503,0.579152,-0.283161,-0.054773,0.292658,-0.146017,1.18829,-0.210306,3.59805,-0.806906,0.116162,0.0172037,-0.183419
-2.8004,0.073433,2.39035,2.53906,0.247893,-0.0216792,-0.683467,1.97556,0.367252,0.157873,2.97855,-1.42537,-0.193706,0.371432,-0.0268484,1.79747,-0.0334401,-0.346226,0.417339,-0.0924831
3.88846,0.424825,-0.103864,2.7394,0.248638,-0.456794,0.424709,0.412687,0.137299,-0.178475,2.80877,3.28899,-3.2128,0.177366,2.83808,3.37183,-0.230832,0.102952,-1.62211,-0.141648