1.01456,-2.82812,0.378575,-0.624266,-0.428001,-1.66838,-1.53595,0.575246,-0.55799,-0.342251,-0.125231,-1.87106,-0.862119,-0.807708,0.172181,0.289572,-0.182462,-1.02765,0.0437309,-0.243929
-0.0871132,-0.70406,0.89564,0.507246,-0.0243851,1.10577,0.687641,0.0794576,0.014902,1.85278,1.86206,-1.36106,0.471946,-0.544884,0.399086,-0.251442,-0.423843,-0.210894,1.00518,0.717492
-0.889834,-1.59514,-0.608477,0.141395,0.336265,0.239572,-2.13105,-0.409254,-1.15884,-0.272521,-0.584981,-1.79479,-1.42948,-0.920577,-0.184048,0.0815527,-0.815968,0.0471614,-0.795396,0.722163
0.672904,0.14386,-0.184137,-0.0816327,1.83541,0.0938431,-0.910873,1.76656,0.138805,0.0975427,-0.148816,0.390632,-2.34193,-0.116884,1.59111,-0.284033,0.309007,-0.401086,-2.36967,0.332967
-2.11054,0.473359,-1.86267,1.38167,2.05259,-0.0637849,-1.72462,-0.476241,0.0102666,-2.45443,-2.64335,-0.25287,0.0176356,-0.695749,0.0958823,-2.11049,0.567358,0.40769,-1.00317,0.376592
-2.65345,-0.434746,0.195232,0.0893313,0.532976,-0.246573,-2.04551,-1.88807,-0.575717,-1.58278,-1.82297,-0.803303,0.297039,-0.0289015,-2.05526,-0.699956,0.111289,-0.0622161,0.19938,0.414752
1.27281,-0.387353,1.81319,-0.663904,1.24104,0.0924919,-2.48366,0.807538,0.294852,2.19844,0.0331615,0.0834813,-0.711597,0.343371,0.743263,0.956166,-0.116559,-0.28749,-2.22522,-0.015049
-0.747735,2.1587,0.283578,0.414175,1.93966,-0.420856,0.915847,0.101744,0.481806,-0.57714,0.472704,2.43155,-0.378287,-0.0975392,-0.338412,-2.10088,-0.012329,0.927758,0.304998,0.11923
-2.43483,1.01907,-1.92894,-0.0245302,2.0616,2.55057,-1.81527,0.241213,0.691982,-0.847187,-0.324519,-0.00969099,-0.348998,0.271608,-0.0739119,-1.66979,0.638801,2.38931,-2.40443,0.57187
-1.21794,2.14027,0.265494,0.702169,1.09505,1.06537,1.36323,-2.57621,0.0817807,0.565657,-1.43032,2.05772,1.09399,0.647209,-0.70783,-1.43786,-0.0573843,0.655677,0.604955,1.30718
-1.02337,0.767823,0.760335,-0.0732542,2.08996,1.70851,-1.81993,2.2457,0.902413,1.15017,1.69576,1.33322,-1.6775,1.30716,-0.444253,1.14356,-0.211378,0.57424,-0.612734,-0.193095
-1.7851,-0.0808776,-0.552752,0.839298,0.600486,1.63178,-0.207428,-0.290914,-0.0131389,-0.124212,-0.0932213,-0.936602,0.248724,-0.295333,-0.000823185,-0.588068,0.289298,-0.081635,0.107112,0.783717
-1.39755,0.434672,0.158688,-0.407125,-1.0393,-0.713578,-0.219527,2.01365,0.342729,-0.516596,0.000379307,0.268589,-0.688744,0.82123,-0.536247,2.20616,-0.520553,0.0582484,0.0860074,-0.457368
-1.73055,0.0854026,1.567,1.5737,0.772185,0.0244909,-0.352085,1.1592,0.673239,0.151653,1.85313,-1.03285,-0.498546,0.45557,-0.338617,1.06559,-0.273709,-0.63792,0.442818,0.199006
2.33735,0.619303,-0.461781,1.79411,0.274979,-0.717539,1.04099,1.19053,0.25166,-0.351874,1.82989,2.02881,-1.93366,0.191208,1.65798,2.01274,-0.658409,0.113192,-0.972135,-0.636624