1.03827,-2.82882,0.378756,-0.654717,-0.4409,-1.66805,-1.5362,0.578589,-0.578879,-0.334531,-0.125689,-1.87093,-0.870273,-0.806984,0.175609,0.289135,-0.194888,-1.02729,0.0367462,-0.253902
-0.0785371,-0.70349,0.905297,0.50791,-0.0167561,1.11694,0.704771,0.0794478,0.0147264,1.85349,1.86171,-1.36086,0.470769,-0.545773,0.400419,-0.265096,-0.422602,-0.22159,1.00533,0.716666
-0.902659,-1.61559,-0.608585,0.133351,0.336355,0.239823,-2.1311,-0.409607,-1.15873,-0.280563,-0.601654,-1.7951,-1.42947,-0.920614,-0.180842,0.0813577,-0.816285,0.0552404,-0.803759,0.722567
0.679022,0.142388,-0.184949,-0.074004,1.83516,0.0988341,-0.926659,1.76622,0.136816,0.106481,-0.15596,0.385036,-2.34226,-0.131573,1.59103,-0.290693,0.318528,-0.398697,-2.36987,0.338053
-2.11109,0.496324,-1.86314,1.38146,2.05261,-0.0687492,-1.72442,-0.486959,0.00916479,-2.45442,-2.64372,-0.261525,0.0120196,-0.695843,0.0986893,-2.11065,0.578173,0.422016,-1.02967,0.385781
-2.65411,-0.438906,0.200617,0.0807563,0.534484,-0.245186,-2.04556,-1.88856,-0.57573,-1.58263,-1.82309,-0.812952,0.294499,-0.0323284,-2.05521,-0.70695,0.111891,-0.0687788,0.204072,0.419349
1.27258,-0.394862,1.81324,-0.684124,1.24116,0.0985709,-2.48413,0.8336,0.297223,2.19806,0.0234434,0.0899345,-0.739405,0.354613,0.745708,0.958943,-0.11355,-0.300228,-2.22531,-0.0209437
-0.759488,2.15893,0.296558,0.432635,1.93971,-0.426897,0.915991,0.106394,0.48407,-0.581497,0.474895,2.43153,-0.380993,-0.0974506,-0.338153,-2.10134,-0.0134013,0.927587,0.3186,0.124809
-2.43456,1.03849,-1.9286,-0.0144072,2.0618,2.55058,-1.81516,0.231258,0.6921,-0.858211,-0.34037,-0.0214031,-0.3571,0.271598,-0.0664439,-1.67019,0.638591,2.38993,-2.40446,0.581346
-1.21796,2.14052,0.276297,0.724604,1.09499,1.07702,1.36352,-2.57583,0.0860548,0.567732,-1.43071,2.05784,1.09371,0.647594,-0.715044,-1.45516,-0.0573127,0.663874,0.619248,1.30711
-1.04212,0.782056,0.808076,-0.0808695,2.08996,1.70881,-1.82001,2.24548,0.902546,1.15038,1.69576,1.33305,-1.67771,1.30694,-0.451306,1.14331,-0.215435,0.581568,-0.635823,-0.185965
-1.78562,-0.0751433,-0.558232,0.839034,0.605242,1.63144,-0.208815,-0.305308,-0.0132003,-0.134471,-0.101653,-0.955625,0.246821,-0.29451,-0.0186969,-0.601797,0.293914,-0.0773401,0.109029,0.790031
-1.39759,0.441151,0.150957,-0.432348,-1.03933,-0.722307,-0.228926,2.01418,0.342823,-0.522488,-0.00268091,0.271311,-0.706191,0.821438,-0.54436,2.20607,-0.520397,0.0611762,0.0876055,-0.466977
-1.73018,0.0866207,1.56693,1.57366,0.787736,0.0265248,-0.351841,1.15923,0.68243,0.144839,1.85312,-1.03306,-0.507179,0.456471,-0.349168,1.06514,-0.281855,-0.641888,0.440707,0.201838
2.33773,0.628674,-0.483945,1.79455,0.271472,-0.728069,1.05902,1.21105,0.24662,-0.357,1.83012,2.02903,-1.93384,0.194245,1.6579,2.01267,-0.673008,0.11628,-0.97246,-0.650872