1.05821,-2.82937,0.379104,-0.682068,-0.451757,-1.66779,-1.53641,0.581101,-0.596757,-0.327415,-0.126044,-1.87084,-0.876725,-0.806447,0.17833,0.288764,-0.205475,-1.02702,0.0312823,-0.261934
-0.0701148,-0.702357,0.913125,0.508365,-0.00975007,1.12531,0.719165,0.0794892,0.0144314,1.85394,1.86153,-1.36067,0.468837,-0.546475,0.401,-0.27728,-0.421202,-0.229846,1.00546,0.716106
-0.912606,-1.63203,-0.608615,0.125836,0.336019,0.239523,-2.13111,-0.409915,-1.15861,-0.287368,-0.615717,-1.79536,-1.42948,-0.920694,-0.178514,0.0812297,-0.816518,0.0622435,-0.809983,0.722819
0.683663,0.140476,-0.18513,-0.0679361,1.83497,0.102496,-0.939793,1.76592,0.134801,0.11345,-0.162534,0.379504,-2.3425,-0.144406,1.59099,-0.296519,0.326848,-0.396471,-2.36999,0.342143
-2.11155,0.516617,-1.86351,1.38123,2.05264,-0.0728255,-1.72426,-0.496149,0.00861603,-2.45446,-2.64398,-0.269066,0.00721562,-0.695905,0.100839,-2.11077,0.586608,0.434642,-1.05192,0.393419
-2.65466,-0.442311,0.205845,0.0730499,0.535365,-0.243338,-2.04565,-1.88892,-0.57578,-1.58258,-1.82316,-0.820779,0.292285,-0.0355763,-2.05511,-0.712123,0.112371,-0.07514,0.208181,0.422856
1.27238,-0.400515,1.8133,-0.702819,1.24121,0.103882,-2.4845,0.85522,0.298146,2.19775,0.0145382,0.0956571,-0.762788,0.364061,0.746646,0.960674,-0.110534,-0.310534,-2.2254,-0.0259905
-0.768972,2.15908,0.307754,0.448003,1.93972,-0.432118,0.91615,0.110584,0.485911,-0.584752,0.476652,2.43154,-0.383089,-0.0973539,-0.33798,-2.10175,-0.0141041,0.92747,0.330304,0.129134
-2.43436,1.05462,-1.92833,-0.00528804,2.06195,2.55058,-1.8151,0.222125,0.692217,-0.867316,-0.35452,-0.0323833,-0.363588,0.271546,-0.0605284,-1.67053,0.638431,2.39043,-2.40447,0.588833
-1.218,2.14078,0.285926,0.744706,1.09495,1.08601,1.36374,-2.57555,0.0900325,0.569619,-1.431,2.0579,1.0935,0.647861,-0.720587,-1.46836,-0.0572732,0.670458,0.631232,1.30695
-1.05748,0.793341,0.849772,-0.0880895,2.08999,1.70905,-1.82007,2.24531,0.902652,1.15054,1.69578,1.33287,-1.67785,1.30676,-0.457226,1.14312,-0.218624,0.587147,-0.654715,-0.179786
-1.78605,-0.0691988,-0.561312,0.838957,0.608842,1.63118,-0.209985,-0.318073,-0.0132367,-0.144036,-0.108464,-0.97142,0.245519,-0.293765,-0.0346919,-0.612816,0.298047,-0.0737315,0.11074,0.794321
-1.39761,0.446677,0.144107,-0.454882,-1.03937,-0.729465,-0.236929,2.01462,0.342903,-0.527224,-0.00586857,0.274051,-0.720483,0.821632,-0.550707,2.20598,-0.520264,0.0641904,0.088687,-0.475031
-1.72987,0.0881531,1.56689,1.57363,0.80033,0.0282711,-0.351623,1.15925,0.689839,0.138259,1.85308,-1.03323,-0.514153,0.457149,-0.357911,1.06475,-0.288131,-0.644878,0.438861,0.203723
2.33805,0.636761,-0.503876,1.79492,0.268115,-0.736859,1.07381,1.22694,0.241324,-0.361236,1.83033,2.02922,-1.93397,0.197049,1.65783,2.0126,-0.685066,0.11946,-0.972728,-0.662432