1.07512,-2.82981,0.37956,-0.706553,-0.460968,-1.66758,-1.53658,0.583059,-0.612114,-0.320945,-0.126313,-1.87078,-0.881923,-0.80605,0.180421,0.288463,-0.214459,-1.02683,0.0270501,-0.268442
-0.0619408,-0.700971,0.919577,0.508658,-0.00343572,1.13157,0.731288,0.0795981,0.0140469,1.85417,1.86144,-1.36051,0.466429,-0.547011,0.401106,-0.288116,-0.41967,-0.236188,1.0056,0.715753
-0.920301,-1.64532,-0.608607,0.118922,0.335453,0.238888,-2.13108,-0.410178,-1.15851,-0.293155,-0.627635,-1.79557,-1.42951,-0.920795,-0.176818,0.0811446,-0.816665,0.0683021,-0.814614,0.722967
0.687203,0.138359,-0.18488,-0.0631266,1.83483,0.105135,-0.950815,1.76566,0.132846,0.118881,-0.168524,0.374192,-2.34267,-0.155638,1.59099,-0.301603,0.33412,-0.394443,-2.37006,0.345428
-2.11192,0.534512,-1.86382,1.381,2.05268,-0.0761412,-1.72413,-0.50404,0.00843358,-2.45454,-2.64416,-0.27564,0.00310232,-0.695942,0.102409,-2.11086,0.593236,0.445772,-1.07065,0.399714
-2.65511,-0.445202,0.210813,0.0662212,0.535818,-0.241208,-2.04577,-1.88921,-0.575843,-1.58261,-1.82318,-0.82715,0.290427,-0.0386528,-2.05496,-0.715933,0.112722,-0.0811717,0.211779,0.425522
1.27222,-0.404712,1.81334,-0.720014,1.24122,0.108551,-2.4848,0.873198,0.29811,2.19749,0.0064213,0.100727,-0.782502,0.372084,0.746598,0.961698,-0.107573,-0.318808,-2.22549,-0.0303104
-0.776672,2.15919,0.317379,0.460815,1.93971,-0.436618,0.916306,0.114348,0.487425,-0.587174,0.47808,2.43157,-0.3847,-0.0972661,-0.337877,-2.10211,-0.0145344,0.927393,0.340353,0.1325
-2.43421,1.06807,-1.92811,0.00289005,2.06206,2.55058,-1.81506,0.213871,0.692323,-0.874889,-0.367135,-0.0425401,-0.368787,0.271479,-0.0558687,-1.67081,0.638306,2.39082,-2.40448,0.594721
-1.21805,2.14103,0.294475,0.762762,1.09493,1.09299,1.36391,-2.57536,0.0936472,0.57133,-1.43123,2.05793,1.09333,0.648045,-0.724915,-1.47846,-0.0572463,0.675792,0.641319,1.30676
-1.07007,0.802327,0.886134,-0.0948053,2.09003,1.70925,-1.82012,2.24516,0.902737,1.15064,1.6958,1.3327,-1.67793,1.3066,-0.462189,1.14299,-0.221116,0.59141,-0.67021,-0.174536
-1.78641,-0.0633505,-0.562646,0.838996,0.611558,1.63098,-0.210936,-0.329384,-0.0132613,-0.152839,-0.113886,-0.984634,0.244604,-0.293142,-0.048976,-0.62173,0.301776,-0.070724,0.112296,0.797164
-1.39762,0.451406,0.138123,-0.474964,-1.03942,-0.735369,-0.243739,2.01499,0.342972,-0.531037,-0.00902584,0.276723,-0.732229,0.821807,-0.555671,2.2059,-0.520162,0.0671347,0.0893392,-0.481819
-1.72962,0.08991,1.56686,1.57363,0.810573,0.0298102,-0.351428,1.15927,0.695835,0.131987,1.85302,-1.03338,-0.519824,0.457651,-0.365186,1.06441,-0.292935,-0.647127,0.437309,0.204944
2.33833,0.643732,-0.521795,1.79521,0.264921,-0.744207,1.08603,1.23919,0.235992,-0.364739,1.83052,2.02938,-1.93406,0.199599,1.65778,2.01253,-0.695014,0.122596,-0.972945,-0.671837