1.08954,-2.83015,0.380074,-0.728422,-0.468836,-1.66741,-1.53674,0.584641,-0.625347,-0.31512,-0.126514,-1.87073,-0.886183,-0.805755,0.181981,0.288225,-0.222071,-1.02669,0.023799,-0.273756
-0.0540825,-0.699515,0.924977,0.508843,0.00218183,1.13624,0.741518,0.0797684,0.0135972,1.85428,1.86142,-1.36038,0.463768,-0.547421,0.400939,-0.297719,-0.418062,-0.241053,1.00572,0.715532
-0.926239,-1.65614,-0.608582,0.112642,0.33478,0.238067,-2.13104,-0.410399,-1.15841,-0.298087,-0.63778,-1.79576,-1.42954,-0.920901,-0.175587,0.0810869,-0.816748,0.0735456,-0.818064,0.72305
0.689929,0.1362,-0.184341,-0.0593385,1.83471,0.106991,-0.960135,1.76543,0.131,0.1231,-0.17394,0.369194,-2.34282,-0.165476,1.59101,-0.306031,0.340472,-0.392623,-2.37009,0.348068
-2.11224,0.550271,-1.86408,1.38077,2.05272,-0.0788198,-1.72404,-0.510826,0.00848463,-2.45462,-2.64429,-0.281376,-0.000417925,-0.69596,0.103479,-2.11092,0.598484,0.455579,-1.08645,0.404872
-2.65549,-0.447729,0.215463,0.0602264,0.535983,-0.238924,-2.04589,-1.88944,-0.575903,-1.5827,-1.82319,-0.832354,0.288918,-0.0415474,-2.0548,-0.718725,0.112976,-0.0868097,0.214933,0.427547
1.27207,-0.407771,1.81338,-0.735751,1.24119,0.112677,-2.48506,0.888193,0.297462,2.19728,-0.000947566,0.105215,-0.799163,0.378963,0.745921,0.962243,-0.104719,-0.3254,-2.22556,-0.0340062
-0.782961,2.15929,0.32564,0.471522,1.93969,-0.440491,0.916452,0.117723,0.488687,-0.588961,0.479251,2.4316,-0.385932,-0.0971924,-0.337822,-2.10242,-0.0147602,0.927346,0.348968,0.135125
-2.4341,1.07933,-1.92793,0.0101905,2.06215,2.55057,-1.81504,0.206486,0.692416,-0.881229,-0.378359,-0.0518381,-0.372955,0.271413,-0.0522156,-1.67104,0.638207,2.39114,-2.40449,0.59933
-1.21811,2.14125,0.302034,0.778994,1.09493,1.09845,1.36404,-2.57523,0.0968802,0.572885,-1.43141,2.05794,1.09319,0.648172,-0.728349,-1.48619,-0.0572253,0.680143,0.649837,1.30657
-1.08041,0.809519,0.917816,-0.100965,2.09008,1.70941,-1.82015,2.24503,0.902806,1.15072,1.69583,1.33255,-1.67798,1.30647,-0.466347,1.1429,-0.223051,0.594682,-0.682956,-0.170133
-1.78672,-0.0577942,-0.562735,0.839093,0.613596,1.63082,-0.211674,-0.339388,-0.0132806,-0.160847,-0.118141,-0.99576,0.243937,-0.292643,-0.0617297,-0.629007,0.305158,-0.0682379,0.113728,0.798971
-1.39762,0.455468,0.132947,-0.49284,-1.03947,-0.740267,-0.249538,2.01529,0.343031,-0.534115,-0.0120492,0.27927,-0.741916,0.82196,-0.559551,2.20582,-0.520088,0.0699138,0.0896499,-0.487566
-1.72943,0.0918082,1.56684,1.57364,0.818936,0.0311912,-0.35126,1.15928,0.700703,0.126089,1.85296,-1.03349,-0.524471,0.458013,-0.371274,1.06412,-0.29658,-0.648808,0.436045,0.205684
2.33859,0.64974,-0.537898,1.79545,0.261895,-0.750362,1.09619,1.2486,0.230778,-0.367646,1.83069,2.02951,-1.93412,0.201895,1.65775,2.01246,-0.703224,0.125595,-0.973118,-0.679501