1.10193,-2.83043,0.380607,-0.747922,-0.4756,-1.66727,-1.53687,0.585959,-0.636778,-0.309914,-0.126663,-1.87068,-0.88973,-0.805536,0.183111,0.288039,-0.228524,-1.02659,0.0213197,-0.278127
-0.0465874,-0.698095,0.929552,0.508966,0.00713438,1.13973,0.750167,0.0799851,0.0131046,1.85432,1.86143,-1.36028,0.461016,-0.547739,0.400635,-0.306202,-0.416432,-0.244785,1.00584,0.715388
-0.930806,-1.665,-0.608548,0.106996,0.334073,0.237156,-2.13099,-0.410583,-1.15833,-0.302295,-0.646454,-1.79591,-1.42958,-0.920998,-0.174701,0.0810471,-0.816791,0.0780908,-0.820637,0.723098
0.692051,0.134099,-0.183613,-0.05638,1.83462,0.108252,-0.968068,1.76523,0.12929,0.126363,-0.178805,0.364561,-2.34293,-0.174098,1.59105,-0.309882,0.346013,-0.391005,-2.3701,0.350192
-2.1125,0.564141,-1.8643,1.38056,2.05276,-0.0809743,-1.72396,-0.516671,0.00867649,-2.4547,-2.64438,-0.286384,-0.00342721,-0.695967,0.104127,-2.11097,0.602671,0.464218,-1.09979,0.409084
-2.65581,-0.449989,0.219767,0.0549996,0.535953,-0.23658,-2.046,-1.88963,-0.575957,-1.5828,-1.82319,-0.836619,0.287727,-0.0442493,-2.05464,-0.720758,0.113166,-0.0920274,0.217699,0.429087
1.27196,-0.409942,1.81341,-0.750092,1.24116,0.116344,-2.48528,0.900742,0.296445,2.19711,-0.00761544,0.109185,-0.813279,0.384908,0.744861,0.962462,-0.102011,-0.330611,-2.22562,-0.0371663
-0.788127,2.15937,0.332722,0.480495,1.93966,-0.443817,0.91658,0.12075,0.48975,-0.590265,0.480218,2.43163,-0.386873,-0.0971333,-0.337796,-2.1027,-0.0148326,0.927318,0.356348,0.137173
-2.43401,1.08878,-1.92778,0.0166783,2.06222,2.55057,-1.81503,0.199926,0.692495,-0.88657,-0.388325,-0.0602793,-0.376299,0.271352,-0.0493653,-1.67124,0.63813,2.39139,-2.4045,0.602918
-1.21817,2.14146,0.308691,0.793586,1.09494,1.10275,1.36414,-2.57514,0.0997399,0.574299,-1.43154,2.05794,1.09309,0.648261,-0.731115,-1.49213,-0.057207,0.683712,0.657052,1.30638
-1.08889,0.815306,0.94541,-0.106557,2.09012,1.70954,-1.82017,2.24493,0.902862,1.15077,1.69586,1.33241,-1.67801,1.30636,-0.469831,1.14283,-0.224541,0.59721,-0.693474,-0.166475
-1.78698,-0.0526417,-0.561957,0.839208,0.615112,1.63071,-0.212214,-0.348215,-0.0132969,-0.168059,-0.121431,-1.00518,0.243428,-0.292254,-0.0731217,-0.635006,0.308237,-0.0662008,0.115062,0.800039
-1.39761,0.458969,0.128502,-0.50874,-1.03952,-0.744354,-0.254482,2.01555,0.343079,-0.536607,-0.0148769,0.281657,-0.749931,0.82209,-0.562582,2.20575,-0.520032,0.0724762,0.0896992,-0.49245
-1.72927,0.0937764,1.56682,1.57366,0.825788,0.0324454,-0.35112,1.1593,0.704667,0.120609,1.85291,-1.03358,-0.528309,0.458263,-0.3764,1.06385,-0.299311,-0.65005,0.435045,0.20607
2.33882,0.654921,-0.552362,1.79564,0.259041,-0.755529,1.10468,1.25579,0.225779,-0.370068,1.83084,2.02961,-1.93417,0.203948,1.65773,2.01241,-0.71001,0.1284,-0.973257,-0.685753