1.11261,-2.83066,0.381135,-0.765293,-0.481447,-1.66715,-1.53699,0.587084,-0.646677,-0.305289,-0.126774,-1.87064,-0.892721,-0.805373,0.183905,0.287895,-0.234005,-1.02651,0.0194418,-0.281749
-0.0394887,-0.696771,0.933465,0.509053,0.011473,1.14233,0.757496,0.0802312,0.0125887,1.85434,1.86145,-1.3602,0.458283,-0.547989,0.400278,-0.313675,-0.414821,-0.247654,1.00595,0.715285
-0.934306,-1.67231,-0.60851,0.101961,0.333377,0.236222,-2.13095,-0.410737,-1.15827,-0.305892,-0.653897,-1.79605,-1.42961,-0.921082,-0.174073,0.0810195,-0.816813,0.0820389,-0.822562,0.723129
0.693727,0.132118,-0.182771,-0.0540933,1.83455,0.109065,-0.974854,1.76505,0.127726,0.128875,-0.183156,0.360315,-2.34303,-0.181653,1.59108,-0.313228,0.350842,-0.389574,-2.3701,0.351902
-2.11272,0.576343,-1.86449,1.38037,2.05279,-0.082703,-1.72389,-0.521715,0.00894536,-2.45476,-2.64445,-0.290759,-0.00599646,-0.695965,0.104426,-2.11102,0.606036,0.471822,-1.11108,0.412514
-2.65609,-0.452041,0.223715,0.050468,0.535795,-0.234246,-2.0461,-1.88979,-0.576002,-1.58289,-1.82319,-0.840127,0.28681,-0.0467534,-2.0545,-0.722227,0.113315,-0.0968207,0.220126,0.430256
1.27186,-0.411421,1.81344,-0.763112,1.24112,0.119617,-2.48547,0.911281,0.295228,2.19697,-0.0136322,0.112693,-0.825265,0.390081,0.743586,0.962461,-0.0994782,-0.334695,-2.22567,-0.0398671
-0.792391,2.15945,0.338793,0.488037,1.93963,-0.446669,0.916692,0.123465,0.490654,-0.591206,0.48102,2.43167,-0.387588,-0.0970872,-0.337787,-2.10293,-0.0147914,0.927305,0.362669,0.13877
-2.43394,1.09674,-1.92766,0.0224201,2.06227,2.55057,-1.81502,0.194127,0.692562,-0.891095,-0.397158,-0.067891,-0.378984,0.271298,-0.0471531,-1.67141,0.638071,2.3916,-2.40451,0.605694
-1.21822,2.14163,0.314533,0.806697,1.09495,1.10617,1.36421,-2.57508,0.102249,0.575585,-1.43165,2.05794,1.09302,0.648325,-0.733372,-1.49669,-0.0571893,0.686655,0.663176,1.3062
-1.09586,0.81999,0.969444,-0.111591,2.09016,1.70965,-1.82017,2.24484,0.90291,1.15081,1.69589,1.33229,-1.67802,1.30627,-0.472754,1.14278,-0.225681,0.599177,-0.702184,-0.163454
-1.78721,-0.0479456,-0.560593,0.839323,0.616226,1.63062,-0.212579,-0.355988,-0.0133112,-0.174508,-0.123929,-1.01318,0.243024,-0.291957,-0.0833013,-0.639995,0.311044,-0.0645481,0.116314,0.800587
-1.3976,0.461996,0.124701,-0.522879,-1.03955,-0.747783,-0.258704,2.01576,0.343118,-0.538632,-0.0174776,0.283867,-0.756588,0.822198,-0.564948,2.2057,-0.519988,0.0748003,0.0895559,-0.496615
-1.72913,0.0957576,1.5668,1.57368,0.831421,0.0335939,-0.351008,1.15932,0.707901,0.115566,1.85286,-1.03365,-0.531501,0.458425,-0.380744,1.06362,-0.301327,-0.650955,0.434277,0.206196
2.33903,0.659392,-0.565349,1.7958,0.256357,-0.759878,1.11182,1.26124,0.221056,-0.372096,1.83098,2.02969,-1.93421,0.205772,1.65771,2.01235,-0.715631,0.130983,-0.973369,-0.690858