1.12186,-2.83084,0.381642,-0.780756,-0.486527,-1.66706,-1.5371,0.588062,-0.655267,-0.3012,-0.126856,-1.8706,-0.895273,-0.805252,0.18444,0.287783,-0.238676,-1.02645,0.0180293,-0.284771
-0.032807,-0.695574,0.936838,0.509121,0.0152567,1.14425,0.763722,0.0804917,0.0120655,1.85434,1.86147,-1.36014,0.45564,-0.548189,0.399917,-0.320244,-0.413258,-0.249865,1.00605,0.715204
-0.936974,-1.67839,-0.608472,0.0975,0.332717,0.235303,-2.13091,-0.410867,-1.15821,-0.308971,-0.660304,-1.79616,-1.42964,-0.921152,-0.173637,0.0810006,-0.816822,0.0854756,-0.824006,0.72315
0.69507,0.13029,-0.181867,-0.0523477,1.83449,0.109542,-0.980683,1.76489,0.12631,0.130796,-0.187032,0.35646,-2.34312,-0.188274,1.59111,-0.316134,0.355049,-0.388312,-2.3701,0.353277
-2.11291,0.587077,-1.86465,1.38021,2.05282,-0.0840891,-1.72383,-0.526076,0.00924806,-2.45482,-2.6445,-0.294586,-0.00818759,-0.695958,0.104442,-2.11105,0.60876,0.478509,-1.12067,0.415301
-2.65632,-0.453927,0.227309,0.0465582,0.535554,-0.231971,-2.04618,-1.88992,-0.576042,-1.58298,-1.82319,-0.843023,0.286121,-0.0490607,-2.05438,-0.723279,0.113437,-0.101199,0.222255,0.431139
1.27179,-0.412361,1.81346,-0.774897,1.24108,0.122553,-2.48563,0.920163,0.293927,2.19684,-0.0190482,0.115792,-0.835464,0.394606,0.742211,0.962315,-0.0971357,-0.337863,-2.22571,-0.0421752
-0.795926,2.15952,0.343999,0.494395,1.93961,-0.44911,0.916788,0.1259,0.49143,-0.591874,0.481688,2.4317,-0.388132,-0.0970523,-0.337788,-2.10313,-0.014668,0.927302,0.368085,0.140014
-2.43389,1.10347,-1.92756,0.0274829,2.06231,2.55057,-1.81502,0.189022,0.692617,-0.894948,-0.404971,-0.0747165,-0.381142,0.271252,-0.0454469,-1.67155,0.638028,2.39178,-2.40451,0.607826
-1.21827,2.14179,0.319643,0.818465,1.09497,1.1089,1.36427,-2.57503,0.104438,0.576755,-1.43173,2.05794,1.09296,0.64837,-0.735237,-1.5002,-0.057171,0.68909,0.668386,1.30605
-1.1016,0.823806,0.990382,-0.116095,2.0902,1.70974,-1.82018,2.24476,0.90295,1.15084,1.69591,1.33218,-1.67802,1.3062,-0.475208,1.14275,-0.226545,0.600718,-0.709425,-0.16097
-1.7874,-0.0437194,-0.558851,0.839427,0.617032,1.63056,-0.212794,-0.362821,-0.0133235,-0.180241,-0.125784,-1.02001,0.242689,-0.291733,-0.0923995,-0.644179,0.313601,-0.063222,0.117499,0.800774
-1.39759,0.464618,0.121464,-0.53545,-1.03959,-0.750675,-0.262313,2.01594,0.343148,-0.540282,-0.0198408,0.285892,-0.762138,0.822288,-0.566792,2.20565,-0.519951,0.0768837,0.0892759,-0.50018
-1.72902,0.0977079,1.5668,1.57369,0.836066,0.0346517,-0.35092,1.15934,0.710545,0.110963,1.85282,-1.0337,-0.534172,0.458518,-0.384447,1.06341,-0.302786,-0.651602,0.433707,0.206132
2.33922,0.663257,-0.577006,1.79594,0.253841,-0.763547,1.11785,1.26534,0.216642,-0.3738,1.8311,2.02974,-1.93425,0.207386,1.6577,2.01231,-0.720302,0.133332,-0.97346,-0.695031