1.1299,-2.83099,0.382116,-0.794516,-0.49096,-1.66698,-1.53719,0.588925,-0.662735,-0.297596,-0.126918,-1.87056,-0.89747,-0.805164,0.184781,0.287698,-0.24267,-1.02639,0.0169748,-0.287308
-0.0265528,-0.694514,0.939759,0.509177,0.0185465,1.14566,0.769027,0.0807549,0.0115468,1.85434,1.86149,-1.3601,0.45313,-0.548351,0.399578,-0.326009,-0.411762,-0.251575,1.00614,0.715135
-0.938994,-1.68347,-0.608435,0.093566,0.332108,0.234425,-2.13087,-0.410977,-1.15816,-0.311615,-0.665834,-1.79626,-1.42966,-0.921207,-0.173342,0.0809877,-0.816826,0.0884728,-0.825094,0.723168
0.696165,0.128629,-0.180941,-0.0510354,1.83444,0.109771,-0.985702,1.76476,0.125039,0.132258,-0.190476,0.352984,-2.34319,-0.194075,1.59113,-0.318658,0.358712,-0.387199,-2.37009,0.354383
-2.11308,0.596519,-1.86479,1.38006,2.05284,-0.0852013,-1.72378,-0.529853,0.00955609,-2.45487,-2.64454,-0.297934,-0.0100547,-0.695947,0.104233,-2.11108,0.610981,0.484386,-1.12881,0.41756
-2.65653,-0.45567,0.23056,0.0431996,0.535263,-0.229791,-2.04625,-1.89003,-0.576077,-1.58305,-1.82319,-0.845426,0.285615,-0.0511773,-2.05428,-0.724024,0.11354,-0.10518,0.224123,0.431799
1.27173,-0.412884,1.81348,-0.785537,1.24104,0.125197,-2.48578,0.927675,0.292619,2.19673,-0.0239133,0.118528,-0.844162,0.398583,0.740812,0.962075,-0.0949914,-0.340292,-2.22573,-0.0441489
-0.798869,2.15958,0.348468,0.49977,1.93958,-0.451197,0.91687,0.128084,0.492099,-0.59234,0.482245,2.43172,-0.388544,-0.0970265,-0.337795,-2.1033,-0.014487,0.927305,0.372729,0.140982
-2.43385,1.10918,-1.92747,0.0319328,2.06234,2.55056,-1.81502,0.184539,0.692662,-0.898244,-0.411872,-0.0808084,-0.382879,0.271213,-0.0441409,-1.67168,0.637998,2.39192,-2.40451,0.609449
-1.21831,2.14192,0.324101,0.829017,1.09499,1.1111,1.36431,-2.575,0.10634,0.577819,-1.43179,2.05794,1.09292,0.648403,-0.736793,-1.50292,-0.0571514,0.691113,0.672825,1.3059
-1.10633,0.826934,1.00863,-0.120105,2.09023,1.70982,-1.82017,2.24469,0.902985,1.15086,1.69594,1.33209,-1.67802,1.30614,-0.47727,1.14273,-0.227193,0.601938,-0.715469,-0.158935
-1.78756,-0.039952,-0.556879,0.839518,0.617604,1.63052,-0.212883,-0.368819,-0.0133339,-0.185317,-0.12712,-1.02586,0.242404,-0.291566,-0.100532,-0.647713,0.315927,-0.0621714,0.118623,0.800715
-1.39758,0.466895,0.118713,-0.546629,-1.03962,-0.753125,-0.265405,2.01609,0.34317,-0.541628,-0.0219691,0.287733,-0.766782,0.822361,-0.568231,2.20562,-0.51992,0.0787358,0.0889035,-0.503243
-1.72893,0.0995946,1.56679,1.57371,0.839907,0.0356298,-0.350851,1.15936,0.712709,0.106786,1.85279,-1.03374,-0.536418,0.45856,-0.387622,1.06323,-0.303815,-0.652055,0.433302,0.205935
2.33939,0.666601,-0.587464,1.79605,0.25149,-0.766651,1.12297,1.26839,0.212551,-0.375236,1.8312,2.02979,-1.93428,0.208808,1.65769,2.01227,-0.724195,0.13545,-0.973534,-0.698448