1.13691,-2.83112,0.382554,-0.806756,-0.494843,-1.66691,-1.53727,0.589691,-0.669239,-0.294429,-0.126965,-1.87052,-0.899376,-0.8051,0.184977,0.287632,-0.246097,-1.02635,0.0161943,-0.289449
-0.0207272,-0.693593,0.942299,0.509225,0.021401,1.14669,0.773561,0.0810121,0.0110414,1.85434,1.8615,-1.36006,0.450777,-0.548482,0.399276,-0.331063,-0.410343,-0.252905,1.00622,0.715074
-0.94051,-1.68775,-0.608401,0.0901103,0.331552,0.2336,-2.13084,-0.41107,-1.15812,-0.31389,-0.670616,-1.79635,-1.42967,-0.921252,-0.173153,0.0809791,-0.816827,0.091091,-0.825919,0.723183
0.697074,0.127136,-0.180021,-0.050068,1.8344,0.10982,-0.990035,1.76465,0.123903,0.133363,-0.193531,0.349871,-2.34326,-0.199155,1.59115,-0.320851,0.361901,-0.386217,-2.37008,0.355271
-2.11322,0.604828,-1.86491,1.37993,2.05286,-0.0860957,-1.72373,-0.53313,0.0098514,-2.45491,-2.64456,-0.300866,-0.0116448,-0.695935,0.103852,-2.1111,0.612803,0.489546,-1.13575,0.419388
-2.65671,-0.457286,0.233486,0.0403259,0.534946,-0.227729,-2.04631,-1.89012,-0.576109,-1.58311,-1.82319,-0.847428,0.285253,-0.0531125,-2.0542,-0.724543,0.113626,-0.108786,0.22576,0.432284
1.27168,-0.413084,1.8135,-0.795124,1.241,0.127586,-2.4859,0.934051,0.291352,2.19663,-0.0282752,0.120943,-0.851595,0.402092,0.73944,0.961778,-0.0930451,-0.342125,-2.22576,-0.0458385
-0.801328,2.15964,0.352306,0.504327,1.93956,-0.452981,0.91694,0.130041,0.492682,-0.592655,0.48271,2.43175,-0.388856,-0.0970079,-0.337806,-2.10345,-0.0142676,0.927313,0.376714,0.141734
-2.43381,1.11403,-1.9274,0.0358331,2.06236,2.55056,-1.81502,0.180612,0.692699,-0.901074,-0.417958,-0.0862239,-0.384279,0.27118,-0.0431504,-1.67179,0.637978,2.39204,-2.40452,0.61067
-1.21835,2.14203,0.327981,0.838467,1.095,1.11289,1.36434,-2.57498,0.107987,0.578784,-1.43185,2.05795,1.09288,0.648427,-0.738102,-1.50501,-0.0571305,0.692799,0.676614,1.30578
-1.11022,0.829515,1.02455,-0.123661,2.09025,1.70989,-1.82016,2.24463,0.903015,1.15088,1.69597,1.33201,-1.67801,1.30609,-0.479005,1.14271,-0.227674,0.602912,-0.720536,-0.15727
-1.78771,-0.0366176,-0.554789,0.839596,0.617998,1.63049,-0.21287,-0.374079,-0.0133426,-0.189797,-0.128038,-1.03087,0.242156,-0.291444,-0.1078,-0.650716,0.318041,-0.0613515,0.119693,0.800495
-1.39756,0.468875,0.116381,-0.556569,-1.03964,-0.755212,-0.268058,2.01622,0.343186,-0.542729,-0.0238737,0.289397,-0.770683,0.822422,-0.569351,2.20558,-0.519893,0.0803726,0.088473,-0.505885
-1.72886,0.101395,1.56679,1.57372,0.84309,0.0365365,-0.350799,1.15937,0.714484,0.103014,1.85276,-1.03376,-0.538316,0.458563,-0.390357,1.06307,-0.304516,-0.652361,0.433032,0.205648
2.33955,0.669498,-0.596843,1.79615,0.249301,-0.769283,1.12735,1.27062,0.208783,-0.376452,1.83129,2.02981,-1.93431,0.210058,1.65768,2.01224,-0.727452,0.137348,-0.973595,-0.701249