0.474416,-3.01727,0.349937,-0.255918,-0.16993,-1.80419,-1.64027,0.370999,-0.13272,-0.326178,-0.139355,-2.07728,-0.594672,-0.874611,0.13752,0.278598,-0.0421567,-1.16955,0.180017,-0.0638724
-0.1806,-0.501168,0.536226,0.572138,-0.0418465,0.701834,0.300301,0.0552221,-0.0376413,1.9905,1.95576,-1.46334,0.430925,-0.561166,0.341982,-0.0622504,-0.361282,0.0106228,1.08995,0.700497
-0.534632,-1.0509,-0.674552,0.194131,0.209594,0.127095,-2.33896,-0.376829,-1.27455,-0.0948428,-0.267793,-1.93822,-1.49914,-0.994823,-0.338039,0.10581,-0.81204,-0.0422915,-0.488976,0.796982
0.47178,0.0867702,-0.115445,-0.280466,2.00113,-0.062595,-0.531917,1.91168,0.0977073,-0.165632,-0.0692577,0.34707,-2.55203,0.100031,1.67995,-0.189328,0.16377,-0.374763,-2.56632,0.289717
-2.30473,0.176392,-1.99147,1.48545,2.16394,0.0053465,-1.87306,-0.287857,0.0672386,-2.67218,-2.84267,-0.122872,0.130784,-0.781561,0.0573098,-2.29044,0.198539,0.190221,-0.483229,0.230007
-2.86134,-0.2646,0.169588,0.125275,0.407296,-0.224973,-2.17973,-2.01493,-0.577094,-1.72286,-1.97098,-0.526129,0.29435,0.0181007,-2.23425,-0.439525,0.010743,-0.0882999,0.143296,0.364117
1.3819,-0.176475,1.94676,-0.437659,1.3308,0.00101423,-2.67713,0.301158,0.0656544,2.35825,0.0866095,0.0221736,-0.190734,0.119166,0.482696,0.728081,-0.122309,-0.0338894,-2.41449,0.0560696
-0.453451,2.34551,0.106094,0.0633723,2.07697,-0.326341,0.992569,0.0524807,0.39836,-0.381737,0.364326,2.6352,-0.337083,-0.0784026,-0.354853,-2.25775,0.0686154,0.982694,0.0964042,-0.0623893
-2.64037,0.623468,-2.13593,-0.14076,2.24217,2.7574,-1.98513,0.247007,0.735044,-0.56193,-0.106534,0.0547318,-0.156282,0.302003,-0.193609,-1.79099,0.681556,2.5291,-2.59166,0.325063
-1.30759,2.33707,0.121382,0.33364,1.18259,0.671985,1.44784,-2.76279,0.129129,0.54821,-1.54639,2.23337,1.21658,0.649036,-0.415766,-0.858725,-0.0320655,0.398564,0.301076,1.38213
-0.587315,0.388782,0.0855671,-0.0548094,2.26961,1.83449,-1.93587,2.43143,0.965989,1.23368,1.87911,1.46795,-1.79197,1.38931,-0.335058,1.24557,-0.122706,0.334673,-0.114294,-0.203843
-1.89268,-0.0612633,-0.251419,0.937593,0.406814,1.75951,-0.144764,-0.0481072,-0.0332128,-0.00089858,-0.0030911,-0.466971,0.302597,-0.242654,0.146709,-0.269888,0.220214,-0.138951,0.0604327,0.427527
-1.48587,0.300932,0.179792,-0.10696,-1.09584,-0.505242,-0.0776362,2.16242,0.376351,-0.362083,-0.0272136,0.283641,-0.277138,0.863934,-0.298579,2.37645,-0.561687,0.0924711,0.0373305,-0.246416
-1.87254,0.0831997,1.66926,1.68591,0.37745,-0.023411,-0.419399,1.28059,0.455673,0.19785,2.02992,-1.04597,-0.288482,0.408249,-0.114757,1.18408,-0.0607622,-0.458599,0.434085,-0.0054744
2.53088,0.467937,-0.169409,1.89946,0.278092,-0.517073,0.5872,0.611967,0.191108,-0.243783,1.92916,2.19477,-2.10541,0.179777,1.82098,2.17367,-0.345261,0.111212,-1.04963,-0.266069