1.14303,-2.83122,0.382953,-0.817643,-0.498257,-1.66685,-1.53734,0.590376,-0.674914,-0.29165,-0.127002,-1.87048,-0.901041,-0.805054,0.185066,0.287582,-0.249048,-1.02631,0.0156227,-0.291265
-0.0153246,-0.692802,0.944513,0.509266,0.0238746,1.14742,0.777449,0.0812574,0.010555,1.85433,1.86152,-1.36004,0.448592,-0.548589,0.399015,-0.33549,-0.409009,-0.253946,1.00629,0.71502
-0.941634,-1.69138,-0.608371,0.0870841,0.331053,0.232835,-2.13082,-0.41115,-1.15809,-0.315855,-0.67476,-1.79642,-1.42968,-0.921287,-0.173039,0.0809736,-0.816826,0.093381,-0.826548,0.723196
0.697841,0.125805,-0.179125,-0.0493732,1.83437,0.10974,-0.99378,1.76455,0.122892,0.134191,-0.196236,0.347096,-2.34331,-0.203604,1.59116,-0.322757,0.364675,-0.385351,-2.37006,0.355983
-2.11334,0.612141,-1.86502,1.37983,2.05287,-0.0868173,-1.72369,-0.535978,0.0101233,-2.45494,-2.64458,-0.303435,-0.0129987,-0.695922,0.103341,-2.11112,0.614307,0.494071,-1.14168,0.420863
-2.65687,-0.458787,0.236107,0.0378757,0.53462,-0.225798,-2.04636,-1.8902,-0.576139,-1.58316,-1.8232,-0.849104,0.285003,-0.0548774,-2.05413,-0.724898,0.113701,-0.112043,0.227195,0.432632
1.27163,-0.413038,1.81352,-0.803746,1.24097,0.129752,-2.48602,0.93948,0.290156,2.19655,-0.0321796,0.123075,-0.857959,0.405196,0.738127,0.961451,-0.0912911,-0.34348,-2.22577,-0.0472874
-0.803388,2.15969,0.355608,0.508201,1.93955,-0.454504,0.917,0.131795,0.49319,-0.592861,0.483101,2.43177,-0.38909,-0.0969951,-0.33782,-2.10357,-0.0140247,0.927323,0.380137,0.142316
-2.43379,1.11816,-1.92734,0.0392438,2.06238,2.55056,-1.81502,0.177177,0.692729,-0.903511,-0.423319,-0.0910218,-0.38541,0.271151,-0.0424082,-1.67188,0.637967,2.39215,-2.40452,0.611576
-1.21838,2.14213,0.331351,0.84692,1.09502,1.11435,1.36436,-2.57497,0.10941,0.57966,-1.43189,2.05795,1.09286,0.648444,-0.739212,-1.50663,-0.0571087,0.694209,0.679852,1.30567
-1.11345,0.831657,1.03845,-0.126804,2.09027,1.70994,-1.82016,2.24458,0.903042,1.15089,1.69599,1.33194,-1.67801,1.30605,-0.480465,1.1427,-0.228025,0.603697,-0.724802,-0.155911
-1.78783,-0.0336827,-0.552658,0.839662,0.618258,1.63047,-0.212774,-0.378689,-0.0133499,-0.193741,-0.128624,-1.03517,0.241935,-0.291354,-0.114295,-0.653279,0.319957,-0.0607233,0.120712,0.800173
-1.39755,0.470598,0.114406,-0.565409,-1.03967,-0.756995,-0.270338,2.01633,0.343196,-0.543631,-0.0255699,0.290893,-0.773972,0.822472,-0.570223,2.20556,-0.519869,0.081813,0.0880102,-0.508173
-1.72879,0.103093,1.56679,1.57373,0.845734,0.0373782,-0.350759,1.15939,0.71594,0.0996223,1.85274,-1.03378,-0.539924,0.458538,-0.392725,1.06293,-0.304968,-0.652559,0.43287,0.205302
2.33969,0.672012,-0.605251,1.79624,0.247266,-0.771521,1.13109,1.27223,0.205329,-0.377482,1.83136,2.02984,-1.93433,0.211152,1.65766,2.01221,-0.730185,0.139039,-0.973646,-0.70355