1.14839,-2.83131,0.383313,-0.827326,-0.501267,-1.6668,-1.53739,0.590991,-0.679872,-0.289215,-0.12703,-1.87045,-0.902502,-0.805021,0.185079,0.287543,-0.251598,-1.02627,0.0152097,-0.292814
-0.0103334,-0.692132,0.946448,0.509301,0.0260168,1.14795,0.780793,0.0814871,0.0100913,1.85433,1.86153,-1.36002,0.446579,-0.548678,0.398794,-0.339368,-0.407761,-0.254765,1.00635,0.714973
-0.942454,-1.69447,-0.608344,0.0844405,0.330606,0.232132,-2.1308,-0.411219,-1.15806,-0.317558,-0.678355,-1.79648,-1.42969,-0.921315,-0.172981,0.0809701,-0.816824,0.0953862,-0.827032,0.723206
0.698499,0.124628,-0.178268,-0.0488924,1.83434,0.109571,-0.997019,1.76446,0.121996,0.134807,-0.198628,0.344633,-2.34336,-0.2075,1.59117,-0.324415,0.367089,-0.384585,-2.37005,0.356554
-2.11345,0.61858,-1.86511,1.37973,2.05288,-0.0874024,-1.72366,-0.538459,0.0103665,-2.45497,-2.6446,-0.305688,-0.0141514,-0.695909,0.102739,-2.11114,0.615555,0.498036,-1.14675,0.422049
-2.657,-0.460179,0.238448,0.0357929,0.534295,-0.224006,-2.0464,-1.89026,-0.576167,-1.5832,-1.8232,-0.850514,0.284839,-0.0564839,-2.05407,-0.725134,0.113765,-0.114977,0.228452,0.432873
1.2716,-0.412805,1.81354,-0.811489,1.24094,0.13172,-2.48611,0.944117,0.289049,2.19647,-0.0356691,0.124958,-0.86342,0.407948,0.73689,0.961111,-0.0897198,-0.344455,-2.22579,-0.0485324
-0.805121,2.15974,0.358451,0.511502,1.93953,-0.455805,0.917052,0.133365,0.493636,-0.592986,0.483429,2.43179,-0.389267,-0.0969866,-0.337835,-2.10368,-0.0137696,0.927334,0.383081,0.142765
-2.43377,1.12168,-1.92729,0.0422205,2.0624,2.55056,-1.81502,0.174177,0.692753,-0.905616,-0.428036,-0.0952603,-0.386326,0.271127,-0.0418606,-1.67196,0.637961,2.39224,-2.40452,0.612236
-1.21841,2.14222,0.334274,0.854474,1.09504,1.11556,1.36438,-2.57496,0.110639,0.580454,-1.43192,2.05795,1.09283,0.648456,-0.74016,-1.50789,-0.0570866,0.695392,0.682622,1.30557
-1.11611,0.833447,1.05058,-0.129575,2.09029,1.70999,-1.82015,2.24454,0.903066,1.1509,1.69601,1.33188,-1.678,1.30602,-0.481696,1.14269,-0.228278,0.604337,-0.728411,-0.154802
-1.78794,-0.0311106,-0.550542,0.839717,0.618417,1.63046,-0.212612,-0.382728,-0.0133561,-0.197207,-0.128948,-1.03887,0.241737,-0.291289,-0.1201,-0.655476,0.321691,-0.060253,0.12168,0.799792
-1.39754,0.4721,0.112738,-0.573271,-1.03969,-0.758525,-0.272301,2.01643,0.343203,-0.544371,-0.0270755,0.292233,-0.776755,0.822514,-0.570902,2.20554,-0.519848,0.0830771,0.0875344,-0.51016
-1.72874,0.104681,1.56679,1.57374,0.847935,0.0381602,-0.350728,1.1594,0.717137,0.0965812,1.85273,-1.0338,-0.541292,0.458491,-0.394783,1.06281,-0.305232,-0.652679,0.432795,0.204922
2.33981,0.674197,-0.612786,1.79632,0.245382,-0.773429,1.13431,1.27336,0.202175,-0.378359,1.83143,2.02985,-1.93435,0.212108,1.65765,2.01219,-0.732489,0.140542,-0.973689,-0.705445