1.1531,-2.83138,0.383637,-0.835938,-0.50393,-1.66676,-1.53744,0.591543,-0.684211,-0.287084,-0.127052,-1.87042,-0.903791,-0.804998,0.185037,0.287513,-0.253806,-1.02624,0.0149165,-0.29414
-0.00573768,-0.691568,0.948143,0.509332,0.0278716,1.1483,0.783677,0.0816991,0.00965243,1.85432,1.86154,-1.36,0.444734,-0.548751,0.398613,-0.342763,-0.4066,-0.255415,1.00641,0.714931
-0.94304,-1.69711,-0.60832,0.0821357,0.33021,0.231487,-2.13078,-0.411278,-1.15803,-0.319036,-0.681478,-1.79654,-1.42969,-0.921337,-0.172962,0.0809681,-0.816821,0.0971434,-0.827409,0.723215
0.699072,0.123592,-0.177457,-0.0485783,1.83432,0.109343,-0.999823,1.76439,0.121202,0.13526,-0.200742,0.342456,-2.3434,-0.210909,1.59118,-0.325859,0.369189,-0.383907,-2.37004,0.357012
-2.11355,0.624253,-1.86519,1.37965,2.05289,-0.0878795,-1.72363,-0.540623,0.0105787,-2.45499,-2.64461,-0.307666,-0.015133,-0.695896,0.102075,-2.11115,0.616596,0.501508,-1.15109,0.423001
-2.65713,-0.461469,0.240533,0.0340272,0.533979,-0.222353,-2.04644,-1.89032,-0.576194,-1.58324,-1.82321,-0.851706,0.284739,-0.057944,-2.05403,-0.725284,0.11382,-0.117616,0.229554,0.433032
1.27157,-0.412435,1.81356,-0.818434,1.24092,0.133514,-2.4862,0.948092,0.288036,2.19641,-0.0387837,0.12662,-0.868114,0.410394,0.73574,0.960771,-0.0883192,-0.345128,-2.2258,-0.0496048
-0.806582,2.15979,0.360902,0.514321,1.93952,-0.456916,0.917097,0.134769,0.494029,-0.593054,0.483705,2.43181,-0.389399,-0.0969812,-0.33785,-2.10377,-0.0135109,0.927346,0.385615,0.14311
-2.43375,1.1247,-1.92724,0.044814,2.06241,2.55055,-1.81503,0.17156,0.692772,-0.907438,-0.432184,-0.0989952,-0.387069,0.271107,-0.0414646,-1.67203,0.63796,2.39232,-2.40453,0.612705
-1.21843,2.14229,0.336806,0.861216,1.09505,1.11657,1.36439,-2.57495,0.111698,0.581171,-1.43195,2.05795,1.09282,0.648464,-0.740972,-1.50886,-0.0570647,0.696389,0.684995,1.30548
-1.11832,0.83495,1.06119,-0.132014,2.0903,1.71004,-1.82014,2.2445,0.903087,1.15091,1.69603,1.33183,-1.67799,1.30599,-0.482733,1.14268,-0.228456,0.604864,-0.731476,-0.153899
-1.78803,-0.0288639,-0.54848,0.839764,0.618502,1.63045,-0.212399,-0.386265,-0.0133614,-0.200248,-0.129066,-1.04206,0.241557,-0.291242,-0.125286,-0.657365,0.323258,-0.0599116,0.122598,0.799382
-1.39753,0.473409,0.111329,-0.580266,-1.03971,-0.759842,-0.273995,2.01651,0.343206,-0.544979,-0.0284084,0.293429,-0.779118,0.822548,-0.57143,2.20552,-0.51983,0.0841842,0.0870595,-0.511894
-1.7287,0.106155,1.56679,1.57375,0.849772,0.0388868,-0.350705,1.15942,0.71812,0.0938619,1.85271,-1.03381,-0.542459,0.45843,-0.396578,1.0627,-0.305357,-0.652743,0.432785,0.204526
2.33992,0.676097,-0.619535,1.79638,0.24364,-0.775058,1.13709,1.27411,0.199303,-0.379106,1.83149,2.02986,-1.93437,0.212942,1.65765,2.01217,-0.734438,0.141873,-0.973725,-0.707009