1.15723,-2.83144,0.383925,-0.843596,-0.50629,-1.66673,-1.53748,0.592039,-0.688013,-0.28522,-0.127069,-1.8704,-0.904932,-0.804982,0.184958,0.287491,-0.255725,-1.02621,0.0147136,-0.29528
-0.00151878,-0.691099,0.949628,0.509358,0.029478,1.14854,0.786173,0.0818923,0.00923953,1.85432,1.86155,-1.35999,0.443052,-0.548813,0.398466,-0.345736,-0.405523,-0.255935,1.00646,0.714895
-0.943445,-1.69939,-0.6083,0.0801296,0.329859,0.230899,-2.13077,-0.41133,-1.15801,-0.320325,-0.684193,-1.79659,-1.42969,-0.921355,-0.172972,0.080967,-0.816819,0.0986842,-0.827706,0.723222
0.699579,0.122683,-0.176697,-0.0483928,1.8343,0.10908,-1.00225,1.76433,0.1205,0.135588,-0.202607,0.340538,-2.34343,-0.213894,1.59119,-0.327117,0.371014,-0.383307,-2.37002,0.357377
-2.11363,0.629252,-1.86526,1.37958,2.05289,-0.0882713,-1.72361,-0.542514,0.0107605,-2.45502,-2.64462,-0.309403,-0.0159693,-0.695884,0.101375,-2.11117,0.617467,0.504544,-1.15482,0.423762
-2.65723,-0.462662,0.242384,0.0325337,0.533677,-0.220837,-2.04647,-1.89036,-0.576218,-1.58327,-1.82321,-0.852717,0.284688,-0.0592696,-2.05399,-0.725375,0.113867,-0.119984,0.230519,0.433127
1.27155,-0.411964,1.81357,-0.824656,1.2409,0.135151,-2.48627,0.951507,0.28712,2.19635,-0.0415601,0.12809,-0.872156,0.412571,0.734679,0.960439,-0.0870763,-0.345561,-2.2258,-0.0505307
-0.807817,2.15982,0.363017,0.516736,1.93951,-0.457865,0.917136,0.136024,0.494376,-0.59308,0.483937,2.43182,-0.389497,-0.0969782,-0.337866,-2.10385,-0.0132548,0.927359,0.3878,0.143374
-2.43374,1.12729,-1.9272,0.0470705,2.06242,2.55055,-1.81503,0.169278,0.692787,-0.909018,-0.435829,-0.102279,-0.387675,0.27109,-0.0411866,-1.67209,0.637961,2.39239,-2.40453,0.613026
-1.21845,2.14235,0.338996,0.867229,1.09506,1.11742,1.3644,-2.57495,0.112612,0.581819,-1.43197,2.05795,1.0928,0.64847,-0.741673,-1.50961,-0.0570434,0.69723,0.687029,1.3054
-1.12015,0.83622,1.07048,-0.134157,2.09031,1.71007,-1.82012,2.24447,0.903107,1.15092,1.69605,1.33178,-1.67798,1.30596,-0.483607,1.14268,-0.228578,0.605302,-0.734092,-0.153163
-1.78812,-0.0269065,-0.546498,0.839804,0.61853,1.63044,-0.212146,-0.389363,-0.0133662,-0.202912,-0.129026,-1.04481,0.241393,-0.291209,-0.12992,-0.658992,0.324672,-0.0596748,0.123466,0.798963
-1.39752,0.474551,0.110142,-0.586489,-1.03972,-0.760978,-0.275458,2.01658,0.343208,-0.54548,-0.0295865,0.294495,-0.781129,0.822577,-0.57184,2.2055,-0.519814,0.0851528,0.0865956,-0.513409
-1.72866,0.107513,1.5668,1.57375,0.851308,0.0395618,-0.350688,1.15943,0.718928,0.0914356,1.8527,-1.03382,-0.543457,0.45836,-0.39815,1.0626,-0.30538,-0.652768,0.432825,0.204128
2.34002,0.677753,-0.625579,1.79644,0.242034,-0.776452,1.13949,1.27459,0.196694,-0.379745,1.83155,2.02986,-1.93439,0.213668,1.65764,2.01215,-0.736092,0.14305,-0.973755,-0.708303