1.16086,-2.83149,0.384181,-0.850407,-0.508387,-1.6667,-1.53752,0.592485,-0.69135,-0.28359,-0.127083,-1.87038,-0.905946,-0.804971,0.184854,0.287473,-0.257395,-1.02619,0.0145783,-0.296264
0.00234395,-0.690712,0.950932,0.509381,0.0308699,1.14869,0.788338,0.0820666,0.00885305,1.85431,1.86156,-1.35998,0.441524,-0.548865,0.398351,-0.348339,-0.404528,-0.256356,1.0065,0.714864
-0.943712,-1.70136,-0.608283,0.0783857,0.329549,0.230364,-2.13076,-0.411374,-1.15799,-0.32145,-0.686557,-1.79663,-1.4297,-0.921369,-0.173001,0.0809667,-0.816816,0.100036,-0.827942,0.723227
0.700031,0.12189,-0.175991,-0.0483056,1.83429,0.108799,-1.00435,1.76427,0.11988,0.135822,-0.204253,0.338854,-2.34346,-0.216507,1.59119,-0.328215,0.3726,-0.382775,-2.37001,0.35767
-2.11371,0.633661,-1.86532,1.37952,2.0529,-0.0885959,-1.72359,-0.544168,0.0109134,-2.45504,-2.64463,-0.310929,-0.0166821,-0.695874,0.100657,-2.11118,0.618199,0.507197,-1.15803,0.424368
-2.65733,-0.463763,0.244026,0.0312728,0.533392,-0.219454,-2.04649,-1.8904,-0.576241,-1.5833,-1.82322,-0.85358,0.284672,-0.060472,-2.05395,-0.725423,0.113908,-0.122108,0.231365,0.433173
1.27153,-0.411423,1.81358,-0.830227,1.24088,0.136648,-2.48633,0.95445,0.286298,2.1963,-0.0440322,0.129389,-0.875642,0.414511,0.733708,0.96012,-0.0859772,-0.345808,-2.22581,-0.0513323
-0.808864,2.15986,0.364844,0.518807,1.9395,-0.458677,0.91717,0.137145,0.494683,-0.593077,0.484133,2.43184,-0.389569,-0.0969769,-0.337881,-2.10392,-0.013006,0.927371,0.389684,0.143574
-2.43373,1.12952,-1.92717,0.0490313,2.06243,2.55055,-1.81503,0.167291,0.692799,-0.910391,-0.439029,-0.105161,-0.388171,0.271075,-0.0409996,-1.67214,0.637965,2.39244,-2.40453,0.613234
-1.21847,2.14241,0.340889,0.872587,1.09508,1.11813,1.3644,-2.57494,0.1134,0.582403,-1.43199,2.05794,1.09279,0.648474,-0.742279,-1.5102,-0.057023,0.697943,0.688774,1.30532
-1.12168,0.837299,1.07861,-0.136038,2.09031,1.71011,-1.82011,2.24444,0.903124,1.15093,1.69606,1.33174,-1.67798,1.30594,-0.484343,1.14267,-0.228657,0.60567,-0.736335,-0.152563
-1.78819,-0.0252046,-0.544613,0.839838,0.618519,1.63044,-0.211864,-0.392076,-0.0133705,-0.205243,-0.128864,-1.04718,0.241242,-0.291185,-0.13406,-0.660398,0.325946,-0.0595217,0.124285,0.79855
-1.39752,0.475548,0.109143,-0.592026,-1.03974,-0.761962,-0.276725,2.01665,0.343207,-0.545893,-0.0306265,0.295443,-0.782847,0.822602,-0.572158,2.20549,-0.5198,0.0859997,0.0861495,-0.514739
-1.72863,0.108759,1.5668,1.57376,0.852595,0.0401886,-0.350675,1.15944,0.719593,0.0892748,1.8527,-1.03383,-0.544313,0.458282,-0.399529,1.06252,-0.305331,-0.652767,0.432902,0.203735
2.34011,0.679196,-0.630988,1.79649,0.240557,-0.777648,1.14158,1.27486,0.194328,-0.380293,1.83159,2.02987,-1.93441,0.214301,1.65763,2.01213,-0.737502,0.144088,-0.973781,-0.709376