1.16407,-2.83154,0.384407,-0.856465,-0.510254,-1.66667,-1.53755,0.592885,-0.694281,-0.282164,-0.127094,-1.87036,-0.906848,-0.804964,0.184735,0.28746,-0.258853,-1.02616,0.0144934,-0.297115
0.00587221,-0.690394,0.952078,0.5094,0.0320767,1.14877,0.79022,0.0822225,0.0084929,1.8543,1.86157,-1.35997,0.44014,-0.548908,0.398263,-0.35062,-0.40361,-0.256701,1.00654,0.714838
-0.943874,-1.70308,-0.608268,0.0768714,0.329276,0.229878,-2.13074,-0.411412,-1.15797,-0.322436,-0.688616,-1.79666,-1.4297,-0.921381,-0.173042,0.0809668,-0.816813,0.101222,-0.828134,0.72323
0.70044,0.121199,-0.175338,-0.0482922,1.83428,0.10851,-1.00617,1.76423,0.119331,0.135983,-0.205704,0.337379,-2.34349,-0.218793,1.59119,-0.329174,0.373978,-0.382304,-2.37,0.357903
-2.11377,0.637552,-1.86537,1.37947,2.0529,-0.0888673,-1.72357,-0.545618,0.0110401,-2.45505,-2.64463,-0.312271,-0.01729,-0.695864,0.0999377,-2.11119,0.618817,0.509514,-1.1608,0.424849
-2.65741,-0.464775,0.245478,0.0302102,0.533126,-0.218196,-2.04652,-1.89044,-0.576262,-1.58332,-1.82322,-0.854317,0.284682,-0.0615619,-2.05392,-0.725441,0.113944,-0.124011,0.232106,0.433183
1.27152,-0.410837,1.8136,-0.83521,1.24086,0.138018,-2.48639,0.956994,0.285565,2.19625,-0.0462311,0.130538,-0.878655,0.416241,0.732823,0.959819,-0.0850082,-0.34591,-2.22581,-0.0520279
-0.809754,2.15989,0.366424,0.520588,1.93949,-0.459371,0.9172,0.138145,0.494956,-0.593054,0.484299,2.43185,-0.389622,-0.0969768,-0.337896,-2.10398,-0.0127676,0.927382,0.391312,0.143724
-2.43372,1.13143,-1.92714,0.0507335,2.06243,2.55055,-1.81503,0.165562,0.692809,-0.911585,-0.441838,-0.107685,-0.388577,0.271063,-0.0408824,-1.67218,0.63797,2.39249,-2.40453,0.613355
-1.21848,2.14246,0.342524,0.877357,1.09509,1.11874,1.3644,-2.57494,0.114079,0.58293,-1.43201,2.05794,1.09278,0.648477,-0.742806,-1.51065,-0.0570039,0.698549,0.690272,1.30526
-1.12295,0.83822,1.08574,-0.137687,2.09032,1.71013,-1.8201,2.24441,0.90314,1.15094,1.69608,1.33171,-1.67797,1.30593,-0.484964,1.14267,-0.228706,0.605981,-0.738265,-0.152074
-1.78826,-0.023727,-0.542835,0.839866,0.618478,1.63043,-0.211562,-0.394453,-0.0133744,-0.207282,-0.128612,-1.04923,0.241103,-0.291168,-0.137758,-0.661613,0.327092,-0.0594353,0.125054,0.798152
-1.39751,0.476419,0.108302,-0.596954,-1.03975,-0.762815,-0.277824,2.0167,0.343205,-0.546234,-0.0315437,0.296285,-0.784317,0.822622,-0.572404,2.20548,-0.519789,0.0867399,0.0857257,-0.515908
-1.7286,0.109896,1.5668,1.57377,0.853675,0.0407702,-0.350665,1.15945,0.72014,0.0873535,1.85269,-1.03383,-0.545049,0.458202,-0.400743,1.06245,-0.30523,-0.652748,0.433005,0.203356
2.34019,0.680455,-0.635828,1.79653,0.2392,-0.778675,1.1434,1.27497,0.192187,-0.380763,1.83163,2.02987,-1.93442,0.21485,1.65763,2.01212,-0.738709,0.145005,-0.973804,-0.710269