1.16689,-2.83157,0.384607,-0.861853,-0.511917,-1.66665,-1.53757,0.593245,-0.696861,-0.280917,-0.127102,-1.87034,-0.907653,-0.804958,0.184606,0.287449,-0.260127,-1.02614,0.0144458,-0.297854
0.00908807,-0.690136,0.953086,0.509417,0.033124,1.14881,0.791861,0.0823607,0.00815862,1.85429,1.86158,-1.35996,0.438891,-0.548945,0.398197,-0.352619,-0.402767,-0.256985,1.00658,0.714814
-0.943957,-1.70457,-0.608255,0.0755575,0.329036,0.229437,-2.13074,-0.411446,-1.15796,-0.323301,-0.69041,-1.79669,-1.4297,-0.92139,-0.173093,0.0809673,-0.81681,0.102263,-0.828291,0.723233
0.700811,0.120598,-0.174739,-0.0483336,1.83427,0.108225,-1.00775,1.76419,0.118847,0.13609,-0.206982,0.336089,-2.34351,-0.220795,1.5912,-0.330013,0.375176,-0.381885,-2.36999,0.35809
-2.11383,0.640988,-1.86541,1.37943,2.0529,-0.0890964,-1.72355,-0.54689,0.0111433,-2.45507,-2.64463,-0.313453,-0.0178089,-0.695855,0.0992288,-2.11119,0.619339,0.511536,-1.16318,0.425228
-2.65749,-0.465706,0.246763,0.0293159,0.532879,-0.217057,-2.04654,-1.89046,-0.576281,-1.58334,-1.82322,-0.85495,0.284711,-0.0625493,-2.0539,-0.72544,0.113975,-0.125714,0.232756,0.433166
1.27151,-0.410224,1.81361,-0.839665,1.24085,0.139274,-2.48643,0.959196,0.284914,2.19621,-0.0481849,0.131556,-0.881261,0.417786,0.732019,0.959536,-0.0841562,-0.3459,-2.22582,-0.052633
-0.810511,2.15992,0.367792,0.522123,1.93949,-0.459965,0.917226,0.139037,0.495198,-0.593017,0.484438,2.43186,-0.389661,-0.0969776,-0.337909,-2.10403,-0.0125417,0.927392,0.392719,0.143835
-2.43372,1.13307,-1.92712,0.0522098,2.06244,2.55055,-1.81503,0.164057,0.692816,-0.912625,-0.444303,-0.109894,-0.388912,0.271053,-0.0408182,-1.67222,0.637975,2.39254,-2.40454,0.613412
-1.2185,2.1425,0.343936,0.881602,1.0951,1.11927,1.36441,-2.57494,0.114666,0.583403,-1.43202,2.05794,1.09277,0.648479,-0.743265,-1.511,-0.056986,0.699066,0.691559,1.3052
-1.124,0.83901,1.092,-0.139131,2.09032,1.71016,-1.8201,2.24439,0.903154,1.15094,1.69609,1.33168,-1.67797,1.30591,-0.485487,1.14267,-0.228731,0.606248,-0.739934,-0.151676
-1.78832,-0.0224457,-0.54117,0.83989,0.618417,1.63043,-0.211246,-0.396535,-0.013378,-0.209063,-0.128293,-1.05099,0.240975,-0.291157,-0.141061,-0.662664,0.328122,-0.0594011,0.125774,0.797774
-1.3975,0.477179,0.107596,-0.60134,-1.03976,-0.763557,-0.278778,2.01675,0.343203,-0.546517,-0.0323524,0.297031,-0.785579,0.822639,-0.572593,2.20547,-0.519778,0.087387,0.0853269,-0.516938
-1.72858,0.110931,1.5668,1.57377,0.854584,0.0413095,-0.350658,1.15946,0.720588,0.0856473,1.85268,-1.03384,-0.545682,0.45812,-0.401814,1.06238,-0.305096,-0.652718,0.433126,0.202993
2.34026,0.681556,-0.640156,1.79657,0.237957,-0.779558,1.14498,1.27496,0.190251,-0.381169,1.83167,2.02987,-1.93443,0.215328,1.65762,2.01211,-0.739745,0.145812,-0.973824,-0.711013