1.16938,-2.8316,0.384782,-0.866645,-0.513402,-1.66663,-1.53759,0.593567,-0.699133,-0.279826,-0.127109,-1.87032,-0.908372,-0.804955,0.184475,0.287441,-0.261243,-1.02612,0.0144255,-0.298497
0.0120135,-0.689929,0.953974,0.509431,0.0340338,1.14882,0.793294,0.0824823,0.00784948,1.85428,1.86158,-1.35996,0.437766,-0.548977,0.39815,-0.354371,-0.401992,-0.257223,1.00661,0.714794
-0.94398,-1.70588,-0.608244,0.0744184,0.328824,0.229037,-2.13073,-0.411475,-1.15794,-0.324061,-0.691974,-1.79672,-1.4297,-0.921398,-0.173148,0.0809679,-0.816808,0.103178,-0.828422,0.723235
0.70115,0.120077,-0.17419,-0.0484144,1.83426,0.107947,-1.00911,1.76415,0.118419,0.136157,-0.208107,0.334965,-2.34353,-0.222547,1.5912,-0.330746,0.376215,-0.381514,-2.36998,0.358239
-2.11388,0.644023,-1.86545,1.37939,2.0529,-0.0892921,-1.72353,-0.548008,0.0112259,-2.45508,-2.64464,-0.314493,-0.018252,-0.695848,0.0985391,-2.1112,0.619781,0.5133,-1.16525,0.425525
-2.65755,-0.466558,0.247897,0.0285642,0.532651,-0.216027,-2.04655,-1.89049,-0.576298,-1.58336,-1.82323,-0.855495,0.284751,-0.0634434,-2.05388,-0.725427,0.114002,-0.127238,0.233327,0.43313
1.2715,-0.409599,1.81362,-0.843645,1.24083,0.140426,-2.48648,0.961108,0.284338,2.19617,-0.0499193,0.132458,-0.883519,0.419167,0.731292,0.959273,-0.0834087,-0.345805,-2.22582,-0.0531607
-0.811157,2.15994,0.368977,0.523447,1.93948,-0.460475,0.917249,0.139831,0.495414,-0.592973,0.484557,2.43187,-0.389688,-0.0969789,-0.337922,-2.10408,-0.0123295,0.927402,0.393937,0.143916
-2.43371,1.1345,-1.9271,0.0534893,2.06244,2.55055,-1.81503,0.162749,0.692822,-0.913532,-0.446465,-0.111823,-0.389189,0.271044,-0.0407938,-1.67225,0.637981,2.39258,-2.40454,0.613422
-1.2185,2.14253,0.345153,0.885376,1.0951,1.11972,1.36441,-2.57494,0.115172,0.583828,-1.43203,2.05794,1.09276,0.64848,-0.743666,-1.51126,-0.0569696,0.699508,0.692666,1.30515
-1.12489,0.839689,1.09749,-0.140397,2.09033,1.71018,-1.82009,2.24437,0.903167,1.15095,1.6961,1.33165,-1.67796,1.3059,-0.485928,1.14267,-0.22874,0.606478,-0.741382,-0.151352
-1.78837,-0.0213353,-0.539619,0.839909,0.618343,1.63043,-0.210922,-0.39836,-0.0133813,-0.210619,-0.127927,-1.05252,0.240857,-0.291149,-0.144012,-0.663575,0.329046,-0.0594072,0.126447,0.797421
-1.3975,0.477843,0.107003,-0.605245,-1.03977,-0.764203,-0.279609,2.01679,0.3432,-0.546752,-0.0330652,0.297694,-0.786664,0.822654,-0.572739,2.20546,-0.51977,0.0879528,0.0849545,-0.517847
-1.72856,0.111869,1.56681,1.57377,0.855351,0.0418093,-0.350654,1.15947,0.720957,0.0841341,1.85268,-1.03384,-0.546228,0.458038,-0.402761,1.06233,-0.304941,-0.652683,0.433258,0.20265
2.34032,0.682518,-0.644027,1.79661,0.23682,-0.78032,1.14637,1.27488,0.188503,-0.38152,1.8317,2.02986,-1.93444,0.215744,1.65762,2.0121,-0.740638,0.146523,-0.973841,-0.711636