1.17158,-2.83163,0.384936,-0.870909,-0.51473,-1.66662,-1.53761,0.593855,-0.701136,-0.278872,-0.127115,-1.87031,-0.909017,-0.804953,0.184343,0.287435,-0.262222,-1.0261,0.014425,-0.299058
0.0146702,-0.689763,0.954756,0.509444,0.0348249,1.1488,0.794548,0.0825887,0.00756452,1.85427,1.86159,-1.35995,0.436755,-0.549004,0.398119,-0.355907,-0.401282,-0.257425,1.00664,0.714777
-0.94396,-1.70702,-0.608235,0.0734311,0.328638,0.228675,-2.13072,-0.4115,-1.15793,-0.324731,-0.693339,-1.79675,-1.4297,-0.921404,-0.173205,0.0809687,-0.816805,0.10398,-0.828533,0.723236
0.701461,0.119626,-0.173689,-0.0485227,1.83425,0.107683,-1.01029,1.76412,0.11804,0.136194,-0.209097,0.333987,-2.34354,-0.224081,1.5912,-0.331389,0.377118,-0.381184,-2.36997,0.358357
-2.11393,0.646707,-1.86549,1.37935,2.0529,-0.089461,-1.72352,-0.548991,0.0112909,-2.45509,-2.64464,-0.315409,-0.0186309,-0.695841,0.097875,-2.1112,0.620157,0.514838,-1.16703,0.425757
-2.65761,-0.467337,0.248899,0.027933,0.532441,-0.215098,-2.04657,-1.89051,-0.576314,-1.58338,-1.82323,-0.855966,0.2848,-0.0642529,-2.05386,-0.725406,0.114026,-0.1286,0.233827,0.433081
1.27149,-0.408975,1.81363,-0.8472,1.24082,0.141483,-2.48651,0.962771,0.283831,2.19614,-0.0514578,0.133258,-0.885478,0.420402,0.730636,0.95903,-0.082754,-0.345648,-2.22582,-0.0536218
-0.811709,2.15996,0.370005,0.524592,1.93948,-0.460912,0.917269,0.140539,0.495607,-0.592925,0.484657,2.43188,-0.389708,-0.0969806,-0.337934,-2.10412,-0.0121316,0.927411,0.394992,0.143974
-2.43371,1.13572,-1.92708,0.0545975,2.06245,2.55055,-1.81503,0.161611,0.692826,-0.914323,-0.448361,-0.113507,-0.389418,0.271037,-0.0407988,-1.67228,0.637987,2.39261,-2.40454,0.613396
-1.21851,2.14256,0.346203,0.88873,1.09511,1.12011,1.36441,-2.57494,0.11561,0.58421,-1.43204,2.05794,1.09276,0.648481,-0.744018,-1.51147,-0.0569545,0.699887,0.693617,1.3051
-1.12563,0.840276,1.10232,-0.141505,2.09033,1.7102,-1.82008,2.24436,0.903178,1.15095,1.69611,1.33163,-1.67796,1.30589,-0.486299,1.14267,-0.228738,0.606677,-0.742643,-0.151087
-1.78841,-0.0203736,-0.538181,0.839926,0.618259,1.63043,-0.210595,-0.39996,-0.0133844,-0.211976,-0.127531,-1.05384,0.240748,-0.291144,-0.146646,-0.664365,0.329875,-0.0594442,0.127073,0.797094
-1.39749,0.478423,0.106506,-0.608721,-1.03978,-0.764766,-0.280333,2.01683,0.343197,-0.546948,-0.0336935,0.29828,-0.787599,0.822667,-0.57285,2.20546,-0.519762,0.0884477,0.084609,-0.518651
-1.72854,0.112718,1.56681,1.57378,0.855999,0.042272,-0.35065,1.15948,0.721258,0.0827932,1.85267,-1.03385,-0.546699,0.457958,-0.403599,1.06228,-0.304774,-0.652646,0.433396,0.202327
2.34038,0.68336,-0.647487,1.79664,0.235781,-0.780977,1.14759,1.27473,0.186925,-0.381823,1.83173,2.02986,-1.93445,0.216105,1.65761,2.01209,-0.74141,0.14715,-0.973856,-0.712158