1.17352,-2.83165,0.38507,-0.874702,-0.515918,-1.66661,-1.53762,0.594114,-0.702905,-0.278036,-0.12712,-1.8703,-0.909594,-0.804952,0.184214,0.287431,-0.263082,-1.02609,0.0144386,-0.299548
0.0170788,-0.689632,0.955446,0.509454,0.0355136,1.14877,0.795648,0.082681,0.00730265,1.85426,1.86159,-1.35995,0.435848,-0.549027,0.398101,-0.357256,-0.400632,-0.257597,1.00666,0.714762
-0.94391,-1.70803,-0.608227,0.0725759,0.328475,0.228346,-2.13072,-0.411522,-1.15792,-0.325321,-0.694531,-1.79677,-1.4297,-0.921409,-0.173263,0.0809695,-0.816803,0.104685,-0.828629,0.723236
0.701747,0.119236,-0.173234,-0.0486493,1.83424,0.107433,-1.01131,1.7641,0.117704,0.136209,-0.209969,0.333138,-2.34356,-0.225424,1.5912,-0.331952,0.377901,-0.380892,-2.36996,0.358452
-2.11397,0.649082,-1.86552,1.37933,2.05289,-0.0896084,-1.72351,-0.549856,0.0113409,-2.4551,-2.64464,-0.316217,-0.0189551,-0.695835,0.0972409,-2.11121,0.620477,0.516178,-1.16858,0.425935
-2.65766,-0.468048,0.249781,0.0274036,0.532249,-0.214263,-2.04658,-1.89053,-0.576329,-1.58339,-1.82323,-0.856374,0.284853,-0.0649855,-2.05384,-0.725381,0.114047,-0.129818,0.234267,0.433023
1.27148,-0.408359,1.81364,-0.850373,1.24081,0.142453,-2.48654,0.964221,0.283385,2.19611,-0.0528214,0.133968,-0.88718,0.421507,0.730044,0.958806,-0.0821815,-0.345446,-2.22582,-0.0540256
-0.812183,2.15998,0.370897,0.525583,1.93947,-0.461288,0.917286,0.141169,0.495779,-0.592874,0.484742,2.43189,-0.389721,-0.0969826,-0.337946,-2.10415,-0.0119483,0.927419,0.395906,0.144014
-2.43371,1.13678,-1.92706,0.0555568,2.06245,2.55054,-1.81503,0.160623,0.692829,-0.915014,-0.450024,-0.114974,-0.38961,0.271031,-0.0408252,-1.6723,0.637993,2.39264,-2.40454,0.613345
-1.21852,2.14259,0.347109,0.891709,1.09512,1.12045,1.36441,-2.57494,0.115989,0.584552,-1.43205,2.05794,1.09275,0.648481,-0.744326,-1.51163,-0.0569407,0.700213,0.694436,1.30506
-1.12625,0.840785,1.10657,-0.142475,2.09033,1.71022,-1.82007,2.24434,0.903188,1.15096,1.69612,1.33161,-1.67795,1.30588,-0.486611,1.14267,-0.228727,0.606852,-0.743746,-0.150871
-1.78845,-0.019541,-0.536852,0.83994,0.618171,1.63043,-0.210268,-0.401363,-0.0133871,-0.213159,-0.127115,-1.05498,0.240647,-0.291141,-0.148998,-0.66505,0.330618,-0.0595039,0.127655,0.796794
-1.39749,0.478931,0.106089,-0.611817,-1.03979,-0.765258,-0.280966,2.01686,0.343194,-0.547111,-0.0342473,0.2988,-0.788406,0.822677,-0.572935,2.20545,-0.519755,0.0888809,0.08429,-0.519364
-1.72853,0.113483,1.56681,1.57378,0.856547,0.0427001,-0.350648,1.15948,0.721505,0.0816061,1.85267,-1.03385,-0.547107,0.457879,-0.404342,1.06223,-0.304603,-0.652609,0.433535,0.202026
2.34042,0.684097,-0.650579,1.79666,0.234834,-0.781544,1.14865,1.27455,0.185503,-0.382087,1.83175,2.02986,-1.93446,0.216419,1.65761,2.01208,-0.74208,0.147702,-0.97387,-0.712597