0.604865,-2.83603,0.364922,-0.312992,-0.224088,-1.68585,-1.54939,0.440414,-0.235642,-0.355222,-0.114527,-1.90387,-0.67144,-0.823575,0.137233,0.28637,-0.0444507,-1.0585,0.155494,-0.090008
-0.152518,-0.581993,0.657854,0.535029,-0.0532173,0.820912,0.39461,0.0655245,-0.015068,1.89613,1.85573,-1.37542,0.448814,-0.550774,0.355647,-0.0992539,-0.414407,-0.0280675,1.00268,0.679506
-0.625261,-1.19127,-0.609873,0.196599,0.258713,0.16493,-2.16807,-0.396216,-1.18713,-0.131579,-0.337703,-1.81069,-1.41354,-0.927503,-0.294276,0.0969787,-0.818823,-0.0356384,-0.577514,0.747616
0.526972,0.105709,-0.129659,-0.23526,1.85547,-0.0203317,-0.628761,1.78543,0.116833,-0.105472,-0.0833019,0.379383,-2.37984,0.0675926,1.58502,-0.207282,0.183452,-0.395218,-2.39703,0.283192
-2.13113,0.224364,-1.8685,1.39825,2.05971,-0.00264266,-1.74506,-0.327729,0.0570287,-2.48357,-2.66613,-0.14598,0.106058,-0.709767,0.0612932,-2.13175,0.299676,0.232128,-0.596076,0.263804
-2.68512,-0.316702,0.177142,0.131606,0.451205,-0.223836,-2.04936,-1.90146,-0.55014,-1.57928,-1.85648,-0.605133,0.308973,0.0162978,-2.09872,-0.514735,0.0968403,-0.0616648,0.151363,0.360798
1.28934,-0.224734,1.82836,-0.474396,1.24589,0.0164575,-2.5007,0.404483,0.140179,2.22475,0.0964573,0.0230429,-0.298646,0.162854,0.564321,0.808908,-0.125128,-0.0855358,-2.24825,0.050032
-0.524746,2.17654,0.132188,0.136645,1.9533,-0.34531,0.924785,0.0595307,0.427823,-0.444012,0.403874,2.46204,-0.341111,-0.0870429,-0.339253,-2.11645,0.0413275,0.939952,0.133863,-0.0156326
-2.46387,0.709305,-1.96339,-0.124231,2.08424,2.57984,-1.84321,0.275769,0.692001,-0.636713,-0.146789,0.0589383,-0.201729,0.273482,-0.183618,-1.68022,0.641274,2.39366,-2.42414,0.388068
-1.22256,2.17603,0.144785,0.418217,1.11425,0.777772,1.36079,-2.60037,0.0932395,0.554768,-1.4327,2.07183,1.12903,0.63711,-0.506344,-1.0167,-0.0615749,0.472702,0.371263,1.31689
-0.695775,0.481436,0.200242,-0.0446912,2.1175,1.7194,-1.83169,2.27154,0.910686,1.15132,1.72427,1.34971,-1.68446,1.31821,-0.352823,1.16088,-0.140812,0.398156,-0.22325,-0.223533
-1.78855,-0.0720098,-0.338467,0.863558,0.466674,1.64862,-0.168013,-0.103866,-0.0213946,-0.0221162,-0.00391133,-0.589132,0.29627,-0.274757,0.145143,-0.338496,0.238899,-0.133665,0.0717279,0.536547
-1.405,0.334925,0.199611,-0.152401,-1.05156,-0.555862,-0.10129,2.02749,0.348276,-0.406569,-0.0109661,0.272697,-0.376376,0.823493,-0.360182,2.22478,-0.51847,0.0749641,0.0514738,-0.29476
-1.74758,0.0847349,1.58831,1.57408,0.475895,-0.0161107,-0.375481,1.17831,0.505897,0.204896,1.89114,-1.02477,-0.342419,0.424064,-0.170239,1.09524,-0.100567,-0.516923,0.442716,0.0595482
2.35492,0.498494,-0.219997,1.80417,0.287929,-0.557894,0.701386,0.757556,0.224435,-0.274177,1.82966,2.0523,-1.96037,0.17879,1.6804,2.02757,-0.42266,0.110257,-0.980129,-0.359712