1.17525,-2.83167,0.385187,-0.878076,-0.516981,-1.6666,-1.53764,0.594345,-0.704467,-0.277305,-0.127123,-1.87029,-0.910113,-0.804952,0.18409,0.287427,-0.263838,-1.02607,0.014462,-0.299978
0.0192593,-0.68953,0.956054,0.509464,0.036114,1.14873,0.796613,0.0827606,0.00706267,1.85426,1.8616,-1.35994,0.435035,-0.549047,0.398092,-0.35844,-0.400038,-0.257746,1.00668,0.714748
-0.943837,-1.70892,-0.60822,0.0718351,0.328331,0.228048,-2.13071,-0.411541,-1.15791,-0.325843,-0.695571,-1.79678,-1.42971,-0.921414,-0.17332,0.0809703,-0.816801,0.105304,-0.828712,0.723236
0.702012,0.1189,-0.172821,-0.0487869,1.83424,0.107201,-1.01219,1.76408,0.117407,0.136208,-0.210735,0.332402,-2.34357,-0.2266,1.59119,-0.332446,0.37858,-0.380632,-2.36995,0.358527
-2.11401,0.651184,-1.86555,1.3793,2.05289,-0.0897383,-1.7235,-0.550619,0.0113782,-2.45511,-2.64464,-0.316929,-0.0192327,-0.69583,0.0966397,-2.11121,0.62075,0.517345,-1.16993,0.426072
-2.65771,-0.468696,0.25056,0.0269598,0.532073,-0.213513,-2.04659,-1.89054,-0.576342,-1.5834,-1.82323,-0.856728,0.284909,-0.0656485,-2.05383,-0.725353,0.114066,-0.130907,0.234654,0.432961
1.27148,-0.407758,1.81364,-0.853205,1.2408,0.143345,-2.48657,0.965487,0.282993,2.19608,-0.054029,0.134598,-0.888659,0.422496,0.729512,0.9586,-0.0816815,-0.345211,-2.22583,-0.0543798
-0.812589,2.16,0.371672,0.526443,1.93947,-0.46161,0.917302,0.141729,0.495932,-0.592823,0.484814,2.4319,-0.38973,-0.0969847,-0.337956,-2.10418,-0.0117791,0.927427,0.396698,0.14404
-2.4337,1.1377,-1.92705,0.056387,2.06245,2.55054,-1.81503,0.159765,0.692832,-0.915617,-0.451482,-0.116251,-0.38977,0.271026,-0.0408666,-1.67232,0.637999,2.39266,-2.40455,0.613278
-1.21852,2.14262,0.347889,0.894354,1.09512,1.12075,1.36441,-2.57494,0.116318,0.584859,-1.43206,2.05794,1.09275,0.648481,-0.744598,-1.51174,-0.0569283,0.700494,0.69514,1.30502
-1.12677,0.841228,1.11031,-0.143324,2.09033,1.71023,-1.82006,2.24433,0.903197,1.15096,1.69613,1.33159,-1.67795,1.30587,-0.486873,1.14267,-0.228712,0.607006,-0.744714,-0.150695
-1.78849,-0.0188201,-0.535629,0.839952,0.618081,1.63043,-0.209946,-0.402594,-0.0133897,-0.214191,-0.126691,-1.05597,0.240554,-0.291139,-0.151099,-0.665644,0.331283,-0.05958,0.128193,0.796519
-1.39748,0.479374,0.10574,-0.614573,-1.0398,-0.765689,-0.281518,2.01689,0.34319,-0.547249,-0.0347356,0.299261,-0.789104,0.822686,-0.572999,2.20545,-0.51975,0.0892603,0.0839967,-0.519995
-1.72852,0.114173,1.56681,1.57378,0.857013,0.0430958,-0.350647,1.15949,0.721706,0.080556,1.85267,-1.03385,-0.54746,0.457804,-0.405002,1.0622,-0.304432,-0.652573,0.433674,0.201747
2.34047,0.684743,-0.653341,1.79668,0.233971,-0.782035,1.14959,1.27435,0.184222,-0.382317,1.83177,2.02986,-1.93447,0.216692,1.65761,2.01207,-0.742663,0.148187,-0.973882,-0.712967