0.708634,-2.81829,0.373383,-0.367997,-0.270696,-1.6701,-1.53767,0.487402,-0.315266,-0.370689,-0.116293,-1.87976,-0.725494,-0.814722,0.14101,0.288933,-0.0628758,-1.03782,0.132449,-0.118706
-0.137307,-0.633278,0.734542,0.518932,-0.0589021,0.90437,0.46943,0.0716989,-0.00011927,1.87477,1.85618,-1.36369,0.455738,-0.54972,0.364904,-0.129834,-0.431354,-0.0661063,0.996792,0.69785
-0.69408,-1.29765,-0.601027,0.191977,0.290228,0.192012,-2.13906,-0.40324,-1.16787,-0.165995,-0.393293,-1.7938,-1.41641,-0.918523,-0.260168,0.0896068,-0.823141,-0.0239062,-0.640438,0.730442
0.567427,0.119847,-0.144138,-0.195728,1.83783,0.0104158,-0.701828,1.77056,0.130183,-0.0518431,-0.0952498,0.396307,-2.34995,0.0319137,1.581,-0.222219,0.207572,-0.404788,-2.37234,0.283882
-2.10953,0.269204,-1.85662,1.386,2.05157,-0.0125777,-1.72798,-0.360761,0.0455361,-2.4577,-2.64324,-0.167373,0.0844078,-0.698007,0.0664265,-2.11151,0.376949,0.268406,-0.690067,0.286454
-2.65871,-0.353925,0.17723,0.134379,0.479515,-0.228669,-2.03967,-1.88542,-0.562242,-1.56499,-1.83356,-0.661151,0.311936,0.00752069,-2.07244,-0.568978,0.119168,-0.0478975,0.158724,0.363456
1.27655,-0.266115,1.81587,-0.507567,1.23817,0.0311621,-2.47989,0.494393,0.191481,2.20394,0.095726,0.0298662,-0.390413,0.203413,0.624069,0.861303,-0.126548,-0.13086,-2.22733,0.0409005
-0.581102,2.15643,0.15903,0.198599,1.93955,-0.360815,0.915819,0.0659425,0.445295,-0.486629,0.428214,2.43778,-0.346338,-0.0919113,-0.338457,-2.09943,0.0224704,0.933244,0.167914,0.0222752
-2.44075,0.780738,-1.93695,-0.107769,2.06219,2.55615,-1.82248,0.287014,0.690422,-0.693447,-0.18139,0.0563,-0.23773,0.270179,-0.165318,-1.66744,0.638418,2.38138,-2.40481,0.435695
-1.21443,2.14862,0.167693,0.482948,1.10023,0.858975,1.35593,-2.58143,0.0758729,0.555049,-1.42304,2.05414,1.10796,0.64144,-0.568537,-1.13501,-0.0668612,0.52566,0.428057,1.30731
-0.778686,0.555359,0.307416,-0.0406062,2.09526,1.70657,-1.81973,2.25147,0.902813,1.14592,1.70109,1.33494,-1.67406,1.30905,-0.369804,1.14922,-0.156763,0.446852,-0.315225,-0.230761
-1.77809,-0.0810135,-0.403538,0.848011,0.508586,1.63736,-0.182958,-0.14697,-0.0155346,-0.0422275,-0.0126479,-0.680533,0.28741,-0.286439,0.131032,-0.397301,0.250293,-0.124853,0.0812367,0.61707
-1.39831,0.359801,0.204397,-0.195472,-1.0442,-0.595335,-0.123851,2.0108,0.343056,-0.436446,-0.00171309,0.265819,-0.455139,0.819894,-0.40769,2.20675,-0.514655,0.0636027,0.0611543,-0.334605
-1.73153,0.0852228,1.57611,1.56533,0.552805,-0.00669644,-0.363056,1.16196,0.546207,0.199705,1.86372,-1.02885,-0.381654,0.434557,-0.211074,1.07641,-0.14185,-0.55588,0.447777,0.107459
2.33338,0.524121,-0.265712,1.79407,0.291255,-0.593092,0.789938,0.87124,0.24442,-0.293345,1.82319,2.03198,-1.9381,0.177682,1.66006,2.01283,-0.480862,0.108017,-0.9713,-0.432782