0.791219,-2.81977,0.377555,-0.419862,-0.310392,-1.66883,-1.53548,0.519074,-0.378055,-0.375417,-0.119594,-1.87512,-0.765895,-0.812932,0.146337,0.289895,-0.0866487,-1.03288,0.111451,-0.147542
-0.127773,-0.665291,0.785704,0.51027,-0.0589897,0.965154,0.528573,0.0755425,0.00805668,1.86227,1.86176,-1.36189,0.460364,-0.546327,0.373069,-0.156111,-0.433028,-0.101068,0.999723,0.711632
-0.748212,-1.38056,-0.602146,0.184622,0.310061,0.21092,-2.13282,-0.40597,-1.16181,-0.195161,-0.440013,-1.79205,-1.42316,-0.91871,-0.234767,0.0857626,-0.820934,-0.0105505,-0.68723,0.722919
0.598156,0.1303,-0.157021,-0.163652,1.83656,0.0338539,-0.758661,1.76895,0.137916,-0.00808496,-0.105751,0.404066,-2.3427,-0.00194177,1.58547,-0.235407,0.231569,-0.4086,-2.36837,0.290619
-2.10749,0.31125,-1.8574,1.3835,2.05199,-0.0230966,-1.72584,-0.388457,0.034955,-2.45474,-2.64046,-0.18657,0.0668031,-0.695886,0.0720515,-2.1091,0.435309,0.300073,-0.768606,0.305306
-2.65308,-0.380511,0.176602,0.132429,0.498802,-0.235393,-2.04221,-1.88357,-0.571034,-1.57101,-1.82601,-0.702464,0.31087,-0.00207542,-2.06307,-0.608868,0.119119,-0.0421399,0.166326,0.371476
1.27447,-0.299915,1.81443,-0.538372,1.23849,0.0448512,-2.47871,0.571717,0.227813,2.20035,0.0885939,0.0392211,-0.468814,0.238864,0.667156,0.896254,-0.126931,-0.16965,-2.22497,0.0301953
-0.62639,2.15504,0.185257,0.251214,1.93855,-0.374351,0.91512,0.0723649,0.456796,-0.516555,0.443923,2.43379,-0.352706,-0.0946414,-0.338973,-2.09804,0.00943225,0.930977,0.198686,0.0514812
-2.43744,0.840836,-1.93245,-0.0916114,2.05947,2.55219,-1.81834,0.287705,0.691318,-0.736962,-0.212216,0.0491643,-0.267077,0.270149,-0.145039,-1.6668,0.639226,2.38256,-2.40333,0.472969
-1.21557,2.1425,0.188903,0.535302,1.09647,0.92117,1.35845,-2.57924,0.0688086,0.555262,-1.42486,2.05397,1.1005,0.64356,-0.612789,-1.22511,-0.0642156,0.564504,0.474186,1.30555
-0.843974,0.614312,0.405536,-0.0410609,2.09146,1.70579,-1.81881,2.24842,0.901575,1.14726,1.69718,1.33338,-1.67424,1.30799,-0.386071,1.14681,-0.170528,0.484378,-0.391907,-0.230529
-1.77908,-0.0876431,-0.451543,0.844023,0.538214,1.63616,-0.192228,-0.181798,-0.0130111,-0.0601883,-0.0261168,-0.751027,0.277751,-0.29199,0.110875,-0.447168,0.258291,-0.115721,0.0888087,0.674495
-1.39805,0.379147,0.201434,-0.236966,-1.04172,-0.627172,-0.144812,2.0096,0.34207,-0.458299,0.00341568,0.262442,-0.518004,0.81991,-0.444673,2.20538,-0.516755,0.0569444,0.0679839,-0.367166
-1.73062,0.0850675,1.57198,1.56861,0.613345,0.00217796,-0.357663,1.15925,0.579749,0.190785,1.8563,-1.03102,-0.412508,0.441999,-0.243311,1.07081,-0.178552,-0.583037,0.450177,0.141071
2.33239,0.546131,-0.30747,1.79276,0.29108,-0.623667,0.8594,0.960834,0.255438,-0.307662,1.82553,2.02876,-1.93388,0.177746,1.65759,2.01233,-0.526506,0.106403,-0.970277,-0.489884