0.85688,-2.82244,0.379019,-0.468052,-0.34368,-1.66927,-1.53496,0.54029,-0.428611,-0.373046,-0.121711,-1.87335,-0.796656,-0.812092,0.152093,0.290463,-0.110355,-1.03094,0.0928744,-0.174072
-0.119983,-0.684545,0.821676,0.506268,-0.0549803,1.01058,0.575264,0.0777536,0.0120585,1.85477,1.86396,-1.36158,0.464629,-0.543558,0.380751,-0.179386,-0.430507,-0.131879,1.00227,0.718114
-0.791203,-1.44564,-0.604577,0.176226,0.322201,0.223438,-2.13118,-0.407219,-1.1598,-0.218488,-0.47968,-1.79253,-1.42694,-0.919818,-0.21653,0.0839163,-0.817898,0.00287638,-0.72249,0.7204
0.621842,0.137499,-0.167177,-0.138402,1.83663,0.0522856,-0.803575,1.7685,0.141549,0.0258515,-0.115349,0.40608,-2.34073,-0.0320375,1.5888,-0.247337,0.252706,-0.409159,-2.36802,0.30014
-2.10782,0.350256,-1.85899,1.38259,2.05246,-0.0332518,-1.72562,-0.41195,0.026305,-2.45475,-2.64067,-0.203556,0.0527151,-0.695446,0.0777443,-2.10916,0.478737,0.327712,-0.834026,0.322557
-2.65149,-0.399419,0.177632,0.126501,0.511976,-0.241167,-2.04429,-1.88429,-0.574676,-1.57748,-1.82329,-0.733644,0.3085,-0.0100961,-2.05849,-0.638649,0.114653,-0.0416548,0.173956,0.381802
1.2739,-0.32686,1.81386,-0.567064,1.23931,0.0571821,-2.4799,0.637278,0.253401,2.19974,0.0782209,0.0492779,-0.535436,0.268709,0.697188,0.919549,-0.12619,-0.202423,-2.22487,0.019265
-0.662693,2.15595,0.209693,0.295874,1.93881,-0.386243,0.915356,0.0787793,0.464889,-0.537656,0.45427,2.43272,-0.359255,-0.0962452,-0.339327,-2.09854,0.000805173,0.929697,0.226032,0.0735225
-2.43664,0.891087,-1.93126,-0.0760847,2.05972,2.55109,-1.8169,0.282149,0.691669,-0.770459,-0.2399,0.0391781,-0.291055,0.270555,-0.125854,-1.66744,0.639726,2.38459,-2.4037,0.502522
-1.21693,2.14075,0.207923,0.57902,1.09548,0.968202,1.36044,-2.57864,0.0675625,0.556534,-1.42686,2.05532,1.09725,0.644484,-0.644852,-1.29368,-0.0609967,0.593479,0.511649,1.30569
-0.896148,0.661044,0.494147,-0.0447625,2.09058,1.70636,-1.8191,2.24744,0.901549,1.14838,1.69631,1.33339,-1.67522,1.30789,-0.40106,1.14573,-0.182181,0.513165,-0.455278,-0.22564
-1.78099,-0.09124,-0.486807,0.842545,0.559338,1.63511,-0.197873,-0.21068,-0.0124385,-0.0757626,-0.0415055,-0.806284,0.268743,-0.295028,0.0878362,-0.488538,0.265306,-0.107156,0.0945857,0.714542
-1.39788,0.394659,0.19449,-0.276533,-1.04045,-0.652752,-0.163857,2.01039,0.342085,-0.475328,0.0058018,0.261494,-0.568273,0.82023,-0.473301,2.20575,-0.518913,0.0536864,0.0732169,-0.393474
-1.73127,0.0846314,1.56954,1.57153,0.66107,0.0093938,-0.354933,1.1589,0.607308,0.181739,1.85392,-1.03179,-0.43752,0.447068,-0.26982,1.06865,-0.208393,-0.602167,0.450474,0.163732
2.33385,0.565135,-0.345242,1.79252,0.288954,-0.649689,0.914025,1.03137,0.260383,-0.319472,1.82748,2.02824,-1.93299,0.1792,1.65772,2.01268,-0.563499,0.105891,-0.970449,-0.534469