0.909332,-2.82451,0.379147,-0.512507,-0.371228,-1.66941,-1.53503,0.554492,-0.470058,-0.366794,-0.123018,-1.87231,-0.820128,-0.811032,0.157801,0.290636,-0.132027,-1.02973,0.0769021,-0.196999
-0.112262,-0.695481,0.848092,0.505167,-0.0484631,1.04499,0.61245,0.0788743,0.013881,1.85161,1.86402,-1.3615,0.46831,-0.54256,0.387508,-0.200316,-0.427972,-0.1581,1.00378,0.71997
-0.825309,-1.49691,-0.606463,0.167452,0.329377,0.231289,-2.13079,-0.407924,-1.15921,-0.236795,-0.513235,-1.79326,-1.42864,-0.920426,-0.203717,0.0829185,-0.816109,0.0156444,-0.749109,0.720216
0.64012,0.141913,-0.174481,-0.118713,1.83644,0.0668798,-0.839441,1.76799,0.142556,0.0516145,-0.124381,0.404539,-2.34055,-0.058121,1.59048,-0.258141,0.270485,-0.407978,-2.36842,0.310029
-2.10847,0.386001,-1.86029,1.38218,2.05259,-0.0425406,-1.72545,-0.431982,0.0198047,-2.45481,-2.64142,-0.21848,0.0413478,-0.695398,0.0831813,-2.10956,0.510981,0.351831,-0.888446,0.338521
-2.65137,-0.412841,0.180542,0.118046,0.520845,-0.244976,-2.0452,-1.88546,-0.575714,-1.58117,-1.82256,-0.757645,0.305703,-0.0162838,-2.05634,-0.661053,0.111586,-0.0445931,0.18126,0.392132
1.27357,-0.348077,1.81345,-0.593817,1.23997,0.0680135,-2.48118,0.692272,0.271046,2.19954,0.0666192,0.0590472,-0.591666,0.293309,0.717373,0.934989,-0.124511,-0.229924,-2.22496,0.0089995
-0.691666,2.15698,0.231781,0.333639,1.93912,-0.396698,0.915537,0.0850496,0.470864,-0.552642,0.461297,2.43217,-0.365306,-0.0971061,-0.33934,-2.09919,-0.00476226,0.928887,0.250056,0.09007
-2.4361,0.932784,-1.93053,-0.0615021,2.06035,2.5507,-1.81615,0.273199,0.691751,-0.796545,-0.264724,0.0275438,-0.310534,0.270996,-0.109026,-1.66813,0.639695,2.38625,-2.40405,0.526086
-1.21762,2.14016,0.224841,0.616317,1.09525,1.00354,1.36163,-2.57801,0.0695149,0.558598,-1.42822,2.05638,1.09569,0.645239,-0.668297,-1.34573,-0.0589595,0.615424,0.542175,1.3063
-0.938272,0.697921,0.57339,-0.0506164,2.09026,1.70704,-1.81943,2.24682,0.901778,1.14906,1.696,1.33347,-1.67606,1.30779,-0.414399,1.14497,-0.191885,0.53515,-0.507289,-0.218168
-1.78253,-0.0918114,-0.512554,0.841503,0.574614,1.63392,-0.20143,-0.235143,-0.0125857,-0.089419,-0.0567873,-0.850093,0.261272,-0.296398,0.0639899,-0.522213,0.272013,-0.0994302,0.0989317,0.742214
-1.39766,0.407408,0.185714,-0.313623,-1.03979,-0.673232,-0.180816,2.01136,0.342291,-0.489048,0.0062028,0.262132,-0.608596,0.820533,-0.495421,2.20606,-0.520156,0.0528496,0.077474,-0.414667
-1.73153,0.0842629,1.56814,1.57303,0.698841,0.0148614,-0.353526,1.15895,0.629609,0.173472,1.85322,-1.03214,-0.457912,0.450448,-0.291962,1.06753,-0.231629,-0.615744,0.449335,0.178647
2.33521,0.581629,-0.379215,1.79269,0.285828,-0.671528,0.957152,1.08678,0.261289,-0.329603,1.82859,2.02823,-1.93294,0.181691,1.65799,2.01282,-0.594078,0.106496,-0.970862,-0.569417