0.951624,-2.82606,0.378856,-0.553297,-0.393889,-1.66917,-1.53532,0.56407,-0.504517,-0.358845,-0.123936,-1.87167,-0.838006,-0.809807,0.163181,0.290443,-0.151218,-1.02882,0.0635178,-0.21604
-0.104154,-0.701138,0.868086,0.505529,-0.0406743,1.07112,0.642505,0.0793375,0.0146504,1.85117,1.86335,-1.36141,0.470873,-0.542908,0.392864,-0.219194,-0.426227,-0.179741,1.00458,0.719627
-0.852226,-1.53743,-0.607605,0.158599,0.333399,0.235928,-2.13081,-0.408431,-1.15903,-0.25126,-0.541465,-1.7939,-1.42927,-0.920593,-0.194776,0.0822825,-0.815541,0.027376,-0.769148,0.720843
0.65414,0.144085,-0.179364,-0.103329,1.83608,0.0783237,-0.868314,1.76745,0.142014,0.0711342,-0.132977,0.400882,-2.34097,-0.0806018,1.59109,-0.267834,0.285394,-0.405943,-2.36893,0.319026
-2.10919,0.418388,-1.86129,1.38199,2.0526,-0.0507459,-1.72518,-0.449095,0.0152251,-2.45468,-2.6422,-0.231538,0.0320167,-0.695489,0.0881066,-2.10995,0.535107,0.372924,-0.933754,0.35297
-2.65192,-0.422441,0.184818,0.108433,0.526714,-0.246865,-2.04547,-1.88655,-0.575835,-1.58262,-1.82257,-0.776436,0.302762,-0.021147,-2.05552,-0.677907,0.110543,-0.0495953,0.187992,0.401267
1.2733,-0.364646,1.81323,-0.6188,1.24047,0.0773975,-2.48223,0.738076,0.282833,2.19925,0.0549177,0.0680748,-0.638888,0.313412,0.730443,0.945166,-0.122187,-0.252864,-2.22505,-0.000178279
-0.714726,2.15779,0.251385,0.365409,1.93938,-0.40587,0.915638,0.0910325,0.475425,-0.563423,0.466261,2.43183,-0.370529,-0.0974815,-0.339097,-2.0998,-0.00836238,0.928359,0.271021,0.102534
-2.4356,0.967219,-1.9299,-0.0480336,2.0609,2.55058,-1.81571,0.262705,0.691798,-0.817177,-0.286931,0.0151374,-0.326254,0.271338,-0.0948732,-1.66876,0.639405,2.38753,-2.40426,0.544906
-1.21786,2.14001,0.239923,0.648647,1.09519,1.03009,1.36237,-2.57734,0.0730932,0.56099,-1.42914,2.05707,1.09486,0.645998,-0.685538,-1.38519,-0.057965,0.632272,0.567192,1.30683
-0.972522,0.726956,0.643731,-0.0577328,2.09009,1.70764,-1.81966,2.24634,0.902029,1.14952,1.69585,1.33347,-1.6767,1.30761,-0.42598,1.14437,-0.199834,0.551884,-0.549792,-0.209642
-1.78365,-0.0898312,-0.531076,0.840567,0.585837,1.63294,-0.203895,-0.256233,-0.0128421,-0.101788,-0.0707834,-0.885161,0.25559,-0.296597,0.0407633,-0.549274,0.27834,-0.0926157,0.102256,0.761323
-1.39755,0.418063,0.176378,-0.347839,-1.03946,-0.689649,-0.195668,2.01225,0.342477,-0.500211,0.00515241,0.263771,-0.641079,0.820788,-0.512551,2.20619,-0.52063,0.0536942,0.0809852,-0.431818
-1.73135,0.0842064,1.56744,1.57359,0.728886,0.0189351,-0.352794,1.15905,0.647493,0.165871,1.85309,-1.03239,-0.474463,0.452744,-0.310467,1.06675,-0.249465,-0.625502,0.447385,0.188384
2.33619,0.595984,-0.409726,1.79311,0.282273,-0.689742,0.991412,1.13019,0.259551,-0.338308,1.82922,2.02838,-1.93316,0.184748,1.6581,2.01283,-0.619551,0.108067,-0.971318,-0.597011