0.986114,-2.82723,0.37861,-0.590512,-0.412549,-1.66877,-1.53565,0.570634,-0.53347,-0.350454,-0.124653,-1.87128,-0.851642,-0.808655,0.168021,0.290037,-0.167973,-1.02815,0.0525504,-0.231501
-0.0957102,-0.703555,0.883526,0.50639,-0.0324662,1.09089,0.667166,0.0794616,0.0149107,1.85188,1.86261,-1.36126,0.472064,-0.543854,0.396671,-0.236188,-0.42498,-0.197154,1.00497,0.718563
-0.873345,-1.56956,-0.608202,0.149859,0.335442,0.238439,-2.13094,-0.408863,-1.15894,-0.262919,-0.565137,-1.79441,-1.42945,-0.920588,-0.188503,0.0818476,-0.815643,0.0378934,-0.784172,0.721574
0.664816,0.144566,-0.182409,-0.0912236,1.83572,0.087151,-0.89173,1.76697,0.140622,0.086042,-0.141137,0.396044,-2.34149,-0.100026,1.59118,-0.276442,0.29807,-0.403552,-2.36936,0.326678
-2.1099,0.447456,-1.86206,1.38184,2.05259,-0.0578143,-1.72489,-0.463724,0.0121765,-2.45452,-2.64286,-0.242936,0.0242252,-0.695624,0.09236,-2.11026,0.553371,0.391424,-0.971555,0.365682
-2.65269,-0.429453,0.189866,0.0986592,0.530536,-0.24725,-2.0455,-1.88742,-0.575762,-1.5829,-1.82278,-0.791349,0.29983,-0.0252332,-2.0553,-0.690537,0.110703,-0.0556869,0.194035,0.408798
1.27305,-0.377487,1.81316,-0.642139,1.24082,0.0854937,-2.48304,0.776072,0.290361,2.19886,0.043682,0.0762169,-0.678452,0.329846,0.738545,0.951833,-0.119477,-0.271868,-2.22513,-0.00817081
-0.733082,2.15834,0.268591,0.392,1.93955,-0.413885,0.915729,0.0966178,0.478985,-0.571303,0.469915,2.43163,-0.374838,-0.0975777,-0.338747,-2.10036,-0.0107354,0.928004,0.289233,0.111993
-2.43517,0.99562,-1.92936,-0.0357199,2.06131,2.55057,-1.81543,0.251818,0.691875,-0.833737,-0.30678,0.00258271,-0.33888,0.271536,-0.0832706,-1.66932,0.639077,2.38852,-2.40437,0.559921
-1.21792,2.14008,0.253413,0.677024,1.09512,1.05014,1.36287,-2.57672,0.0773615,0.563393,-1.42981,2.05749,1.09435,0.646676,-0.698298,-1.41512,-0.0575489,0.645372,0.587828,1.30711
-1.00049,0.749811,0.705805,-0.0654373,2.09,1.70813,-1.81982,2.24598,0.902243,1.14989,1.69579,1.33337,-1.67717,1.30739,-0.435876,1.14391,-0.206254,0.564594,-0.584459,-0.201084
-1.78447,-0.085964,-0.544045,0.839808,0.594198,1.63225,-0.205814,-0.274663,-0.013029,-0.113321,-0.0829665,-0.913494,0.251526,-0.296112,0.0190243,-0.570868,0.284121,-0.0867015,0.104903,0.774553
-1.39753,0.427053,0.167229,-0.379002,-1.03933,-0.702869,-0.208512,2.01301,0.342618,-0.509274,0.00308882,0.266013,-0.667369,0.821015,-0.525864,2.20621,-0.520677,0.055643,0.083818,-0.445821
-1.73097,0.0845811,1.56713,1.57373,0.752902,0.0220345,-0.352376,1.15914,0.661792,0.158654,1.85311,-1.03263,-0.487813,0.454371,-0.325863,1.06611,-0.263157,-0.63263,0.445106,0.194771
2.33686,0.60847,-0.437137,1.79361,0.278604,-0.704908,1.01884,1.16411,0.256122,-0.345693,1.82961,2.02859,-1.93342,0.188,1.65806,2.0128,-0.640776,0.11038,-0.971751,-0.618985