-0.200476,0.00206258,-0.170614,-0.16545,0.0548143,-0.0402317,0.291909,-0.0435079,-0.147822,0.0447425,0.339593,-0.206781,0.295161,-0.189686,0.0556512,-0.0861763,0.077061,-0.153753,-0.263886,-0.111599
0.47284,-0.00793023,0.245477,0.316725,-0.0801662,0.203207,-0.185708,0.23327,0.187556,-0.0913777,-0.346773,0.313323,-0.478648,0.187182,-0.160616,0.0911455,-0.0679478,0.28085,0.233729,-0.0327874
0.0219119,0.00927603,-0.0103249,-0.00374655,0.0256974,-0.031548,0.0513972,0.0444567,-0.0223761,-0.0309638,0.0685234,0.0020849,-0.016022,-0.0512773,0.00928589,-0.00484407,0.0225309,0.0135055,-0.0397762,-0.0736678
0.084603,-0.0174734,0.0274181,0.0618477,-0.0445263,0.135171,0.0345289,0.0311315,0.0303542,0.0299657,-0.0483288,0.0194703,-0.0253888,0.043583,-0.0643116,-0.00553716,-0.0157255,0.0232084,-0.0039586,0.0117854
0.0683364,0.00858077,0.00198681,0.0215708,0.0222213,-0.00520198,0.0706402,0.0776606,-0.016338,-0.039766,0.069277,0.0201103,-0.0474206,-0.0531949,-0.00804163,-0.00411714,0.0247195,0.0353029,-0.04593,-0.100097
0.232887,0.0113275,-0.00330734,0.0833291,0.0390724,0.0876867,0.289787,0.245633,-0.0505529,-0.0841247,0.226915,0.0367798,-0.10554,-0.155811,-0.0658783,-0.0325556,0.0740533,0.0942883,-0.187011,-0.305196
0.254127,0.00920032,0.0958341,0.141692,4.54832e-05,0.0554014,0.00244009,0.177347,0.0513753,-0.0862245,-0.0512405,0.144719,-0.240877,0.00701677,-0.0638203,0.0322543,0.0036507,0.148735,0.0406331,-0.129637
-0.0768548,-0.0302887,0.00677394,-0.00296313,-0.0745778,0.115294,-0.0886199,-0.127053,0.0457975,0.103219,-0.149031,-0.036754,0.0902981,0.124319,-0.0322509,-0.00223774,-0.0548894,-0.0594065,0.0674785,0.194107
-0.0616982,0.00386419,-0.0270316,-0.0412275,0.0150337,-0.0451459,0.00563132,-0.0303725,-0.0217266,0.00368863,0.0366919,-0.0321592,0.0490364,-0.0226392,0.027534,-0.00657569,0.00793848,-0.0308387,-0.0172651,0.00523718
0.0252307,0.0335329,-0.0535629,-0.0432503,0.0958078,-0.13907,0.170316,0.122511,-0.0892112,-0.0993296,0.250733,-0.0164534,-0.0169138,-0.184491,0.0517651,-0.0202229,0.0795379,0.0215717,-0.141638,-0.236815
-0.0577749,0.0282018,-0.14941,-0.118889,0.113602,-0.106696,0.377321,0.116672,-0.17132,-0.0623104,0.45197,-0.136684,0.153758,-0.29127,0.0583364,-0.077549,0.124102,-0.0618991,-0.315101,-0.312914
0.234486,-0.00927119,0.114391,0.15789,-0.0491295,0.134709,-0.0636539,0.113754,0.090009,-0.0298499,-0.161959,0.141193,-0.214845,0.0930186,-0.091752,0.0366336,-0.0335011,0.129359,0.0961026,-0.0140014
-0.0765874,0.0179847,-0.085835,-0.0873215,0.0669512,-0.098914,0.161049,0.0278134,-0.0930453,-0.0311945,0.227606,-0.0815309,0.0995738,-0.14862,0.0537394,-0.0364287,0.0618008,-0.0488731,-0.146484,-0.13617
0.0968643,0.000180074,0.0368225,0.05688,-0.00756236,0.0394325,0.00314079,0.0621968,0.0227941,-0.0233966,-0.0275937,0.0516222,-0.0843033,0.0110961,-0.0311525,0.0103741,-0.00211267,0.0529396,0.0151769,-0.0385257
0.0536918,-0.0186187,0.0440358,0.0583305,-0.0546814,0.112131,-0.0558091,-0.0148758,0.0536354,0.0395524,-0.12518,0.0326158,-0.0339053,0.0909895,-0.0524538,0.0103688,-0.0372459,0.0191751,0.0609463,0.0826799