0.698286,-2.30107,0.0865932,-0.79033,-1.16566,-1.55329,-1.33286,0.398312,-0.843232,0.758761,-0.00980834,-2.03641,-0.677106,-0.840149,-0.154465,0.378893,-0.302518,-0.906932,0.294274,-0.344114
0.281632,-0.972103,1.33993,0.373446,-1.11491,-0.848035,0.0439522,1.04048,-0.447945,1.55614,1.64465,-1.31695,-0.637406,-0.252465,0.436027,1.52,-0.637977,-0.976302,0.831247,0.356847
-0.786177,-1.41305,-0.302767,0.531181,-0.195152,-0.290881,-2.06076,-0.33688,-0.945483,0.221553,-0.269971,-1.63495,-1.0883,-0.899053,-0.689619,0.0695459,-0.53989,-0.141001,-0.261946,0.498032
0.973772,-0.0382283,0.999973,1.45592,1.73067,0.896317,-1.84454,1.79803,0.43405,1.15035,1.1025,0.935473,-1.98985,0.533767,1.24438,1.05205,0.0745674,0.387574,-2.10709,-0.404152
-1.98875,1.13934,-1.93689,1.00274,1.97252,1.85146,-1.62113,-2.01929,-0.120992,-2.15803,-2.28283,0.839396,-0.0908753,-0.526748,-1.33777,-2.20242,0.329477,1.63424,-1.44653,0.490819
-2.49882,-0.136607,-1.72541,0.306575,0.398703,0.901492,-1.74367,-1.75157,-0.555065,-1.63567,-1.88535,-0.928288,0.135074,-0.776397,-1.69458,-1.57952,-0.0206023,1.01202,-0.568472,0.494419
1.15983,-0.859571,1.552,1.40332,1.15818,0.402745,-2.22599,2.50549,0.24784,1.89675,1.75186,0.0733341,-2.37254,0.407768,1.4574,1.73123,-0.117157,-0.0400918,-1.98041,-0.534724
-0.0552685,2.03239,-1.2355,0.345438,1.75828,1.23183,0.776028,-1.64991,0.423744,-1.75438,-1.60101,2.29562,0.670518,0.0999665,-0.343959,-1.8069,0.544402,1.02285,-0.526545,0.238789
-2.31533,1.37009,-1.59069,1.04902,2.13964,2.41758,-1.7942,-1.04193,0.492091,-1.89708,-1.75137,1.11862,-0.115901,0.244191,-0.943177,-1.65537,0.555051,2.01623,-2.13917,0.0220843
-1.07801,2.16159,-1.40952,0.299984,1.01713,1.20287,1.25789,-2.19415,0.234877,-1.8766,-1.47697,1.84967,1.13094,0.270017,-0.866573,-1.50061,0.146671,0.961538,0.274029,0.890826
0.283468,0.609564,1.18405,1.75307,1.89135,1.57156,-1.58188,2.11563,0.859407,1.12561,1.46902,1.30829,-1.78174,1.07256,1.33347,1.32637,0.145796,0.772767,-2.33602,-0.38569
-1.64472,0.691361,-0.534815,0.854077,0.801708,1.2516,-0.810248,-0.525876,0.0835857,-0.750703,-0.528806,0.135535,-0.0777651,-0.0671559,-0.600403,-0.615005,0.0708246,0.898829,-0.741927,0.320244
-1.02808,-0.541683,1.35445,0.502824,-0.922475,0.196319,-0.384146,1.80167,0.258564,1.42468,1.91538,-1.18619,-0.443567,0.644024,0.44744,1.86931,-0.375421,-0.188072,-0.0544116,-0.0403421
-1.37016,-0.0240869,1.17836,1.19306,-0.277123,0.684093,-0.53193,1.22495,0.0912983,1.04776,1.58581,-0.901124,-0.603608,0.185828,0.213916,1.28613,-0.381163,0.0679065,-0.194017,0.323727
2.04057,0.484427,1.63284,1.38067,1.37643,0.379666,-0.252158,1.86249,0.50585,1.68017,1.87841,1.6381,-1.71012,0.836839,1.78963,1.68188,-0.154524,-0.223792,-1.12029,-0.0427574