0.703124,-2.30053,0.0840571,-0.783349,-1.16058,-1.55347,-1.33568,0.398976,-0.846546,0.757402,-0.010198,-2.03598,-0.689011,-0.841901,-0.147881,0.375958,-0.305121,-0.907498,0.294771,-0.341307
0.281154,-0.971613,1.34298,0.375406,-1.11528,-0.848533,0.0399372,1.04085,-0.445071,1.55583,1.64348,-1.31619,-0.635664,-0.252544,0.431294,1.51742,-0.63182,-0.976093,0.832752,0.356964
-0.770413,-1.42107,-0.303306,0.529022,-0.196834,-0.302776,-2.06073,-0.338165,-0.946779,0.219322,-0.276742,-1.63292,-1.0871,-0.898222,-0.688772,0.0689926,-0.53815,-0.145807,-0.26053,0.49485
0.988953,-0.044089,0.993625,1.4459,1.73047,0.888148,-1.84673,1.79278,0.427398,1.1501,1.09516,0.941433,-1.98992,0.531768,1.24566,1.04316,0.0710732,0.379915,-2.10869,-0.404436
-1.98993,1.13067,-1.93491,1.00246,1.9704,1.84562,-1.62566,-2.02608,-0.125502,-2.15758,-2.28572,0.832855,-0.0820021,-0.527484,-1.34469,-2.20147,0.324701,1.63153,-1.44862,0.491647
-2.49736,-0.138695,-1.72018,0.316053,0.400972,0.89909,-1.74275,-1.75142,-0.556357,-1.6343,-1.88256,-0.932123,0.139511,-0.780066,-1.69644,-1.57551,-0.0212569,1.01206,-0.567237,0.494696
1.1618,-0.855519,1.5485,1.40418,1.16048,0.403582,-2.22529,2.49908,0.241503,1.89518,1.74897,0.0779396,-2.37139,0.401726,1.45586,1.71855,-0.120074,-0.044467,-1.978,-0.529418
-0.055126,2.03056,-1.22871,0.342545,1.75991,1.23281,0.774819,-1.64926,0.425045,-1.75175,-1.60049,2.29602,0.674212,0.102079,-0.342643,-1.80722,0.543008,1.02173,-0.535149,0.23444
-2.31346,1.36889,-1.59177,1.04478,2.1398,2.41685,-1.78946,-1.04063,0.492512,-1.89638,-1.75005,1.11959,-0.103386,0.245683,-0.944179,-1.6532,0.5537,2.01706,-2.14185,0.0172939
-1.07871,2.15881,-1.4031,0.307322,1.01832,1.20312,1.25679,-2.19383,0.236239,-1.8762,-1.47841,1.85099,1.13044,0.269927,-0.868232,-1.491,0.146011,0.962866,0.266793,0.889802
0.282011,0.609725,1.18393,1.75079,1.89067,1.57448,-1.58346,2.1199,0.857507,1.12851,1.47117,1.30938,-1.77709,1.06915,1.33249,1.32215,0.145479,0.770981,-2.33961,-0.387869
-1.64437,0.693752,-0.536162,0.85037,0.802913,1.25095,-0.806554,-0.531462,0.0859086,-0.754306,-0.532877,0.139086,-0.0634016,-0.0666318,-0.607273,-0.619575,0.0746746,0.900587,-0.741075,0.31814
-1.03035,-0.535602,1.34692,0.502037,-0.923455,0.19862,-0.379353,1.80072,0.261712,1.42118,1.91455,-1.18089,-0.436187,0.644137,0.441148,1.87049,-0.36984,-0.183586,-0.0473781,-0.0385814
-1.36865,-0.0244509,1.18007,1.19217,-0.27812,0.68091,-0.534621,1.22126,0.0920534,1.04986,1.58624,-0.901321,-0.592527,0.18187,0.202985,1.28292,-0.374822,0.0668447,-0.187746,0.325453
2.03927,0.479619,1.63244,1.37885,1.36998,0.37674,-0.257256,1.85891,0.500113,1.68258,1.87636,1.6394,-1.71496,0.83846,1.78705,1.68365,-0.161238,-0.230224,-1.12149,-0.0359583