0.713783,-2.30007,0.084396,-0.767672,-1.14909,-1.55221,-1.33842,0.396535,-0.853911,0.761167,-0.0086732,-2.03608,-0.713593,-0.845714,-0.136869,0.373703,-0.314336,-0.909992,0.300037,-0.326977
0.282736,-0.980681,1.35044,0.379282,-1.11403,-0.848595,0.0238756,1.04117,-0.441359,1.55778,1.63888,-1.31748,-0.628465,-0.253768,0.416049,1.51166,-0.620733,-0.975172,0.832173,0.356285
-0.736317,-1.44299,-0.30056,0.527226,-0.194172,-0.327118,-2.06472,-0.339283,-0.948528,0.217842,-0.291491,-1.62989,-1.08566,-0.897733,-0.688746,0.0662174,-0.53471,-0.156664,-0.259601,0.492833
1.02115,-0.0543367,0.97405,1.42414,1.73115,0.876226,-1.85102,1.78163,0.415312,1.14589,1.07595,0.955874,-1.99073,0.529768,1.24905,1.02266,0.0651902,0.370078,-2.11431,-0.405579
-1.99292,1.11753,-1.9329,1.00319,1.96652,1.82801,-1.6309,-2.04071,-0.13431,-2.15759,-2.28993,0.822063,-0.0688328,-0.528807,-1.35659,-2.1995,0.315465,1.62234,-1.44823,0.50157
-2.49416,-0.143946,-1.70692,0.339141,0.409367,0.888896,-1.74148,-1.75166,-0.561116,-1.63035,-1.87739,-0.941801,0.143548,-0.793544,-1.70055,-1.57049,-0.0231003,1.00694,-0.561097,0.502288
1.16491,-0.852089,1.53965,1.40766,1.16217,0.408588,-2.22671,2.48474,0.225243,1.8948,1.74281,0.0807676,-2.37057,0.386807,1.44929,1.6944,-0.129311,-0.050628,-1.97071,-0.514217
-0.0594511,2.03108,-1.22007,0.334844,1.76035,1.23113,0.771613,-1.65066,0.427776,-1.75037,-1.59912,2.29566,0.679888,0.105898,-0.3393,-1.8112,0.543081,1.01864,-0.551957,0.226534
-2.31053,1.37073,-1.59396,1.04207,2.14295,2.41421,-1.78138,-1.02922,0.493567,-1.89473,-1.74391,1.12134,-0.0902143,0.245613,-0.938477,-1.64784,0.55217,2.01781,-2.14861,0.00836125
-1.08023,2.15366,-1.38931,0.326095,1.02026,1.19504,1.2549,-2.19383,0.238169,-1.87956,-1.48018,1.85404,1.12893,0.268495,-0.869584,-1.47436,0.146008,0.959585,0.254693,0.888241
0.280987,0.61026,1.17824,1.74791,1.88734,1.58229,-1.5859,2.12914,0.85142,1.13197,1.47393,1.31162,-1.77001,1.06191,1.33162,1.31405,0.143008,0.770176,-2.34501,-0.391866
-1.64391,0.69752,-0.536221,0.847079,0.807359,1.24947,-0.80294,-0.534944,0.090703,-0.758281,-0.536492,0.145526,-0.040228,-0.0661681,-0.617976,-0.625622,0.0825086,0.90319,-0.74213,0.314033
-1.03398,-0.522944,1.32972,0.501715,-0.924349,0.206999,-0.364171,1.79877,0.267231,1.40908,1.90756,-1.16585,-0.415184,0.64456,0.426546,1.87162,-0.360503,-0.172037,-0.0313078,-0.0383687
-1.36622,-0.030374,1.18282,1.18976,-0.283954,0.674364,-0.538825,1.21523,0.0909553,1.055,1.58724,-0.902936,-0.565096,0.17487,0.176524,1.28001,-0.365433,0.0642968,-0.171824,0.329753
2.0367,0.466977,1.6289,1.37637,1.35365,0.372885,-0.268788,1.85153,0.488885,1.68573,1.87234,1.641,-1.7214,0.845448,1.78059,1.68898,-0.175266,-0.240042,-1.12456,-0.0231149