0.716308,-2.30021,0.0852473,-0.76467,-1.14664,-1.55163,-1.33828,0.395406,-0.855567,0.763384,-0.00807532,-2.03609,-0.718677,-0.846439,-0.134925,0.373658,-0.317077,-0.910632,0.30149,-0.322484
0.283303,-0.984436,1.3519,0.379804,-1.11372,-0.848379,0.0197154,1.04104,-0.441121,1.55843,1.6376,-1.31809,-0.625885,-0.254171,0.411765,1.51033,-0.618963,-0.974791,0.831409,0.356143
-0.729306,-1.44851,-0.299756,0.526673,-0.193038,-0.332038,-2.06573,-0.338999,-0.948601,0.218136,-0.294637,-1.62978,-1.08538,-0.897543,-0.688963,0.0653083,-0.534252,-0.158902,-0.259622,0.493257
1.02775,-0.0566187,0.969183,1.41919,1.7312,0.87441,-1.85178,1.77955,0.413224,1.14419,1.07126,0.95853,-1.99101,0.530089,1.2499,1.018,0.0638735,0.36924,-2.1158,-0.406153
-1.99347,1.11616,-1.93283,1.00356,1.96599,1.82355,-1.63111,-2.04354,-0.135588,-2.15783,-2.29051,0.820218,-0.0672531,-0.528878,-1.35837,-2.19907,0.314012,1.61984,-1.44696,0.504832
-2.49355,-0.144699,-1.70431,0.344163,0.411812,0.886113,-1.74124,-1.75186,-0.562291,-1.62945,-1.87678,-0.944311,0.143428,-0.797555,-1.70143,-1.57056,-0.0232703,1.00515,-0.559062,0.504987
1.16531,-0.852598,1.53816,1.40857,1.16198,0.410309,-2.22739,2.48233,0.221588,1.89529,1.74181,0.0797681,-2.37073,0.383714,1.4476,1.6897,-0.132066,-0.0510667,-1.96922,-0.510751
-0.0612807,2.03211,-1.21924,0.332937,1.7599,1.23,0.770838,-1.65171,0.428611,-1.75127,-1.59909,2.29527,0.681019,0.106608,-0.338766,-1.81259,0.544074,1.01773,-0.554647,0.224878
-2.3103,1.37199,-1.59429,1.04262,2.144,2.41341,-1.78047,-1.02507,0.493938,-1.89421,-1.74203,1.12069,-0.0902675,0.244998,-0.935861,-1.64653,0.552128,2.0178,-2.14983,0.00656647
-1.08037,2.1527,-1.38645,0.330713,1.02028,1.19138,1.2549,-2.19403,0.238469,-1.88105,-1.48013,1.8546,1.12857,0.26805,-0.869451,-1.47089,0.146346,0.957345,0.253644,0.88824
0.281353,0.610322,1.17653,1.74776,1.88651,1.58411,-1.58609,2.13136,0.84992,1.13201,1.47424,1.31187,-1.76921,1.06071,1.33188,1.3124,0.141862,0.770699,-2.34581,-0.39278
-1.6439,0.698122,-0.535768,0.847159,0.808556,1.24913,-0.803106,-0.534052,0.0917213,-0.758468,-0.536343,0.146255,-0.036792,-0.0663287,-0.619562,-0.626278,0.0841964,0.903551,-0.742675,0.313104
-1.03443,-0.520344,1.32585,0.502081,-0.924283,0.209349,-0.360123,1.79844,0.267888,1.4059,1.90542,-1.16205,-0.410169,0.644606,0.423432,1.87165,-0.359419,-0.169167,-0.0279962,-0.0386622
-1.3658,-0.0323642,1.18319,1.18933,-0.285667,0.673243,-0.539375,1.21438,0.0901984,1.05606,1.58759,-0.903349,-0.558684,0.173576,0.170406,1.28,-0.364276,0.0639397,-0.168242,0.330784
2.03635,0.463686,1.62812,1.37622,1.34976,0.372243,-0.270533,1.8501,0.486857,1.68562,1.87171,1.64135,-1.72173,0.848031,1.77918,1.69049,-0.178538,-0.241473,-1.125,-0.0206927