0.718449,-2.3004,0.0860406,-0.762623,-1.14477,-1.55109,-1.33798,0.394429,-0.856844,0.765489,-0.00758178,-2.03599,-0.722597,-0.846925,-0.133447,0.373652,-0.319394,-0.911123,0.302535,-0.318701
0.283702,-0.987746,1.35293,0.379996,-1.11364,-0.848117,0.0166315,1.04089,-0.441059,1.55891,1.63659,-1.31859,-0.623389,-0.254488,0.408147,1.5093,-0.617771,-0.974419,0.83072,0.356079
-0.724086,-1.45296,-0.299263,0.525907,-0.192233,-0.335749,-2.06634,-0.338584,-0.948536,0.218423,-0.29709,-1.62994,-1.08507,-0.89728,-0.689158,0.0644958,-0.534038,-0.160557,-0.259611,0.493775
1.0327,-0.0586373,0.965389,1.41523,1.73114,0.873063,-1.85225,1.77807,0.411807,1.14257,1.06745,0.960242,-1.99126,0.530719,1.25059,1.01431,0.0627026,0.368951,-2.11697,-0.406813
-1.99375,1.11558,-1.93283,1.00387,1.96571,1.8199,-1.63103,-2.04552,-0.136331,-2.15809,-2.29088,0.818869,-0.066428,-0.528844,-1.35944,-2.19874,0.313069,1.61774,-1.44551,0.507504
-2.4931,-0.145012,-1.70255,0.34786,0.413848,0.883893,-1.74107,-1.75202,-0.563216,-1.6288,-1.87656,-0.946458,0.143083,-0.80104,-1.70206,-1.57111,-0.0232556,1.00367,-0.557261,0.507249
1.16549,-0.853423,1.53732,1.40929,1.16171,0.411845,-2.22791,2.48083,0.218877,1.89576,1.74117,0.0784852,-2.37091,0.381562,1.4463,1.68611,-0.134462,-0.0510434,-1.96825,-0.508234
-0.0629139,2.03313,-1.2188,0.331417,1.75943,1.22882,0.770246,-1.65279,0.429376,-1.7524,-1.59924,2.2949,0.681977,0.107152,-0.338472,-1.81379,0.545179,1.01688,-0.556258,0.22352
-2.31033,1.37315,-1.59446,1.04333,2.14483,2.41269,-1.78015,-1.02131,0.494273,-1.89369,-1.7404,1.11955,-0.0911954,0.244404,-0.933443,-1.64546,0.552118,2.01776,-2.15058,0.00512367
-1.0804,2.15203,-1.38429,0.334469,1.02015,1.18794,1.25509,-2.19421,0.238668,-1.8824,-1.47992,1.85498,1.12827,0.267679,-0.869191,-1.46806,0.146683,0.955087,0.253485,0.888396
0.281876,0.610254,1.17527,1.74784,1.88594,1.58547,-1.58607,2.13319,0.848781,1.13181,1.47441,1.31192,-1.76888,1.06004,1.3323,1.31111,0.140693,0.771344,-2.34637,-0.393605
-1.64395,0.698532,-0.535305,0.847405,0.809481,1.24887,-0.803528,-0.532869,0.0924926,-0.758417,-0.535957,0.146469,-0.0345678,-0.066571,-0.620605,-0.626601,0.0855023,0.903785,-0.743098,0.312328
-1.03467,-0.518295,1.32272,0.502545,-0.924131,0.211392,-0.35677,1.79822,0.268192,1.40338,1.90369,-1.15898,-0.406273,0.644605,0.421094,1.87162,-0.35892,-0.166756,-0.0256235,-0.0388455
-1.36548,-0.0339994,1.18335,1.18906,-0.287041,0.672578,-0.539682,1.21391,0.0894854,1.05684,1.58795,-0.903633,-0.553612,0.172606,0.165591,1.28015,-0.363607,0.0638303,-0.165562,0.331607
2.03618,0.460879,1.62773,1.37626,1.34672,0.37167,-0.271375,1.84905,0.485494,1.68517,1.87129,1.64168,-1.72162,0.850488,1.77816,1.69175,-0.181246,-0.242425,-1.12521,-0.0189729