0.720264,-2.3006,0.0867013,-0.761364,-1.14338,-1.55062,-1.33766,0.393675,-0.857774,0.767316,-0.00721427,-2.03579,-0.725579,-0.847194,-0.132309,0.373644,-0.321253,-0.911494,0.3032,-0.315703
0.283923,-0.990419,1.35361,0.379948,-1.11379,-0.847816,0.0145776,1.04077,-0.441054,1.55921,1.63586,-1.31896,-0.621072,-0.254723,0.405214,1.50858,-0.616976,-0.974077,0.830176,0.356077
-0.720343,-1.45639,-0.29905,0.524986,-0.191763,-0.338471,-2.06663,-0.338123,-0.948392,0.218601,-0.298977,-1.63027,-1.08475,-0.896985,-0.689313,0.0637965,-0.534,-0.161742,-0.259544,0.494269
1.03631,-0.0604453,0.962575,1.41214,1.73099,0.872012,-1.85251,1.77704,0.410901,1.14112,1.06443,0.96123,-1.99146,0.531533,1.25114,1.01146,0.0616474,0.368971,-2.11784,-0.40752
-1.99382,1.11546,-1.93284,1.00409,1.96559,1.81702,-1.63081,-2.04683,-0.136728,-2.15835,-2.2911,0.817862,-0.0661048,-0.528759,-1.35997,-2.19848,0.312454,1.61605,-1.44406,0.50954
-2.49279,-0.145011,-1.7015,0.35041,0.41545,0.882208,-1.74097,-1.75213,-0.563928,-1.62838,-1.8766,-0.948264,0.142658,-0.803958,-1.70249,-1.57192,-0.0231243,1.0025,-0.55574,0.509001
1.1655,-0.854371,1.53697,1.40984,1.16144,0.413151,-2.22825,2.47999,0.216996,1.89611,1.74076,0.0771716,-2.37106,0.380204,1.44535,1.6834,-0.136471,-0.0507307,-1.96767,-0.506556
-0.064264,2.03403,-1.21856,0.330253,1.75902,1.22768,0.76983,-1.6538,0.430038,-1.75358,-1.5995,2.29459,0.682798,0.107571,-0.338338,-1.81476,0.546239,1.01611,-0.557067,0.222404
-2.31053,1.37412,-1.59451,1.04403,2.14545,2.41208,-1.7802,-1.0181,0.494552,-1.89315,-1.73903,1.11817,-0.0925121,0.243917,-0.931337,-1.6446,0.552083,2.01772,-2.15098,0.00395024
-1.08038,2.15157,-1.38272,0.33742,1.01997,1.18493,1.2554,-2.19434,0.238787,-1.88354,-1.47964,1.85522,1.12804,0.267384,-0.86886,-1.46578,0.146973,0.953021,0.253847,0.888634
0.282469,0.610046,1.17443,1.74808,1.8856,1.58644,-1.58591,2.13466,0.84797,1.13152,1.4745,1.31183,-1.76884,1.05977,1.33279,1.31009,0.139566,0.772009,-2.34677,-0.394363
-1.64405,0.698809,-0.534887,0.847709,0.81014,1.24868,-0.804041,-0.531631,0.0930438,-0.758228,-0.53546,0.146321,-0.0331825,-0.0668633,-0.621265,-0.626705,0.0864705,0.903934,-0.743375,0.311692
-1.03481,-0.516675,1.32024,0.503054,-0.923934,0.213144,-0.354091,1.79806,0.268272,1.40151,1.90239,-1.1566,-0.403369,0.644564,0.419399,1.87157,-0.358784,-0.164766,-0.02404,-0.0388845
-1.36522,-0.0352292,1.18334,1.18895,-0.288084,0.672295,-0.539823,1.2137,0.0888675,1.0574,1.5883,-0.90381,-0.549731,0.171861,0.161922,1.28037,-0.363241,0.0639171,-0.163671,0.332249
2.03616,0.458518,1.62767,1.37643,1.34442,0.371125,-0.271558,1.84832,0.484657,1.68455,1.87103,1.64198,-1.72126,0.852704,1.77746,1.69274,-0.183447,-0.243054,-1.12527,-0.0178337