0.724037,-2.30114,0.087891,-0.760589,-1.14125,-1.54984,-1.33701,0.392746,-0.858928,0.770736,-0.00679877,-2.03493,-0.730611,-0.847053,-0.130238,0.373617,-0.324401,-0.912171,0.303734,-0.310861
0.283816,-0.994535,1.35455,0.379228,-1.11494,-0.846707,0.012826,1.04092,-0.440889,1.55938,1.635,-1.31942,-0.615776,-0.255078,0.399973,1.50784,-0.615831,-0.97329,0.829365,0.356234
-0.715031,-1.46177,-0.299324,0.522254,-0.191568,-0.342522,-2.0663,-0.336913,-0.947832,0.218373,-0.302293,-1.63149,-1.08404,-0.896261,-0.689546,0.0623606,-0.534385,-0.163464,-0.259159,0.495245
1.04187,-0.064676,0.958428,1.4069,1.73042,0.869909,-1.85261,1.77553,0.409969,1.1381,1.05909,0.96185,-1.9919,0.534018,1.25207,1.00667,0.0590848,0.369587,-2.11907,-0.409496
-1.99341,1.116,-1.93287,1.00433,1.96559,1.81187,-1.63011,-2.04835,-0.137083,-2.15891,-2.29119,0.815936,-0.0665892,-0.528549,-1.35989,-2.19805,0.311467,1.61292,-1.44049,0.512584
-2.4923,-0.144249,-1.7009,0.353421,0.418054,0.879532,-1.74094,-1.75217,-0.565174,-1.62803,-1.87734,-0.951984,0.141493,-0.809556,-1.70289,-1.57446,-0.0225331,1.00055,-0.552808,0.511644
1.16505,-0.856928,1.53738,1.41079,1.1609,0.415763,-2.22852,2.47956,0.214759,1.89647,1.7402,0.0742157,-2.37136,0.37911,1.44394,1.67897,-0.14045,-0.0492453,-1.96733,-0.504877
-0.0666176,2.03565,-1.21834,0.328345,1.75824,1.22491,0.769375,-1.6561,0.431273,-1.75644,-1.6003,2.29407,0.684533,0.10834,-0.338284,-1.81651,0.548445,1.01448,-0.556991,0.220196
-2.31132,1.37574,-1.59444,1.04558,2.14643,2.41086,-1.78115,-1.01203,0.495034,-1.89171,-1.73633,1.1143,-0.0963187,0.243272,-0.927039,-1.64313,0.551707,2.01775,-2.15099,0.00164116
-1.08037,2.15103,-1.38056,0.342401,1.01961,1.17902,1.25631,-2.19452,0.238843,-1.88579,-1.47888,1.85538,1.12765,0.266904,-0.867814,-1.46167,0.147498,0.948861,0.2556,0.889367
0.284178,0.608818,1.17361,1.74909,1.88542,1.58764,-1.58525,2.13716,0.846883,1.13081,1.47445,1.31128,-1.76947,1.06016,1.33416,1.30826,0.136781,0.773618,-2.34746,-0.396209
-1.64437,0.69923,-0.534017,0.848573,0.81093,1.24845,-0.805281,-0.528657,0.0937262,-0.757355,-0.533897,0.144989,-0.0317507,-0.0677825,-0.621923,-0.626361,0.0878598,0.904094,-0.743514,0.310531
-1.0349,-0.513617,1.31581,0.504533,-0.923328,0.216878,-0.349395,1.79789,0.267979,1.39894,1.90047,-1.15255,-0.398914,0.644276,0.416857,1.87146,-0.359173,-0.160958,-0.022377,-0.0383545
-1.36477,-0.0368697,1.18274,1.18913,-0.289766,0.672853,-0.53978,1.21384,0.0876094,1.05826,1.58906,-0.904019,-0.543397,0.170321,0.155893,1.28111,-0.362969,0.0647348,-0.161249,0.333415
2.03647,0.453656,1.62866,1.37716,1.34083,0.369747,-0.270386,1.84754,0.484018,1.6827,1.87071,1.64251,-1.71997,0.857336,1.77667,1.69443,-0.187651,-0.243849,-1.12519,-0.0167452