0.725317,-2.30135,0.0882814,-0.761203,-1.14086,-1.5497,-1.33684,0.392881,-0.858844,0.771626,-0.00687933,-2.03451,-0.731866,-0.846579,-0.129606,0.373646,-0.325079,-0.912414,0.303643,-0.309992
0.283507,-0.994967,1.35487,0.378781,-1.11568,-0.845886,0.0134312,1.04146,-0.440612,1.55927,1.63507,-1.31938,-0.613721,-0.255157,0.398578,1.50805,-0.615526,-0.972949,0.829202,0.356322
-0.714155,-1.46263,-0.299649,0.521093,-0.19165,-0.343147,-2.06577,-0.336401,-0.947502,0.21787,-0.303313,-1.63204,-1.08386,-0.896061,-0.689573,0.0618359,-0.53471,-0.16376,-0.258957,0.495535
1.04317,-0.066474,0.957698,1.40562,1.73014,0.869154,-1.85251,1.77519,0.409982,1.13713,1.05758,0.961618,-1.99213,0.535119,1.25232,1.00551,0.0578302,0.369935,-2.11919,-0.410415
-1.99306,1.11626,-1.93294,1.0043,1.96562,1.81034,-1.62988,-2.04854,-0.1372,-2.15911,-2.29103,0.81512,-0.0672985,-0.528557,-1.35938,-2.1979,0.311036,1.61198,-1.43907,0.51314
-2.4922,-0.143765,-1.70131,0.353486,0.418589,0.878885,-1.74105,-1.75211,-0.565547,-1.62813,-1.87782,-0.953422,0.140945,-0.811297,-1.7028,-1.57563,-0.0222031,1.00003,-0.551933,0.512052
1.16467,-0.858012,1.53799,1.41115,1.16076,0.416731,-2.22846,2.47994,0.2147,1.89643,1.74005,0.0732536,-2.37147,0.379384,1.44363,1.67797,-0.141906,-0.0484142,-1.96748,-0.505072
-0.0671654,2.03599,-1.21844,0.327867,1.75805,1.22376,0.769418,-1.65705,0.431558,-1.75758,-1.60062,2.29399,0.685111,0.108599,-0.338264,-1.817,0.549054,1.01397,-0.556353,0.219477
-2.31167,1.37607,-1.59443,1.0462,2.14672,2.41045,-1.78169,-1.01049,0.495133,-1.89104,-1.7354,1.11283,-0.097951,0.243334,-0.925549,-1.64279,0.551338,2.01782,-2.15072,0.000913112
-1.08051,2.15103,-1.38043,0.343554,1.0196,1.17728,1.25668,-2.19456,0.238769,-1.88662,-1.47864,1.85529,1.12756,0.266819,-0.867274,-1.46066,0.14766,0.947723,0.256224,0.889677
0.28504,0.607866,1.17368,1.74968,1.88554,1.58773,-1.58495,2.13776,0.846712,1.13068,1.47435,1.31103,-1.76995,1.0606,1.33475,1.30774,0.135479,0.774214,-2.34763,-0.397
-1.64443,0.699354,-0.533681,0.849017,0.81094,1.24846,-0.805653,-0.52753,0.0937227,-0.75677,-0.533026,0.144175,-0.0318224,-0.0682432,-0.621821,-0.62592,0.0880187,0.904058,-0.743365,0.31026
-1.03488,-0.512609,1.31462,0.505305,-0.923038,0.218333,-0.348164,1.79792,0.267731,1.39874,1.90015,-1.15147,-0.397982,0.644054,0.416309,1.87145,-0.359462,-0.159792,-0.0224981,-0.0378264
-1.36464,-0.0369937,1.18224,1.18938,-0.290222,0.673622,-0.539688,1.2141,0.0871135,1.05848,1.58928,-0.904109,-0.541897,0.169594,0.154346,1.28149,-0.363031,0.0652682,-0.161039,0.33382
2.03672,0.451845,1.62951,1.37756,1.34006,0.369239,-0.269544,1.84778,0.484216,1.68193,1.87066,1.64255,-1.71943,0.858765,1.77668,1.69487,-0.189107,-0.243899,-1.12523,-0.0170021