0.725794,-2.30141,0.0887181,-0.762609,-1.14104,-1.54971,-1.33668,0.393635,-0.858087,0.771926,-0.0072088,-2.03439,-0.73195,-0.845735,-0.129333,0.373764,-0.324997,-0.912591,0.30367,-0.31043
0.283124,-0.993997,1.35532,0.378361,-1.11631,-0.844539,0.0149415,1.04285,-0.440098,1.55911,1.63554,-1.3191,-0.612034,-0.255204,0.398032,1.50877,-0.615297,-0.972554,0.829062,0.356315
-0.714393,-1.46179,-0.299927,0.520466,-0.191256,-0.342467,-2.06504,-0.335925,-0.947069,0.216963,-0.304076,-1.63232,-1.08393,-0.896135,-0.689547,0.0613497,-0.535109,-0.163555,-0.258977,0.495785
1.0438,-0.0679886,0.95768,1.40535,1.72998,0.868779,-1.85235,1.77507,0.410204,1.13653,1.05678,0.961339,-1.99242,0.53589,1.25243,1.00519,0.0561933,0.370263,-2.11892,-0.411187
-1.99268,1.11629,-1.93312,1.00421,1.96556,1.80934,-1.62981,-2.04876,-0.137485,-2.15928,-2.2907,0.814152,-0.0685604,-0.528768,-1.35866,-2.19771,0.310396,1.6114,-1.4381,0.513316
-2.49221,-0.143479,-1.70195,0.35268,0.418597,0.878478,-1.7413,-1.75207,-0.565808,-1.62832,-1.8783,-0.954921,0.140247,-0.812427,-1.70249,-1.57663,-0.0217863,0.999681,-0.551586,0.511871
1.16411,-0.858817,1.5388,1.41175,1.16078,0.417824,-2.22839,2.4807,0.215216,1.89628,1.73997,0.0727382,-2.37154,0.379868,1.44344,1.67785,-0.143419,-0.0475596,-1.96763,-0.505787
-0.0671936,2.03596,-1.21893,0.327623,1.75797,1.22269,0.76961,-1.65812,0.431504,-1.75861,-1.60082,2.29409,0.685267,0.108791,-0.338168,-1.81728,0.549148,1.01376,-0.555651,0.219145
-2.31187,1.37606,-1.59459,1.04695,2.14702,2.41016,-1.78207,-1.01052,0.495114,-1.89047,-1.73472,1.11214,-0.0995288,0.243751,-0.924434,-1.64274,0.550705,2.01792,-2.15045,0.00073012
-1.08087,2.15122,-1.38121,0.343696,1.0198,1.17648,1.25696,-2.19463,0.238644,-1.88752,-1.47862,1.85503,1.12741,0.266875,-0.866673,-1.4606,0.147827,0.947522,0.255998,0.889917
0.286056,0.606535,1.17391,1.75041,1.88567,1.58762,-1.58468,2.13788,0.846638,1.13079,1.4742,1.31093,-1.77052,1.06091,1.33523,1.30752,0.133864,0.774572,-2.34761,-0.397614
-1.64423,0.699418,-0.533293,0.849616,0.810764,1.24855,-0.805799,-0.526697,0.0934518,-0.75595,-0.531904,0.143454,-0.0325812,-0.0686458,-0.621344,-0.625105,0.0877386,0.903881,-0.743245,0.310364
-1.03484,-0.511986,1.31417,0.506217,-0.922769,0.219639,-0.347648,1.79811,0.26744,1.39934,1.90021,-1.15086,-0.397733,0.643787,0.416126,1.87149,-0.359701,-0.159184,-0.0231315,-0.0370856
-1.36454,-0.0368155,1.18157,1.18963,-0.290604,0.674718,-0.539651,1.21448,0.0865105,1.05861,1.58928,-0.904354,-0.541392,0.168685,0.153509,1.28193,-0.363262,0.065757,-0.161386,0.334251
2.03705,0.450453,1.63037,1.37797,1.33995,0.369235,-0.268864,1.84882,0.484636,1.68128,1.87063,1.64231,-1.71904,0.859267,1.77691,1.69504,-0.19052,-0.243576,-1.12553,-0.0178409