0.725672,-2.30138,0.0887814,-0.76288,-1.14115,-1.54971,-1.33665,0.393805,-0.857907,0.771898,-0.00727532,-2.03445,-0.731745,-0.845599,-0.129375,0.373789,-0.324878,-0.912594,0.303743,-0.310664
0.283091,-0.993715,1.3554,0.378319,-1.11633,-0.844308,0.0151907,1.04314,-0.440021,1.55909,1.63564,-1.31904,-0.611891,-0.255209,0.398076,1.50891,-0.615283,-0.972494,0.829035,0.356293
-0.714576,-1.46144,-0.299939,0.52051,-0.191085,-0.342172,-2.06495,-0.335871,-0.947003,0.216813,-0.304133,-1.6323,-1.08398,-0.896191,-0.689548,0.0612939,-0.535162,-0.163439,-0.259044,0.495824
1.0438,-0.0680648,0.957739,1.40547,1.72999,0.868834,-1.85232,1.77508,0.41025,1.1365,1.05678,0.961333,-1.99246,0.535914,1.25242,1.00526,0.0559291,0.370305,-2.11884,-0.411227
-1.99264,1.11627,-1.93316,1.0042,1.96555,1.8093,-1.62982,-2.04883,-0.13754,-2.15931,-2.29064,0.814015,-0.0687972,-0.52882,-1.35857,-2.19768,0.310288,1.61138,-1.43809,0.513329
-2.49222,-0.143518,-1.70202,0.352489,0.41853,0.878436,-1.74135,-1.75208,-0.565827,-1.62833,-1.87834,-0.955132,0.140128,-0.812493,-1.70244,-1.57671,-0.0217174,0.999649,-0.551635,0.511785
1.16403,-0.85883,1.5389,1.41188,1.16081,0.418002,-2.2284,2.48083,0.215323,1.89625,1.73998,0.0727396,-2.37153,0.379905,1.44342,1.67794,-0.143636,-0.0474662,-1.96762,-0.505898
-0.0671132,2.03592,-1.21905,0.327618,1.75797,1.22258,0.769641,-1.65828,0.431451,-1.75873,-1.60083,2.29412,0.685194,0.1088,-0.338145,-1.8173,0.549083,1.01378,-0.555611,0.219178
-2.31187,1.37602,-1.59464,1.04708,2.14706,2.41015,-1.78208,-1.01078,0.495097,-1.89044,-1.73469,1.11219,-0.0997345,0.243834,-0.92436,-1.64278,0.550594,2.01793,-2.15045,0.000822666
-1.08093,2.15127,-1.38141,0.343584,1.01985,1.17652,1.25698,-2.19463,0.238632,-1.88766,-1.47865,1.85498,1.12737,0.266903,-0.866595,-1.46072,0.147852,0.947636,0.255805,0.889937
0.286203,0.606357,1.17393,1.75053,1.88566,1.5876,-1.58466,2.13784,0.84663,1.13082,1.47418,1.31095,-1.7706,1.06091,1.33527,1.30753,0.133608,0.77457,-2.34758,-0.397636
-1.64417,0.699408,-0.533237,0.84971,0.810734,1.24857,-0.805794,-0.526654,0.0933888,-0.755832,-0.531747,0.143397,-0.0327791,-0.0686733,-0.621242,-0.624959,0.087649,0.903843,-0.743272,0.310442
-1.03483,-0.511986,1.31421,0.506344,-0.922745,0.219758,-0.34767,1.79815,0.2674,1.3995,1.90024,-1.15083,-0.397774,0.643761,0.416147,1.8715,-0.35972,-0.159197,-0.023236,-0.0369781
-1.36452,-0.0367837,1.18148,1.18965,-0.290646,0.674868,-0.539654,1.21454,0.0864117,1.05861,1.58925,-0.904413,-0.541455,0.168561,0.15349,1.28199,-0.363322,0.0657906,-0.161481,0.334323
2.0371,0.450401,1.63042,1.37802,1.34001,0.36935,-0.268821,1.84906,0.484699,1.6812,1.87063,1.64224,-1.71901,0.859189,1.77695,1.69503,-0.190717,-0.243473,-1.12561,-0.0179896