0.48198,-2.18165,0.264477,-0.413056,-1.19333,-1.56583,-1.20698,-0.171433,-1.1027,-0.0579197,-0.0499299,-2.34767,-0.295481,-0.848624,-0.262545,0.399714,-0.383549,-1.09142,0.623846,-0.114595
-0.0429437,-0.741649,1.55221,0.516076,-0.935512,-0.263878,-0.212682,0.653867,-0.233414,1.47399,1.63686,-1.19873,-0.02751,-0.224042,0.144542,1.26272,-0.283919,-0.594676,0.760378,0.250551
-0.356929,-1.59374,-0.239944,0.634322,0.128264,-0.529817,-2.19779,-0.1087,-1.05677,-0.467427,-0.355865,-1.69186,-0.952393,-0.890212,-0.403407,-0.0592965,-0.367711,-0.394946,-0.399127,0.206017
1.02046,0.110743,0.174228,0.881688,1.69565,0.776009,-1.55247,1.80183,0.385772,0.56135,0.741902,1.09167,-2.01354,0.446465,1.23986,0.641988,0.0927549,0.605514,-2.26011,-0.287849
-2.03773,0.483173,-2.10288,0.82744,1.84297,1.05459,-1.81986,-1.51075,-0.516731,-2.21418,-2.3215,0.271457,-0.281426,-0.608242,-1.33056,-2.18854,0.0594554,0.994102,-1.17373,0.529611
-2.59773,-0.273017,-1.42689,0.0755723,0.411295,0.471071,-1.55194,-1.89982,-0.767439,-1.72195,-1.90828,-1.2076,0.759154,-0.828336,-1.96629,-1.97833,0.0218757,0.463362,0.0651023,0.529921
1.30603,-0.475992,1.48667,0.533353,1.33484,0.281594,-2.26287,1.43811,0.0555222,1.86169,1.4915,-0.0233698,-1.75303,0.0245778,0.90302,0.52196,0.068207,0.138022,-1.99518,0.0124645
-0.124052,2.17833,-0.962464,-0.152393,1.79511,1.01786,0.716723,-1.36345,0.629745,-0.719665,-1.40779,2.31172,0.490527,0.296603,-0.360829,-2.01824,0.45421,1.01098,-0.866478,0.343898
-2.35475,1.43825,-1.57142,0.855624,2.49835,2.40062,-1.80226,-0.0801151,0.536655,-1.28521,-1.22284,1.41173,-0.504745,0.369748,-0.778322,-1.64249,0.475093,1.88942,-2.2366,0.194538
-1.04813,2.18082,-1.22035,-0.126356,1.14875,0.932217,1.26527,-2.12967,0.402524,-1.18831,-1.77951,1.81251,1.29657,0.0438124,-1.01396,-2.23911,0.34128,0.855933,0.141696,0.583064
0.119858,0.731737,0.702134,1.39592,1.85218,1.76735,-1.4658,2.42058,0.866518,1.22166,1.61905,1.43611,-1.87239,0.829327,1.24336,1.09156,0.198646,1.07862,-2.37164,-0.16228
-1.61439,0.552091,-0.278487,0.918658,0.600388,1.21337,-0.542041,0.187878,0.181252,-0.24401,0.0777212,0.233789,-0.0459736,0.102863,-0.411298,-0.087483,0.0322039,0.688724,-0.363311,0.282778
-0.898874,-0.583956,0.608494,0.877807,-0.897676,0.589015,-0.0358113,1.95151,0.267118,0.600735,1.63521,-0.630012,-0.432922,0.455826,0.550142,2.08766,-0.203854,0.0223314,0.29962,-0.296851
-1.27601,-0.439187,1.12081,1.21828,-0.419469,0.798699,-0.780939,1.30721,0.0269593,1.11481,1.73723,-0.921422,-0.350995,0.0541676,0.0565536,1.47273,-0.22266,0.069634,0.165081,0.226288
1.9421,0.353749,1.04995,1.23881,0.871768,0.403409,0.0400484,2.38179,0.618197,1.41658,1.86019,1.4829,-1.9028,0.672506,2.03514,1.93461,-0.133993,0.0739767,-1.26601,-0.259891