0.497723,-2.15499,0.262972,-0.493271,-1.12295,-1.52897,-1.23067,-0.115829,-1.02851,0.147901,-0.0294935,-2.25311,-0.33971,-0.85472,-0.270104,0.390377,-0.366381,-1.04356,0.624926,-0.0891257
0.0815252,-0.909367,1.60485,0.497527,-0.988703,-0.481787,-0.21186,0.802735,-0.317859,1.55272,1.67393,-1.32983,-0.211053,-0.280006,0.274899,1.37605,-0.394161,-0.740255,0.768652,0.267898
-0.473903,-1.53448,-0.289696,0.754532,0.113253,-0.446964,-2.13608,-0.242712,-1.07805,-0.371269,-0.389849,-1.64674,-1.00915,-0.964547,-0.467735,-0.0292733,-0.468512,-0.347102,-0.250301,0.395352
0.984002,0.124457,0.36777,1.16898,1.68567,0.930874,-1.60606,1.78948,0.451919,0.726797,0.851507,1.11647,-1.94956,0.495589,1.22409,0.806143,0.114118,0.621889,-2.20119,-0.320896
-2.01344,0.673374,-2.08311,0.921469,1.90496,1.26304,-1.79312,-1.6424,-0.45188,-2.16261,-2.27554,0.475625,-0.356955,-0.578665,-1.30699,-2.20077,0.0517978,1.16672,-1.26167,0.680644
-2.51888,-0.219683,-1.45903,0.102187,0.446683,0.504155,-1.5625,-1.86713,-0.739197,-1.72278,-1.88893,-1.0871,0.555316,-0.845936,-1.83833,-1.96189,0.000655761,0.566201,-0.0895405,0.609674
1.24795,-0.604513,1.54236,0.906318,1.26117,0.346641,-2.2567,1.702,0.146886,1.86809,1.5842,0.0278213,-1.83648,0.0932935,1.03615,0.888597,0.0654848,0.101404,-1.93332,-0.112809
-0.168942,2.13635,-1.08007,-0.0504981,1.71632,1.02041,0.750245,-1.47831,0.555869,-1.01158,-1.45802,2.2877,0.550572,0.263305,-0.416818,-2.00338,0.449121,0.982127,-0.771533,0.386817
-2.34016,1.45192,-1.58146,1.04691,2.36572,2.41686,-1.73721,-0.260438,0.525888,-1.49445,-1.32809,1.41613,-0.476814,0.361504,-0.738342,-1.61171,0.485087,1.93284,-2.23841,0.162852
-1.08589,2.17913,-1.34369,-0.0497412,1.13986,0.944111,1.26331,-2.19013,0.295004,-1.45132,-1.7815,1.79624,1.21834,-0.00534828,-1.01579,-2.24522,0.281592,0.858184,0.131494,0.711296
0.244441,0.654388,0.812643,1.60544,1.84488,1.72956,-1.5455,2.34229,0.860833,1.19412,1.53332,1.407,-1.87423,0.845481,1.29651,1.14388,0.212998,1.0295,-2.42689,-0.275512
-1.59565,0.564875,-0.303544,0.962569,0.683747,1.22055,-0.665895,0.116863,0.13641,-0.329862,-0.0227337,0.222032,-0.182053,0.0814089,-0.368783,-0.185086,0.00149065,0.74919,-0.560652,0.314863
-0.920608,-0.588744,0.803599,0.794259,-0.9185,0.523904,-0.110764,1.91565,0.238017,0.7963,1.65181,-0.814383,-0.418456,0.446463,0.548813,2.00121,-0.22785,0.00622237,0.211128,-0.326542
-1.31625,-0.354508,1.17969,1.18883,-0.383043,0.756822,-0.725276,1.27666,0.0328209,1.14412,1.66254,-0.924985,-0.401531,0.0662408,0.117248,1.36742,-0.265617,0.0927044,0.0447884,0.247999
1.95739,0.391153,1.1587,1.33068,1.04188,0.526468,-0.138696,2.28594,0.629828,1.54348,1.83802,1.50449,-1.85787,0.716695,1.94573,1.86395,-0.115987,0.094176,-1.34427,-0.265667