0.554728,-2.19277,0.281246,-0.607886,-1.08802,-1.50063,-1.28431,0.0486199,-0.891353,0.47924,-0.0129954,-2.14332,-0.412216,-0.884763,-0.281201,0.365282,-0.298296,-0.987553,0.54105,-0.140265
0.252435,-1.08136,1.51992,0.431338,-1.03644,-0.727374,-0.141847,0.948314,-0.39278,1.5929,1.6423,-1.37784,-0.429788,-0.248224,0.388722,1.52695,-0.548993,-0.91233,0.805764,0.277612
-0.688034,-1.41665,-0.291877,0.739366,0.0364345,-0.305043,-2.05241,-0.321921,-0.993488,-0.138496,-0.373388,-1.59085,-1.05823,-0.971234,-0.556623,0.00985139,-0.535599,-0.232485,-0.169577,0.55836
0.917411,0.119187,0.653261,1.48117,1.73486,1.05676,-1.72057,1.77346,0.493912,0.918296,0.981824,1.09125,-1.92493,0.54273,1.21533,0.98725,0.137788,0.611394,-2.13867,-0.364164
-1.97818,0.954017,-1.99732,1.01051,1.98458,1.52127,-1.73764,-1.82192,-0.293741,-2.13729,-2.23479,0.775788,-0.363041,-0.533494,-1.26923,-2.23984,0.139339,1.39775,-1.39384,0.76104
-2.47404,-0.195331,-1.51785,0.224291,0.456623,0.62957,-1.64827,-1.74138,-0.642549,-1.71634,-1.87821,-0.944931,0.270964,-0.857618,-1.68975,-1.83926,-0.00977872,0.735052,-0.349811,0.621483
1.17915,-0.829077,1.56673,1.38562,1.1953,0.425363,-2.26616,2.12558,0.236192,1.84373,1.67368,0.0650232,-2.03106,0.234011,1.2165,1.4288,0.0400087,0.0538653,-1.87941,-0.376574
-0.144015,2.06106,-1.24329,0.179999,1.67542,1.04744,0.763657,-1.5652,0.43511,-1.44409,-1.49074,2.2999,0.553799,0.209385,-0.397392,-1.90862,0.447997,0.97306,-0.644502,0.390535
-2.35799,1.43992,-1.60014,1.17189,2.21346,2.41062,-1.74587,-0.55888,0.48811,-1.77279,-1.51992,1.31792,-0.427739,0.295136,-0.75036,-1.60776,0.496979,1.98463,-2.22614,0.126356
-1.1164,2.19916,-1.44613,0.171515,1.08517,1.02572,1.32522,-2.15565,0.183897,-1.77272,-1.63753,1.80891,1.09266,0.00539357,-0.903899,-2.03833,0.180816,0.881792,0.187818,0.836903
0.346078,0.591805,0.9982,1.82498,1.86217,1.66077,-1.58388,2.21908,0.840973,1.17094,1.47779,1.35836,-1.84372,0.901398,1.33557,1.26211,0.21306,0.926023,-2.37305,-0.386774
-1.59538,0.600684,-0.364883,0.962518,0.775527,1.22096,-0.814415,-0.0852707,0.102228,-0.480744,-0.20719,0.215468,-0.282267,0.0741081,-0.379949,-0.318261,-0.0239586,0.81764,-0.751056,0.359444
-1.00395,-0.524086,1.07903,0.589845,-0.903295,0.434009,-0.230565,1.8235,0.238981,1.11102,1.68363,-1.04063,-0.400569,0.496702,0.511992,1.86932,-0.292818,-0.0334326,0.0500906,-0.26007
-1.33565,-0.239461,1.20043,1.1542,-0.307328,0.696687,-0.657532,1.23072,0.0616616,1.13374,1.56586,-0.871859,-0.501848,0.186898,0.188532,1.32761,-0.35868,0.0855199,-0.119236,0.28582
2.03175,0.489394,1.3834,1.42791,1.32093,0.568017,-0.281349,2.02683,0.605055,1.67413,1.83588,1.58525,-1.74058,0.764228,1.83413,1.7037,-0.0658557,0.0410605,-1.31468,-0.214543