2.39541,-1.79221,0.250291,-2.69693,1.00482,-0.0992366,-1.10691,1.38317,0.862487,0.255126,-0.929359,0.405532,-2.58573,-0.763731,0.191605,1.18302,-1.40556,-0.321775,0.129563,0.407789
-0.0286971,-1.5513,1.54018,1.0871,-0.0689444,1.89342,1.41566,-0.140983,-0.0619213,2.21328,1.60246,-0.350119,2.4092,-1.02862,0.427518,-0.477754,-0.048103,-0.581851,1.45062,0.381996
-1.30255,-2.47718,-1.68498,-0.778638,0.535019,0.673457,-0.984732,-0.541029,0.0156465,0.261186,-0.726552,-1.17159,-1.13305,0.883449,0.437229,-0.676985,0.0548831,0.929838,-1.84599,0.624042
1.97425,0.628631,-0.623398,-1.08771,0.663017,0.385272,-0.605464,0.357792,-0.0649772,0.425797,-1.21408,-0.201606,-1.89361,-0.421155,2.00788,-1.07471,2.09921,-1.78579,-1.55298,1.72637
-3.04218,2.31862,-2.15409,-0.416752,0.46834,-0.193867,-1.40461,-0.805818,0.289015,-1.19449,-3.10927,-0.825673,1.17395,-0.96794,1.12754,-1.32429,1.36593,2.03166,-1.7519,0.588396
-3.17873,-1.69489,0.378508,-0.895752,0.424279,-0.655792,-1.03889,-0.986518,0.237771,-2.76027,-0.899735,-1.14888,1.25183,0.9731,-0.408821,-0.675405,0.944539,-1.38044,0.299694,0.504469
1.01062,-0.0250844,-0.0308041,-2.40244,0.404322,0.00644439,-1.33824,1.41514,0.564627,2.69088,-1.12491,1.01384,-0.674234,-0.172242,1.89413,1.64529,-1.58154,-0.0975924,-1.38413,0.224229
-1.25386,1.02344,1.21488,1.03293,0.702669,-0.706523,1.43649,-0.0765764,0.516285,-1.06421,1.35215,0.488552,-0.631506,0.206062,0.16653,-0.954665,-0.0645186,0.297818,1.21661,0.33646
-2.42564,2.01056,-2.47596,-1.12479,2.25182,2.40681,-0.933224,-0.0296026,1.91088,-1.03258,-0.410842,-0.36682,-1.27688,0.234828,0.136494,-1.36738,-0.242657,2.52185,-2.39744,1.8977
-1.47463,1.6838,2.03839,2.45097,0.709931,1.27523,2.29353,-1.66869,0.0580934,1.311,-0.980002,0.230616,-0.513925,0.345511,-0.528981,-2.86783,0.195186,1.34093,2.19489,1.07458
-1.17377,1.18929,2.32015,-0.856095,0.88671,1.4779,-0.88055,-0.339603,0.520909,1.55088,0.399433,-0.22263,-1.02343,0.572645,-2.42463,-0.509769,0.0978596,1.12253,0.814578,0.115945
-2.63704,-1.85055,-0.243578,-0.563373,0.595837,0.332339,-0.0110677,-0.499439,0.123996,-0.655194,-0.0906327,-0.632294,1.24205,0.361743,2.57468,-1.34589,1.10456,-1.75965,-0.182392,1.87077
0.0275409,0.460991,-0.578886,-2.57816,0.0843896,-1.01329,-0.974504,1.54651,0.284501,-0.975493,-0.623593,0.960041,-0.792793,0.154676,-0.734301,1.85282,-1.623,0.294044,0.256272,0.224688
-2.00877,-0.333347,2.35642,1.15127,1.99045,-0.269624,1.46318,0.0861887,1.8899,-1.17741,2.61268,-0.14925,-1.32819,1.88599,-1.0325,-0.214367,-0.823129,-0.788296,-0.0718647,0.30551
3.00032,0.24619,-2.63604,2.33871,0.981622,-0.801331,1.52389,2.08205,1.13484,-0.981331,1.28162,2.55342,-3.12059,0.108086,1.88897,0.312359,-1.81703,0.429566,0.0333459,-0.42715