2.22042,-1.26415,0.300574,-2.10606,1.13218,0.00791187,-0.835688,0.916578,1.12938,0.137869,-0.581177,0.447643,-1.96802,-0.629969,0.242452,0.930044,-1.72976,-0.021847,0.253026,0.24227
-0.15044,-1.09128,1.0983,0.599786,-0.687226,1.53467,0.95484,-0.051116,-0.680335,1.56817,1.18058,-0.28281,2.06306,-0.973401,0.292585,-0.515238,0.00392114,-0.411773,1.04721,0.317702
-0.967961,-2.10272,-1.18001,-0.69365,0.266172,0.308019,-0.484514,-0.556715,0.041268,0.221867,-0.594067,-0.753261,-0.731506,0.659241,0.133687,-0.481403,0.0497023,1.00945,-1.32958,0.352507
1.62861,0.467011,-0.462925,-0.964927,0.338446,0.184077,-0.459714,0.117995,-0.0646804,0.198437,-1.10706,-0.261914,-1.11863,-0.445411,1.53272,-1.1063,2.20052,-1.38547,-0.981374,1.49943
-2.116,1.65901,-1.78937,-0.381515,0.55505,-0.226216,-0.801151,-0.554025,0.267066,-0.682907,-2.16943,-0.581819,0.937085,-0.619763,1.15128,-0.757317,1.04525,2.17986,-1.75012,0.271311
-2.21364,-1.73933,0.279993,-0.692798,0.330078,-0.493534,-0.795749,-0.759318,0.154358,-1.92042,-0.763579,-0.633153,0.902609,1.13476,-0.131133,-0.58479,0.880109,-1.72296,0.224521,0.308318
0.607173,0.00102602,-0.0242077,-2.0741,0.361531,0.0342438,-0.849554,0.972691,0.243952,2.11383,-1.05733,0.85105,-0.514671,-0.682071,1.52392,1.07688,-1.30871,0.0117046,-0.869371,0.237878
-0.965722,0.554644,1.09486,0.47763,0.525751,-0.691564,0.97928,-0.0411192,0.28067,-0.647799,1.01991,0.298415,-0.59671,0.133444,0.203971,-0.826983,0.137519,0.365792,1.04456,0.169727
-1.46357,2.20703,-1.49847,-0.925972,1.59553,1.66239,-0.505696,-0.26079,1.39153,-0.811129,-0.44718,-0.358662,-1.0582,0.0579666,0.176032,-1.22282,-0.231039,2.27388,-1.62092,1.51084
-0.96489,1.26626,2.18696,2.22351,0.401525,0.993986,1.49989,-1.03635,0.238685,1.06196,-0.713724,0.11751,-0.410482,0.36357,-0.287283,-2.04687,0.115079,1.08349,2.2013,1.19141
-0.968611,1.07016,2.20951,-0.743997,0.54065,1.01749,-0.807116,-0.153716,0.339549,1.04125,0.139885,-0.29173,-0.758388,0.425927,-1.96638,-0.357724,0.135243,1.0216,1.14038,0.164455
-2.06317,-1.33985,-0.151938,-0.525677,0.325376,0.101025,0.0449762,-0.35996,0.205008,-0.518652,0.0268578,-0.460792,0.945586,0.144815,2.06346,-1.08789,1.01537,-1.39645,-0.681696,1.51265
0.0134891,0.303386,-0.693286,-2.07979,-0.0133142,-0.717948,-0.551072,1.13984,0.186855,-0.614479,-0.581171,0.882294,-0.595355,0.304563,-0.590823,1.19148,-1.14518,0.254847,0.216983,0.215412
-1.31055,-0.328183,1.63587,0.797206,1.52624,-0.36177,1.03173,0.0618116,1.50002,-1.08088,1.54928,-0.307085,-1.08957,1.50222,-0.622547,-0.218495,-0.520427,-0.598471,0.0166527,0.210657
2.27257,0.301771,-2.0823,1.70508,1.14966,-0.695437,1.00868,1.37106,1.15116,-0.629519,1.01818,1.61828,-2.03206,0.207399,1.1492,0.0500167,-1.75077,0.252585,0.113281,-0.292799