2.22013,-1.26416,0.300549,-2.10612,1.13333,0.0078923,-0.83579,0.916672,1.13072,0.137811,-0.581029,0.447601,-1.96792,-0.629777,0.242448,0.929853,-1.72976,-0.0217411,0.252926,0.242437
-0.156833,-1.09122,1.09809,0.599696,-0.710448,1.5349,0.955055,-0.0508729,-0.703959,1.56787,1.18047,-0.283001,2.06381,-0.973102,0.292673,-0.515198,0.0131163,-0.411819,1.04733,0.317591
-0.967898,-2.10271,-1.18003,-0.693588,0.266215,0.308001,-0.48447,-0.556841,0.0411579,0.221829,-0.594054,-0.753316,-0.731671,0.659216,0.133823,-0.481357,0.0495814,1.00928,-1.32958,0.352374
1.62872,0.467099,-0.463043,-0.964986,0.338599,0.184338,-0.459873,0.117872,-0.0647729,0.198499,-1.10685,-0.262295,-1.11869,-0.445216,1.53274,-1.10601,2.20055,-1.38551,-0.981281,1.49913
-2.11588,1.65909,-1.78936,-0.381569,0.554963,-0.226012,-0.801145,-0.553862,0.266872,-0.682923,-2.16949,-0.581937,0.937264,-0.619499,1.15246,-0.757584,1.04512,2.18007,-1.75014,0.271323
-2.21414,-1.73936,0.279591,-0.692729,0.330189,-0.493335,-0.795567,-0.759301,0.15406,-1.92044,-0.763681,-0.633438,0.90214,1.13555,-0.131001,-0.584474,0.880055,-1.72332,0.224855,0.308179
0.60685,0.010295,-0.0244865,-2.07417,0.361819,0.0375005,-0.849543,0.972594,0.24389,2.11462,-1.05716,0.850993,-0.514932,-0.705833,1.52363,1.07699,-1.3087,0.0206456,-0.869258,0.237528
-0.966002,0.554627,1.09445,0.47775,0.525847,-0.691411,0.979365,-0.0412211,0.280526,-0.647824,1.01974,0.298237,-0.597242,0.132994,0.203913,-0.826528,0.137542,0.365425,1.04475,0.169669
-1.4637,2.2071,-1.49865,-0.925908,1.59552,1.66243,-0.50554,-0.261105,1.39139,-0.811039,-0.447139,-0.359007,-1.05814,0.0577972,0.175958,-1.22243,-0.231034,2.27375,-1.62082,1.51063
-0.964825,1.26615,2.18704,2.22311,0.401528,0.993922,1.49974,-1.03644,0.2388,1.0619,-0.713664,0.11748,-0.410462,0.3635,-0.287098,-2.04699,0.115011,1.08333,2.20131,1.19243
-0.968365,1.06997,2.20915,-0.743893,0.540541,1.01737,-0.807333,-0.153641,0.339716,1.04119,0.139931,-0.29172,-0.758074,0.42606,-1.96648,-0.357914,0.13512,1.02163,1.14142,0.164739
-2.06277,-1.33996,-0.157905,-0.52553,0.325006,0.100562,0.0477122,-0.360258,0.205422,-0.51859,0.0301565,-0.460753,0.946038,0.145249,2.06431,-1.08795,1.01516,-1.39616,-0.705418,1.51304
0.0136085,0.303363,-0.692999,-2.07992,-0.0134946,-0.718041,-0.551292,1.13988,0.186727,-0.614576,-0.581192,0.882303,-0.595234,0.304982,-0.590545,1.19131,-1.14532,0.254905,0.216887,0.215371
-1.31036,-0.328245,1.63603,0.796977,1.52631,-0.361883,1.03192,0.0619586,1.49975,-1.08052,1.54917,-0.306997,-1.08903,1.50227,-0.622558,-0.218728,-0.520539,-0.598454,0.0167085,0.210438
2.27226,0.301663,-2.08234,1.70513,1.15071,-0.695445,1.0087,1.37109,1.1522,-0.629483,1.01823,1.61821,-2.03206,0.207456,1.14921,0.0499651,-1.7509,0.25253,0.113207,-0.292615