2.21993,-1.26419,0.300521,-2.10618,1.13417,0.00787692,-0.83587,0.916752,1.13174,0.137768,-0.580902,0.447587,-1.96782,-0.629612,0.242444,0.929703,-1.72973,-0.0216481,0.252846,0.242584
-0.162761,-1.09117,1.09794,0.599648,-0.729907,1.5351,0.955208,-0.050617,-0.723749,1.56761,1.18036,-0.283203,2.0645,-0.97287,0.292753,-0.515192,0.0218909,-0.411867,1.04744,0.317516
-0.967863,-2.10271,-1.18005,-0.693546,0.26625,0.307979,-0.484436,-0.556935,0.041056,0.221792,-0.594084,-0.753376,-0.731813,0.65919,0.133937,-0.48132,0.0494731,1.00913,-1.32958,0.352257
1.62882,0.467175,-0.463145,-0.965014,0.338715,0.184558,-0.460018,0.117796,-0.0648688,0.198546,-1.10667,-0.262643,-1.11875,-0.445098,1.53277,-1.10577,2.20051,-1.38555,-0.981209,1.4989
-2.11582,1.65918,-1.78934,-0.381606,0.55488,-0.22583,-0.801146,-0.553706,0.266689,-0.68294,-2.16953,-0.582049,0.937376,-0.619304,1.15334,-0.757784,1.04503,2.18019,-1.75014,0.271339
-2.21457,-1.73939,0.279284,-0.692666,0.330244,-0.493179,-0.795462,-0.759229,0.153804,-1.92049,-0.763759,-0.633709,0.901751,1.1361,-0.130871,-0.584235,0.880007,-1.72359,0.225135,0.308074
0.60659,0.0191428,-0.0247127,-2.07424,0.362049,0.0400792,-0.849552,0.972553,0.243843,2.11532,-1.05701,0.850919,-0.515174,-0.725715,1.52341,1.07706,-1.3087,0.0292427,-0.86916,0.237229
-0.966218,0.55461,1.09415,0.47786,0.525887,-0.691308,0.979407,-0.0412717,0.280421,-0.647868,1.01961,0.298058,-0.597661,0.132647,0.203878,-0.82619,0.137555,0.365159,1.04492,0.16966
-1.46379,2.20711,-1.49879,-0.925851,1.59552,1.66245,-0.505419,-0.261356,1.3913,-0.810974,-0.447134,-0.35931,-1.05807,0.057673,0.175909,-1.22212,-0.231039,2.27364,-1.62075,1.51047
-0.96478,1.26607,2.18704,2.22282,0.401538,0.993875,1.49962,-1.03652,0.238899,1.06186,-0.713613,0.117461,-0.410439,0.363439,-0.286945,-2.04709,0.114951,1.0832,2.20126,1.1932
-0.968182,1.06981,2.20889,-0.743821,0.540447,1.01728,-0.807505,-0.153601,0.339849,1.04114,0.139971,-0.291679,-0.757832,0.426155,-1.96657,-0.358061,0.135026,1.02165,1.14216,0.164977
-2.06244,-1.34006,-0.163487,-0.525436,0.324732,0.100182,0.0499105,-0.360595,0.205779,-0.518538,0.0327692,-0.460644,0.94642,0.14562,2.06507,-1.08797,1.01502,-1.39595,-0.725276,1.51335
0.0136839,0.303353,-0.692786,-2.08002,-0.0136369,-0.718118,-0.551473,1.13992,0.186608,-0.614643,-0.58122,0.882314,-0.59519,0.305314,-0.590327,1.19118,-1.14545,0.25492,0.216802,0.215329
-1.31023,-0.328302,1.63615,0.796793,1.52639,-0.361956,1.03209,0.0621024,1.49951,-1.08023,1.54907,-0.306957,-1.08861,1.50229,-0.622558,-0.218936,-0.520654,-0.598475,0.0167808,0.210243
2.27202,0.301569,-2.08238,1.70519,1.15148,-0.695446,1.00872,1.37112,1.15296,-0.629458,1.01828,1.61815,-2.03209,0.207484,1.14921,0.049922,-1.75099,0.252482,0.113139,-0.292465