2.2198,-1.26423,0.300495,-2.10624,1.13481,0.00786381,-0.835932,0.916818,1.13252,0.137737,-0.580793,0.447591,-1.96773,-0.62947,0.242438,0.92958,-1.7297,-0.0215682,0.25278,0.242711
-0.168194,-1.09112,1.09782,0.599626,-0.746207,1.53527,0.955318,-0.0503688,-0.740322,1.56738,1.18026,-0.283396,2.0651,-0.972681,0.292825,-0.515208,0.0302011,-0.411916,1.04753,0.317462
-0.967845,-2.10271,-1.18006,-0.693513,0.266276,0.307957,-0.484412,-0.557006,0.0409643,0.221757,-0.594141,-0.753434,-0.731937,0.659163,0.134034,-0.48129,0.0493783,1.00901,-1.32959,0.352153
1.62889,0.467238,-0.463232,-0.965022,0.338804,0.184744,-0.460148,0.117753,-0.0649592,0.198578,-1.10653,-0.26295,-1.11882,-0.445035,1.5328,-1.10556,2.20044,-1.3856,-0.981153,1.49871
-2.11578,1.65926,-1.78932,-0.381631,0.554802,-0.225671,-0.801152,-0.553565,0.266523,-0.682956,-2.16958,-0.582151,0.937447,-0.619155,1.15401,-0.757937,1.04495,2.18024,-1.75013,0.271357
-2.21493,-1.73941,0.279048,-0.692605,0.330265,-0.493053,-0.795405,-0.75913,0.15358,-1.92055,-0.763821,-0.633959,0.90142,1.13649,-0.130747,-0.584048,0.87996,-1.72379,0.225367,0.307994
0.606375,0.02752,-0.0248983,-2.0743,0.362231,0.0420871,-0.849571,0.972548,0.243801,2.11593,-1.05688,0.850836,-0.515402,-0.742348,1.52325,1.07711,-1.30871,0.0374229,-0.869077,0.236978
-0.966387,0.554595,1.09392,0.477959,0.525893,-0.691239,0.979422,-0.0412943,0.280341,-0.647919,1.01951,0.297888,-0.597998,0.132373,0.203856,-0.825939,0.13756,0.36496,1.04505,0.169676
-1.46384,2.20708,-1.4989,-0.9258,1.59552,1.66247,-0.505323,-0.261553,1.39122,-0.810925,-0.447156,-0.359572,-1.05799,0.0575799,0.175874,-1.22187,-0.231051,2.27353,-1.62068,1.51033
-0.964746,1.266,2.18701,2.2226,0.401551,0.99384,1.49952,-1.03659,0.238985,1.06183,-0.713568,0.117449,-0.410415,0.363387,-0.286818,-2.04718,0.1149,1.08309,2.2012,1.19378
-0.968039,1.06969,2.20871,-0.743769,0.540368,1.01721,-0.807644,-0.153587,0.33996,1.0411,0.140006,-0.291621,-0.757638,0.426226,-1.96665,-0.358179,0.134953,1.02166,1.14271,0.165177
-2.06216,-1.34014,-0.168636,-0.52538,0.324529,0.0998619,0.0516353,-0.360934,0.206088,-0.518497,0.0348052,-0.4605,0.946751,0.145938,2.06576,-1.08798,1.01492,-1.39578,-0.741895,1.51359
0.0137309,0.303349,-0.692621,-2.08011,-0.0137521,-0.718183,-0.551623,1.13994,0.186503,-0.61469,-0.58125,0.882328,-0.595196,0.305581,-0.590154,1.19108,-1.14557,0.254915,0.21673,0.215287
-1.31014,-0.328354,1.63625,0.796645,1.52646,-0.362,1.03222,0.0622393,1.49929,-1.07998,1.54897,-0.306947,-1.08829,1.5023,-0.622548,-0.219119,-0.520764,-0.598515,0.0168594,0.210072
2.27184,0.301489,-2.08242,1.70524,1.15206,-0.695443,1.00874,1.37116,1.15353,-0.62944,1.01832,1.6181,-2.03211,0.207496,1.14921,0.0498872,-1.75106,0.252441,0.113077,-0.292342