2.2197,-1.26426,0.30047,-2.1063,1.13531,0.00785221,-0.835981,0.916872,1.13314,0.137716,-0.5807,0.447605,-1.96765,-0.629348,0.242432,0.929477,-1.72968,-0.0215007,0.252724,0.242818
-0.173127,-1.09107,1.09774,0.599621,-0.759861,1.53542,0.955399,-0.0501386,-0.7542,1.56718,1.18018,-0.283572,2.06563,-0.972525,0.292891,-0.515236,0.0380181,-0.411963,1.04762,0.31742
-0.967837,-2.10271,-1.18007,-0.693487,0.266296,0.307936,-0.484393,-0.557062,0.0408832,0.221724,-0.594216,-0.753489,-0.732047,0.659136,0.134115,-0.481264,0.0492963,1.00891,-1.32959,0.352063
1.62896,0.467289,-0.463307,-0.965015,0.338871,0.184902,-0.460262,0.11773,-0.0650407,0.1986,-1.1064,-0.263216,-1.11889,-0.445012,1.53284,-1.10538,2.20036,-1.38565,-0.981111,1.49855
-2.11576,1.65934,-1.78932,-0.381647,0.554728,-0.225531,-0.801161,-0.553441,0.266376,-0.682972,-2.16961,-0.58224,0.937489,-0.619037,1.15454,-0.758055,1.04489,2.18026,-1.75013,0.271373
-2.21523,-1.73943,0.278864,-0.692547,0.330263,-0.492949,-0.795377,-0.759022,0.153385,-1.9206,-0.763873,-0.634184,0.901136,1.13677,-0.130632,-0.583897,0.879914,-1.72396,0.225559,0.30793
0.606195,0.0353953,-0.0250516,-2.07434,0.362374,0.0436204,-0.849595,0.972564,0.243763,2.11647,-1.05676,0.85075,-0.51562,-0.756268,1.52312,1.07715,-1.30872,0.0451406,-0.869008,0.236765
-0.966523,0.55458,1.09374,0.478046,0.525879,-0.691191,0.979418,-0.0413016,0.280279,-0.647973,1.01942,0.297734,-0.598275,0.132154,0.203843,-0.825752,0.137561,0.364808,1.04516,0.169705
-1.46388,2.20704,-1.49899,-0.925753,1.59551,1.66248,-0.505247,-0.261706,1.39116,-0.810889,-0.447197,-0.359797,-1.05791,0.0575087,0.175849,-1.22165,-0.231068,2.27343,-1.62062,1.51023
-0.964719,1.26595,2.18697,2.22243,0.401565,0.993812,1.49943,-1.03666,0.239058,1.06181,-0.713529,0.117442,-0.41039,0.363342,-0.286711,-2.04724,0.114857,1.083,2.20112,1.19424
-0.967923,1.06958,2.20858,-0.743731,0.540304,1.01715,-0.807757,-0.153591,0.340053,1.04108,0.140037,-0.291557,-0.757478,0.426281,-1.96672,-0.358276,0.134897,1.02167,1.14312,0.165345
-2.06193,-1.34021,-0.173333,-0.525349,0.324379,0.0995874,0.0529545,-0.361257,0.206356,-0.518467,0.0363615,-0.460343,0.947042,0.146211,2.06636,-1.08798,1.01484,-1.39565,-0.755806,1.51379
0.0137593,0.303347,-0.692492,-2.08019,-0.0138469,-0.718236,-0.551747,1.13996,0.186413,-0.614725,-0.581281,0.882345,-0.595233,0.305796,-0.590014,1.191,-1.14567,0.2549,0.216668,0.215245
-1.31008,-0.328403,1.63633,0.796525,1.52652,-0.362024,1.03234,0.0623663,1.49909,-1.07977,1.54887,-0.306954,-1.08803,1.50228,-0.62253,-0.219281,-0.520864,-0.598563,0.0169381,0.209922
2.27169,0.30142,-2.08245,1.70529,1.15251,-0.695438,1.00875,1.37119,1.15396,-0.629427,1.01836,1.61807,-2.03214,0.207499,1.14921,0.0498597,-1.75113,0.252405,0.113022,-0.29224