2.21963,-1.2643,0.300448,-2.10635,1.1357,0.00784182,-0.83602,0.916915,1.13363,0.137702,-0.58062,0.447624,-1.96757,-0.629244,0.242424,0.929388,-1.72967,-0.0214446,0.252677,0.242908
-0.177571,-1.09102,1.09767,0.599625,-0.771304,1.53554,0.955458,-0.0499311,-0.765824,1.567,1.1801,-0.283727,2.0661,-0.972395,0.292951,-0.515272,0.0453271,-0.412009,1.04769,0.317386
-0.967835,-2.10271,-1.18008,-0.693464,0.266311,0.307917,-0.48438,-0.557107,0.0408122,0.221692,-0.594301,-0.753539,-0.732144,0.65911,0.134184,-0.48124,0.0492264,1.00882,-1.3296,0.351985
1.629,0.467331,-0.463373,-0.965001,0.338923,0.185037,-0.460362,0.11772,-0.065112,0.198613,-1.10629,-0.263443,-1.11896,-0.445018,1.53287,-1.10521,2.20027,-1.38569,-0.98108,1.49842
-2.11575,1.65941,-1.78932,-0.381655,0.554661,-0.225409,-0.801172,-0.553336,0.266248,-0.682987,-2.16964,-0.582317,0.937513,-0.618942,1.15495,-0.758147,1.04485,2.18027,-1.75014,0.271387
-2.21548,-1.73946,0.278721,-0.692492,0.330249,-0.492862,-0.795368,-0.758914,0.153215,-1.92066,-0.763918,-0.634382,0.900891,1.13698,-0.130526,-0.583771,0.879871,-1.7241,0.225717,0.307878
0.606044,0.0427523,-0.0251788,-2.07437,0.362486,0.0447642,-0.849619,0.972591,0.243726,2.11693,-1.05665,0.850666,-0.515826,-0.767921,1.52301,1.07718,-1.30874,0.0523705,-0.868951,0.236587
-0.966633,0.554568,1.0936,0.478123,0.525854,-0.691158,0.979404,-0.0413007,0.28023,-0.648025,1.01936,0.297597,-0.598503,0.131976,0.203835,-0.825615,0.137559,0.36469,1.04524,0.16974
-1.46391,2.20699,-1.49907,-0.925709,1.5955,1.6625,-0.505186,-0.261824,1.3911,-0.810862,-0.447252,-0.35999,-1.05784,0.0574534,0.175829,-1.22147,-0.231087,2.27334,-1.62057,1.51013
-0.964696,1.2659,2.18691,2.2223,0.40158,0.99379,1.49937,-1.03671,0.23912,1.06179,-0.713494,0.117438,-0.410365,0.363303,-0.286622,-2.0473,0.11482,1.08293,2.20105,1.1946
-0.967828,1.06949,2.20847,-0.743702,0.540252,1.0171,-0.807851,-0.153608,0.340134,1.04106,0.140063,-0.291494,-0.757346,0.426325,-1.96678,-0.358356,0.134852,1.02167,1.14343,0.165486
-2.06172,-1.34027,-0.177583,-0.525337,0.324269,0.09935,0.0539338,-0.361554,0.206588,-0.518448,0.037524,-0.460188,0.947298,0.146444,2.06689,-1.08798,1.01478,-1.39554,-0.767453,1.51394
0.0137757,0.303346,-0.69239,-2.08025,-0.0139255,-0.718281,-0.551849,1.13996,0.186338,-0.614751,-0.58131,0.882362,-0.595292,0.30597,-0.589901,1.19093,-1.14575,0.25488,0.216616,0.215206
-1.31003,-0.328449,1.6364,0.796428,1.52656,-0.362033,1.03243,0.0624815,1.49892,-1.07959,1.54879,-0.306971,-1.08783,1.50226,-0.622507,-0.219424,-0.520954,-0.598614,0.0170128,0.209793
2.27158,0.301362,-2.08248,1.70534,1.15285,-0.695433,1.00876,1.37121,1.15429,-0.629417,1.01839,1.61804,-2.03216,0.207498,1.14921,0.0498384,-1.75119,0.252375,0.112972,-0.292155