2.21959,-1.26433,0.300427,-2.10639,1.13601,0.00783255,-0.836051,0.916951,1.13402,0.137693,-0.580553,0.447646,-1.96749,-0.629156,0.242415,0.929311,-1.72966,-0.0213988,0.252637,0.242982
-0.181552,-1.09099,1.09761,0.599635,-0.780899,1.53564,0.955502,-0.0497475,-0.775568,1.56685,1.18003,-0.28386,2.06651,-0.972286,0.293004,-0.515312,0.0521243,-0.412053,1.04775,0.317357
-0.967837,-2.10271,-1.18009,-0.693445,0.266321,0.307901,-0.484371,-0.557143,0.0407507,0.221663,-0.594393,-0.753584,-0.732229,0.659086,0.134242,-0.481218,0.0491674,1.00874,-1.32961,0.351918
1.62904,0.467365,-0.463431,-0.964982,0.338961,0.185152,-0.460447,0.117719,-0.0651732,0.198621,-1.1062,-0.263634,-1.11902,-0.445045,1.5329,-1.10506,2.20019,-1.38572,-0.981058,1.49831
-2.11575,1.65947,-1.78932,-0.381659,0.5546,-0.225303,-0.801183,-0.553248,0.266139,-0.683001,-2.16966,-0.582382,0.937525,-0.618864,1.15528,-0.758218,1.04481,2.18026,-1.75015,0.271399
-2.21569,-1.73949,0.27861,-0.692442,0.330228,-0.492787,-0.795369,-0.758812,0.153066,-1.9207,-0.763955,-0.634555,0.90068,1.13713,-0.130431,-0.583665,0.879833,-1.72423,0.225847,0.307834
0.605917,0.0495876,-0.0252846,-2.0744,0.362575,0.0455924,-0.849643,0.972624,0.243691,2.11734,-1.05655,0.850587,-0.51602,-0.777684,1.52293,1.0772,-1.30875,0.059103,-0.868906,0.236438
-0.966722,0.554557,1.09349,0.47819,0.525823,-0.691136,0.979383,-0.0412957,0.28019,-0.648075,1.01931,0.297477,-0.598693,0.131831,0.203831,-0.825515,0.137558,0.364599,1.04531,0.169777
-1.46393,2.20693,-1.49914,-0.92567,1.59548,1.66251,-0.505136,-0.261915,1.39105,-0.810841,-0.447316,-0.360154,-1.05777,0.0574103,0.175815,-1.22131,-0.231108,2.27326,-1.62053,1.51005
-0.964676,1.26586,2.18685,2.2222,0.401594,0.993772,1.49931,-1.03676,0.239172,1.06177,-0.713464,0.117434,-0.410341,0.363269,-0.286547,-2.04734,0.114788,1.08286,2.20097,1.19489
-0.967747,1.06942,2.2084,-0.743681,0.540209,1.01705,-0.807928,-0.153633,0.340204,1.04104,0.140085,-0.291434,-0.757236,0.42636,-1.96683,-0.358423,0.134816,1.02167,1.14367,0.165603
-2.06154,-1.34031,-0.181401,-0.525337,0.324189,0.0991435,0.0546338,-0.361822,0.206786,-0.51844,0.0383671,-0.460043,0.947523,0.146643,2.06735,-1.08797,1.01473,-1.39546,-0.777214,1.51407
0.0137842,0.303345,-0.692307,-2.08029,-0.0139909,-0.718318,-0.551934,1.13997,0.186275,-0.614771,-0.581338,0.882381,-0.595364,0.306111,-0.58981,1.19088,-1.14582,0.25486,0.216572,0.215169
-1.31,-0.328491,1.63646,0.79635,1.52659,-0.362032,1.03251,0.0625843,1.49877,-1.07944,1.54872,-0.306993,-1.08766,1.50224,-0.622482,-0.219551,-0.521033,-0.598664,0.0170817,0.209682
2.27148,0.301314,-2.0825,1.70538,1.15313,-0.695429,1.00877,1.37123,1.15455,-0.629408,1.01842,1.61802,-2.03218,0.207494,1.1492,0.0498223,-1.75124,0.252349,0.11293,-0.292085