2.21956,-1.26436,0.300407,-2.10643,1.13626,0.0078244,-0.836075,0.916981,1.13434,0.137688,-0.580496,0.447667,-1.96743,-0.629083,0.242405,0.929245,-1.72967,-0.0213619,0.252603,0.243044
-0.185098,-1.09095,1.09756,0.599648,-0.788954,1.53573,0.955535,-0.0495873,-0.783743,1.56671,1.17998,-0.283971,2.06686,-0.972195,0.293053,-0.515354,0.0584157,-0.412094,1.0478,0.317332
-0.967841,-2.10271,-1.18009,-0.693427,0.266328,0.307887,-0.484365,-0.557173,0.0406977,0.221637,-0.594487,-0.753623,-0.732303,0.659063,0.134292,-0.481198,0.0491178,1.00868,-1.32961,0.351861
1.62908,0.467393,-0.463481,-0.964961,0.338991,0.18525,-0.460521,0.117721,-0.0652249,0.198624,-1.10612,-0.263795,-1.11908,-0.445086,1.53292,-1.10493,2.20012,-1.38576,-0.981044,1.49821
-2.11575,1.65952,-1.78934,-0.381659,0.554545,-0.225212,-0.801194,-0.553175,0.266047,-0.683014,-2.16968,-0.582437,0.937528,-0.618801,1.15555,-0.758272,1.04478,2.18024,-1.75016,0.27141
-2.21588,-1.73952,0.278524,-0.692397,0.330203,-0.492722,-0.795376,-0.758719,0.152936,-1.92075,-0.763988,-0.634704,0.900498,1.13725,-0.130345,-0.583574,0.879799,-1.72434,0.225953,0.307797
0.605809,0.0559075,-0.0253727,-2.07441,0.362644,0.0461682,-0.849666,0.972659,0.243658,2.11769,-1.05647,0.850515,-0.516201,-0.785873,1.52287,1.07722,-1.30877,0.0653399,-0.86887,0.236312
-0.966794,0.554547,1.0934,0.478249,0.52579,-0.69112,0.979359,-0.0412891,0.280158,-0.648122,1.01926,0.297373,-0.598852,0.131713,0.203829,-0.825445,0.137556,0.364528,1.04537,0.169813
-1.46394,2.20688,-1.49919,-0.925634,1.59547,1.66252,-0.505096,-0.261985,1.39101,-0.810826,-0.447386,-0.360294,-1.05771,0.0573765,0.175803,-1.22118,-0.231129,2.27319,-1.62049,1.50998
-0.964659,1.26582,2.18679,2.22212,0.401607,0.993757,1.49926,-1.0368,0.239215,1.06176,-0.713437,0.117432,-0.410319,0.36324,-0.286484,-2.04738,0.114761,1.0828,2.2009,1.19512
-0.96768,1.06935,2.20834,-0.743665,0.540175,1.01701,-0.807993,-0.153663,0.340265,1.04103,0.140104,-0.291381,-0.757144,0.426388,-1.96688,-0.35848,0.134787,1.02167,1.14386,0.165702
-2.06139,-1.34035,-0.184813,-0.525344,0.324131,0.0989637,0.0551086,-0.362059,0.206956,-0.518441,0.0389548,-0.459912,0.94772,0.146811,2.06775,-1.08797,1.01468,-1.3954,-0.7854,1.51416
0.0137873,0.303343,-0.692241,-2.08033,-0.0140457,-0.718349,-0.552004,1.13997,0.186224,-0.614786,-0.581364,0.882398,-0.595443,0.306225,-0.589736,1.19084,-1.14587,0.25484,0.216536,0.215135
-1.30998,-0.328532,1.63651,0.796287,1.52662,-0.362026,1.03257,0.0626746,1.49863,-1.07932,1.54866,-0.307015,-1.08753,1.50221,-0.622454,-0.219664,-0.521102,-0.598712,0.0171438,0.209588
2.27141,0.301273,-2.08252,1.70542,1.15335,-0.695425,1.00878,1.37125,1.15476,-0.629402,1.01844,1.618,-2.0322,0.207489,1.1492,0.0498103,-1.75129,0.252327,0.112892,-0.292027