2.21954,-1.26438,0.30039,-2.10647,1.13646,0.00781736,-0.836095,0.917005,1.1346,0.137687,-0.580448,0.447687,-1.96737,-0.629022,0.242395,0.929186,-1.72968,-0.0213326,0.252575,0.243094
-0.188245,-1.09092,1.09753,0.599662,-0.795723,1.53581,0.95556,-0.049449,-0.790609,1.56659,1.17993,-0.284063,2.06717,-0.972119,0.293096,-0.515397,0.0642143,-0.412131,1.04784,0.317311
-0.967847,-2.10271,-1.1801,-0.693412,0.266332,0.307875,-0.48436,-0.557197,0.0406525,0.221614,-0.59458,-0.753658,-0.732367,0.659043,0.134334,-0.48118,0.0490766,1.00862,-1.32962,0.351812
1.6291,0.467415,-0.463526,-0.964939,0.339013,0.185333,-0.460585,0.117725,-0.0652681,0.198624,-1.10605,-0.263928,-1.11914,-0.445136,1.53294,-1.10481,2.20005,-1.38578,-0.981035,1.49813
-2.11575,1.65957,-1.78935,-0.381656,0.554495,-0.225134,-0.801205,-0.553116,0.26597,-0.683025,-2.16969,-0.582483,0.937526,-0.61875,1.15576,-0.758314,1.04476,2.18022,-1.75018,0.271419
-2.21603,-1.73955,0.278457,-0.692357,0.330179,-0.492666,-0.795385,-0.758637,0.152824,-1.92078,-0.764016,-0.63483,0.900342,1.13734,-0.130267,-0.583496,0.87977,-1.72444,0.22604,0.307764
0.605719,0.0617264,-0.0254462,-2.07442,0.362699,0.0465454,-0.849686,0.972693,0.243628,2.118,-1.05639,0.85045,-0.516369,-0.792748,1.52281,1.07724,-1.30878,0.071092,-0.868843,0.236207
-0.966853,0.554538,1.09332,0.4783,0.525757,-0.69111,0.979335,-0.0412821,0.280133,-0.648165,1.01923,0.297283,-0.598984,0.131616,0.203828,-0.825397,0.137555,0.364472,1.04541,0.169848
-1.46395,2.20683,-1.49923,-0.925603,1.59546,1.66253,-0.505062,-0.262038,1.39096,-0.810814,-0.447459,-0.360412,-1.05766,0.0573502,0.175795,-1.22107,-0.23115,2.27313,-1.62046,1.50992
-0.964644,1.26579,2.18674,2.22206,0.401619,0.993745,1.49922,-1.03684,0.239251,1.06175,-0.713414,0.11743,-0.410298,0.363215,-0.286431,-2.04741,0.114737,1.08275,2.20084,1.19531
-0.967623,1.0693,2.2083,-0.743652,0.540147,1.01697,-0.808047,-0.153694,0.340318,1.04102,0.140119,-0.291334,-0.757067,0.426411,-1.96691,-0.358529,0.134763,1.02167,1.14401,0.165784
-2.06125,-1.34038,-0.187849,-0.525355,0.324088,0.098807,0.055405,-0.362267,0.2071,-0.518449,0.0393411,-0.459798,0.947891,0.146953,2.0681,-1.08798,1.01464,-1.39535,-0.792276,1.51424
0.0137871,0.303341,-0.692187,-2.08036,-0.0140916,-0.718375,-0.552063,1.13997,0.186183,-0.614798,-0.581388,0.882415,-0.595526,0.306317,-0.589677,1.19081,-1.14591,0.254821,0.216505,0.215105
-1.30997,-0.32857,1.63656,0.796236,1.52663,-0.362017,1.03262,0.062753,1.49851,-1.07921,1.5486,-0.307037,-1.08742,1.50218,-0.622427,-0.219764,-0.521162,-0.598756,0.0171988,0.209509
2.27135,0.301239,-2.08253,1.70545,1.15353,-0.695422,1.00879,1.37126,1.15493,-0.629396,1.01845,1.61798,-2.03221,0.207484,1.14919,0.0498017,-1.75134,0.252308,0.112861,-0.291979