2.21953,-1.2644,0.300374,-2.10649,1.13663,0.00781141,-0.836111,0.917024,1.13481,0.137687,-0.580408,0.447706,-1.96731,-0.628972,0.242385,0.929136,-1.7297,-0.0213098,0.25255,0.243135
-0.191027,-1.0909,1.0975,0.599675,-0.801421,1.53587,0.95558,-0.0493306,-0.796385,1.56649,1.17988,-0.284138,2.06744,-0.972056,0.293134,-0.515439,0.0695388,-0.412166,1.04788,0.317292
-0.967852,-2.1027,-1.1801,-0.693399,0.266335,0.307865,-0.484358,-0.557218,0.040614,0.221593,-0.594672,-0.753687,-0.732422,0.659026,0.13437,-0.481163,0.0490424,1.00857,-1.32963,0.351771
1.62912,0.467433,-0.463566,-0.964918,0.339029,0.185404,-0.46064,0.117729,-0.0653037,0.198623,-1.10599,-0.264039,-1.11919,-0.445191,1.53296,-1.1047,2.19999,-1.38581,-0.981031,1.49806
-2.11575,1.65961,-1.78937,-0.381652,0.554451,-0.225068,-0.801215,-0.553068,0.265905,-0.683036,-2.1697,-0.582521,0.93752,-0.618707,1.15593,-0.758346,1.04475,2.18019,-1.7502,0.271426
-2.21616,-1.73958,0.278405,-0.692323,0.330155,-0.492617,-0.795395,-0.758564,0.152727,-1.92081,-0.764041,-0.634937,0.900208,1.13741,-0.130198,-0.583428,0.879746,-1.72453,0.226111,0.307734
0.605644,0.0670642,-0.0255077,-2.07443,0.362743,0.0467687,-0.849704,0.972725,0.243601,2.11826,-1.05632,0.850392,-0.516523,-0.798531,1.52277,1.07726,-1.30879,0.0763762,-0.868822,0.236119
-0.966901,0.55453,1.09326,0.478344,0.525724,-0.691104,0.97931,-0.0412756,0.280112,-0.648204,1.0192,0.297207,-0.599094,0.131538,0.203829,-0.825366,0.137555,0.364429,1.04544,0.169881
-1.46396,2.20678,-1.49927,-0.925576,1.59544,1.66253,-0.505035,-0.26208,1.39093,-0.810805,-0.447532,-0.360512,-1.05761,0.0573297,0.175789,-1.22097,-0.23117,2.27307,-1.62043,1.50987
-0.964631,1.26576,2.18668,2.22201,0.40163,0.993734,1.49919,-1.03687,0.23928,1.06175,-0.713394,0.117427,-0.410279,0.363193,-0.286387,-2.04744,0.114717,1.08271,2.20078,1.19546
-0.967574,1.06925,2.20826,-0.743642,0.540124,1.01694,-0.808092,-0.153726,0.340363,1.04102,0.140132,-0.291293,-0.757003,0.426428,-1.96694,-0.35857,0.134742,1.02166,1.14413,0.165852
-2.06114,-1.34041,-0.190539,-0.525367,0.324057,0.0986706,0.0555631,-0.362447,0.207221,-0.518464,0.0395714,-0.4597,0.948038,0.147072,2.0684,-1.08799,1.0146,-1.39531,-0.79806,1.5143
0.0137846,0.303338,-0.692143,-2.08039,-0.0141303,-0.718397,-0.552113,1.13997,0.18615,-0.614808,-0.581409,0.882431,-0.59561,0.306392,-0.589629,1.19078,-1.14595,0.254803,0.216481,0.215078
-1.30996,-0.328606,1.63659,0.796196,1.52663,-0.362006,1.03266,0.0628202,1.49841,-1.07913,1.54856,-0.307056,-1.08733,1.50215,-0.622401,-0.219853,-0.521214,-0.598797,0.017247,0.209442
2.27131,0.301211,-2.08254,1.70548,1.15367,-0.69542,1.0088,1.37127,1.15506,-0.629391,1.01847,1.61797,-2.03222,0.207478,1.14919,0.0497957,-1.75139,0.252291,0.112833,-0.291939