2.32706,-1.35363,0.303092,-2.3395,1.03698,0.0232815,-0.867094,1.01246,1.02795,0.175588,-0.64207,0.508113,-2.20873,-0.689761,0.241652,0.9995,-1.6698,-0.0516188,0.251487,0.264423
-0.116118,-1.2178,1.20309,0.720991,-0.238434,1.66531,1.04161,-0.0166057,-0.236056,1.72019,1.25456,-0.300903,2.21204,-1.0387,0.328124,-0.529577,-0.0596087,-0.464438,1.13317,0.372148
-1.07998,-2.26499,-1.2963,-0.749258,0.306125,0.300252,-0.534881,-0.55121,0.0144742,0.246139,-0.632372,-0.841696,-0.784564,0.748704,0.197389,-0.533837,0.0386988,1.06751,-1.48849,0.378767
1.76964,0.543167,-0.506085,-1.03659,0.358592,0.234028,-0.487983,0.154267,-0.0984983,0.233181,-1.15134,-0.262544,-1.20605,-0.470364,1.67139,-1.15435,2.15745,-1.55592,-1.07601,1.65682
-2.33017,1.86508,-1.78153,-0.404952,0.526402,-0.238948,-0.878354,-0.613221,0.263613,-0.716465,-2.33582,-0.648059,0.986397,-0.715112,1.07596,-0.822015,1.11998,2.10439,-1.73399,0.318989
-2.37272,-1.73337,0.317094,-0.755774,0.352122,-0.541911,-0.847982,-0.752885,0.208809,-2.11184,-0.807466,-0.705574,1.0217,1.05609,-0.140564,-0.621668,0.963984,-1.63685,0.225051,0.366816
0.682298,-0.0882355,-0.0511323,-2.2588,0.386567,-0.0367193,-0.907085,1.09486,0.346374,2.23117,-1.12312,0.941092,-0.529386,-0.240181,1.67997,1.2003,-1.45114,-0.0349129,-0.936437,0.264519
-1.04631,0.595897,1.17821,0.569682,0.546821,-0.744686,1.03841,-0.0195897,0.336767,-0.71718,1.13699,0.269256,-0.621266,0.14834,0.237479,-0.873711,0.119958,0.397336,1.11148,0.25939
-1.5643,2.14192,-1.67156,-1.01392,1.75429,1.78932,-0.52518,-0.228114,1.56331,-0.875479,-0.484208,-0.36876,-1.09396,0.0502676,0.199925,-1.23459,-0.25307,2.2915,-1.75119,1.66338
-1.05449,1.3595,2.14274,2.31615,0.461201,1.10423,1.6582,-1.10402,0.232241,1.17299,-0.76299,0.11348,-0.463484,0.388402,-0.344874,-2.27521,0.105073,1.15811,2.15924,1.10945
-1.05772,1.14801,2.34592,-0.804115,0.552035,1.13313,-0.821967,-0.234512,0.339643,1.13569,0.142102,-0.287077,-0.827936,0.452541,-2.14881,-0.407091,0.138142,1.08872,1.05273,0.158279
-2.21614,-1.47916,-0.125563,-0.62605,0.363685,0.128821,0.0179377,-0.440497,0.175313,-0.560129,-0.0434891,-0.444442,1.05322,0.216148,2.25963,-1.15922,1.07922,-1.5824,-0.224047,1.61994
0.0295609,0.334052,-0.740541,-2.27377,0.0484301,-0.781013,-0.649854,1.26171,0.169898,-0.65773,-0.619279,0.950616,-0.661516,0.299557,-0.632859,1.31683,-1.29126,0.2468,0.227844,0.238859
-1.4546,-0.364145,1.76905,0.896336,1.65774,-0.361828,1.10885,0.0277837,1.62555,-1.13919,1.69387,-0.300158,-1.18469,1.60923,-0.70426,-0.230936,-0.611378,-0.674444,0.00125354,0.236799
2.39668,0.29024,-2.26376,1.85377,1.03655,-0.741238,1.14161,1.51736,1.06623,-0.731015,1.06208,1.78146,-2.23765,0.209657,1.26956,0.0618895,-1.73174,0.270106,0.120439,-0.328273