2.21952,-1.26442,0.300359,-2.10652,1.13676,0.00780648,-0.836124,0.917041,1.13498,0.137689,-0.580375,0.447722,-1.96727,-0.628931,0.242376,0.929091,-1.72972,-0.0212924,0.25253,0.243169
-0.193481,-1.09088,1.09748,0.599688,-0.806225,1.53593,0.955595,-0.0492301,-0.801251,1.5664,1.17985,-0.284199,2.06767,-0.972003,0.293167,-0.515479,0.0744118,-0.412198,1.04791,0.317275
-0.967857,-2.1027,-1.1801,-0.693387,0.266336,0.307857,-0.484356,-0.557236,0.0405813,0.221574,-0.59476,-0.753712,-0.73247,0.65901,0.134401,-0.481147,0.0490143,1.00853,-1.32963,0.351735
1.62914,0.467447,-0.463601,-0.964899,0.339041,0.185464,-0.460686,0.117733,-0.0653329,0.198621,-1.10594,-0.26413,-1.11923,-0.445249,1.53298,-1.10461,2.19993,-1.38583,-0.981031,1.49799
-2.11575,1.65965,-1.78939,-0.381646,0.554412,-0.225011,-0.801224,-0.553029,0.265853,-0.683046,-2.16971,-0.582553,0.937511,-0.618673,1.15607,-0.758369,1.04474,2.18017,-1.75023,0.271433
-2.21626,-1.73962,0.278365,-0.692294,0.330134,-0.492575,-0.795405,-0.758501,0.152643,-1.92084,-0.764062,-0.635026,0.900094,1.13747,-0.130137,-0.58337,0.879727,-1.7246,0.226169,0.307707
0.605582,0.0719445,-0.0255593,-2.07443,0.362778,0.0468749,-0.84972,0.972753,0.243576,2.11849,-1.05627,0.850342,-0.516663,-0.803402,1.52273,1.07727,-1.3088,0.081214,-0.868807,0.236045
-0.96694,0.554523,1.09321,0.478382,0.525694,-0.6911,0.979287,-0.0412699,0.280095,-0.648239,1.01918,0.297142,-0.599185,0.131474,0.203831,-0.825348,0.137556,0.364397,1.04547,0.169911
-1.46396,2.20673,-1.4993,-0.925553,1.59543,1.66254,-0.505012,-0.262112,1.39089,-0.810798,-0.447604,-0.360596,-1.05757,0.057314,0.175784,-1.2209,-0.23119,2.27302,-1.62041,1.50982
-0.964619,1.26574,2.18663,2.22198,0.40164,0.993725,1.49916,-1.03689,0.239304,1.06174,-0.713377,0.117425,-0.410261,0.363174,-0.286349,-2.04746,0.114699,1.08268,2.20072,1.19559
-0.967533,1.06921,2.20824,-0.743633,0.540105,1.01691,-0.808131,-0.153758,0.340401,1.04101,0.140143,-0.291259,-0.756951,0.426442,-1.96697,-0.358605,0.134725,1.02165,1.14423,0.165909
-2.06104,-1.34043,-0.192917,-0.52538,0.324034,0.0985522,0.055616,-0.362601,0.207323,-0.518484,0.0396828,-0.459617,0.948164,0.14717,2.06866,-1.088,1.01456,-1.39528,-0.802934,1.51435
0.0137807,0.303335,-0.692108,-2.08041,-0.0141629,-0.718415,-0.552154,1.13997,0.186123,-0.614815,-0.581428,0.882445,-0.595693,0.306452,-0.589591,1.19076,-1.14597,0.254787,0.21646,0.215055
-1.30996,-0.328639,1.63663,0.796163,1.52663,-0.361996,1.03269,0.0628775,1.49833,-1.07905,1.54852,-0.307074,-1.08726,1.50212,-0.622376,-0.219933,-0.521259,-0.598834,0.0172889,0.209387
2.27127,0.301188,-2.08255,1.7055,1.15378,-0.695418,1.0088,1.37128,1.15516,-0.629387,1.01848,1.61796,-2.03224,0.207473,1.14919,0.0497917,-1.75143,0.252277,0.11281,-0.291907