2.21952,-1.26444,0.300346,-2.10654,1.13687,0.00780251,-0.836134,0.917055,1.13512,0.137691,-0.580347,0.447736,-1.96723,-0.628897,0.242366,0.929053,-1.72974,-0.0212794,0.252513,0.243196
-0.19564,-1.09087,1.09746,0.5997,-0.810284,1.53597,0.955608,-0.0491451,-0.80536,1.56633,1.17981,-0.284246,2.06787,-0.971959,0.293197,-0.515518,0.0788586,-0.412226,1.04793,0.31726
-0.967862,-2.1027,-1.18011,-0.693376,0.266337,0.307849,-0.484355,-0.557252,0.0405538,0.221558,-0.594843,-0.753733,-0.732511,0.658997,0.134428,-0.481133,0.0489911,1.0085,-1.32964,0.351705
1.62916,0.467459,-0.463632,-0.964881,0.339049,0.185515,-0.460727,0.117736,-0.0653565,0.198618,-1.1059,-0.264205,-1.11927,-0.445307,1.53299,-1.10453,2.19988,-1.38585,-0.981033,1.49794
-2.11575,1.65968,-1.78941,-0.38164,0.554378,-0.224962,-0.801232,-0.552998,0.265809,-0.683054,-2.16971,-0.58258,0.937502,-0.618645,1.15618,-0.758387,1.04474,2.18014,-1.75025,0.271438
-2.21635,-1.73965,0.278334,-0.69227,0.330115,-0.492538,-0.795414,-0.758448,0.152572,-1.92086,-0.76408,-0.635099,0.899998,1.13751,-0.130083,-0.583319,0.879711,-1.72467,0.226217,0.307683
0.605531,0.0763939,-0.0256027,-2.07444,0.362806,0.0468941,-0.849734,0.972779,0.243554,2.11869,-1.05622,0.850298,-0.516791,-0.807512,1.52271,1.07729,-1.30881,0.0856297,-0.868797,0.235982
-0.96697,0.554517,1.09317,0.478414,0.525667,-0.691099,0.979265,-0.0412653,0.280082,-0.64827,1.01916,0.297088,-0.599261,0.131422,0.203833,-0.82534,0.137558,0.364372,1.0455,0.169938
-1.46397,2.20669,-1.49932,-0.925533,1.59541,1.66255,-0.504992,-0.262136,1.39086,-0.810793,-0.447675,-0.360667,-1.05754,0.0573022,0.175781,-1.22083,-0.231208,2.27298,-1.62039,1.50978
-0.964609,1.26572,2.18659,2.22195,0.401648,0.993718,1.49914,-1.03691,0.239324,1.06173,-0.713362,0.117423,-0.410246,0.363158,-0.286318,-2.04748,0.114684,1.08265,2.20067,1.19569
-0.967499,1.06918,2.20822,-0.743626,0.540089,1.01688,-0.808163,-0.153787,0.340434,1.04101,0.140152,-0.291231,-0.756907,0.426453,-1.96699,-0.358635,0.13471,1.02165,1.1443,0.165957
-2.06096,-1.34045,-0.195014,-0.525392,0.324018,0.0984495,0.0555913,-0.362734,0.207408,-0.518508,0.0397058,-0.459548,0.948271,0.147252,2.06889,-1.08801,1.01453,-1.39527,-0.807048,1.51438
0.013776,0.303331,-0.692079,-2.08042,-0.0141904,-0.718431,-0.552189,1.13997,0.186102,-0.614822,-0.581446,0.882458,-0.595773,0.3065,-0.58956,1.19075,-1.14599,0.254773,0.216443,0.215035
-1.30996,-0.32867,1.63666,0.796136,1.52663,-0.361985,1.03272,0.0629258,1.49825,-1.07899,1.54848,-0.307088,-1.08721,1.50209,-0.622353,-0.220004,-0.521297,-0.598868,0.017325,0.209341
2.27124,0.301168,-2.08256,1.70552,1.15387,-0.695417,1.00881,1.37129,1.15525,-0.629382,1.01849,1.61795,-2.03225,0.207467,1.14918,0.0497894,-1.75147,0.252265,0.11279,-0.291881