2.21952,-1.26445,0.300335,-2.10655,1.13695,0.00779939,-0.836143,0.917067,1.13524,0.137694,-0.580324,0.447747,-1.96719,-0.62887,0.242357,0.929019,-1.72977,-0.0212699,0.252498,0.243218
-0.197536,-1.09085,1.09744,0.59971,-0.813719,1.53601,0.955618,-0.0490736,-0.808834,1.56626,1.17979,-0.284284,2.06805,-0.971923,0.293223,-0.515555,0.0829057,-0.412252,1.04795,0.317248
-0.967866,-2.1027,-1.18011,-0.693367,0.266336,0.307843,-0.484355,-0.557266,0.0405306,0.221544,-0.594921,-0.753751,-0.732546,0.658985,0.13445,-0.481121,0.0489722,1.00847,-1.32964,0.35168
1.62917,0.467468,-0.46366,-0.964865,0.339056,0.185558,-0.460761,0.117737,-0.0653754,0.198615,-1.10587,-0.264267,-1.11931,-0.445364,1.533,-1.10446,2.19984,-1.38586,-0.981038,1.49789
-2.11576,1.6597,-1.78944,-0.381633,0.554347,-0.224921,-0.801239,-0.552974,0.265774,-0.683062,-2.16972,-0.582602,0.937491,-0.618622,1.15627,-0.7584,1.04473,2.18011,-1.75028,0.271443
-2.21643,-1.73968,0.278311,-0.69225,0.330098,-0.492506,-0.795421,-0.758403,0.15251,-1.92088,-0.764095,-0.63516,0.899916,1.13755,-0.130035,-0.583275,0.879699,-1.72474,0.226255,0.30766
0.605488,0.08044,-0.0256392,-2.07444,0.362828,0.0468503,-0.849746,0.972801,0.243535,2.11886,-1.05617,0.850261,-0.516906,-0.810989,1.52268,1.0773,-1.30881,0.0896496,-0.86879,0.23593
-0.966995,0.554511,1.09314,0.478442,0.525641,-0.691099,0.979245,-0.0412616,0.280072,-0.648298,1.01914,0.297041,-0.599324,0.13138,0.203836,-0.825339,0.13756,0.364353,1.04551,0.169963
-1.46397,2.20664,-1.49934,-0.925516,1.5954,1.66255,-0.504976,-0.262156,1.39083,-0.810789,-0.447742,-0.360727,-1.05751,0.0572934,0.175779,-1.22077,-0.231225,2.27294,-1.62037,1.50975
-0.964599,1.2657,2.18654,2.22194,0.401656,0.993711,1.49912,-1.03693,0.239339,1.06173,-0.713349,0.117421,-0.410232,0.363144,-0.286292,-2.04749,0.114671,1.08262,2.20063,1.19577
-0.96747,1.06916,2.20821,-0.743619,0.540075,1.01685,-0.808191,-0.153815,0.340462,1.04101,0.140159,-0.291207,-0.756872,0.426461,-1.96701,-0.358661,0.134697,1.02164,1.14436,0.165996
-2.06089,-1.34046,-0.196859,-0.525403,0.324005,0.0983606,0.055511,-0.362846,0.207478,-0.518534,0.0396646,-0.459492,0.948361,0.147319,2.06909,-1.08802,1.01449,-1.39525,-0.81053,1.51441
0.0137709,0.303327,-0.692055,-2.08043,-0.0142138,-0.718444,-0.552218,1.13997,0.186086,-0.614827,-0.581461,0.882469,-0.595849,0.306538,-0.589535,1.19074,-1.14601,0.254761,0.21643,0.215017
-1.30996,-0.328698,1.63668,0.796114,1.52663,-0.361976,1.03274,0.0629665,1.49819,-1.07895,1.54846,-0.3071,-1.08716,1.50207,-0.622332,-0.220068,-0.521331,-0.598898,0.0173561,0.209303
2.27122,0.301152,-2.08257,1.70554,1.15395,-0.695416,1.00881,1.37129,1.15531,-0.629379,1.01849,1.61795,-2.03225,0.207463,1.14918,0.0497883,-1.75151,0.252254,0.112773,-0.29186