2.26794,-1.29192,0.296857,-2.17952,1.07474,0.0161654,-0.837462,0.944332,1.07175,0.152038,-0.598024,0.473052,-2.04549,-0.651358,0.242516,0.954919,-1.70543,-0.0293249,0.260028,0.243065
-0.111634,-1.12656,1.13642,0.634383,-0.339303,1.57498,0.970765,-0.0301009,-0.33231,1.61457,1.20089,-0.291151,2.11412,-1.01008,0.299016,-0.522745,-0.0609046,-0.425418,1.07382,0.339515
-1.00207,-2.15651,-1.21284,-0.71951,0.27635,0.300119,-0.492671,-0.551444,0.0350632,0.228295,-0.613944,-0.77627,-0.735016,0.684734,0.149236,-0.495989,0.0493242,1.03766,-1.38145,0.35782
1.67309,0.487844,-0.473458,-0.985561,0.334024,0.191758,-0.467291,0.128869,-0.0810796,0.210962,-1.12779,-0.266318,-1.13,-0.464766,1.57614,-1.13385,2.17233,-1.43695,-1.0075,1.56084
-2.18657,1.72217,-1.78084,-0.393164,0.550155,-0.23453,-0.811482,-0.564803,0.26518,-0.683229,-2.21047,-0.601834,0.936263,-0.655573,1.09877,-0.760985,1.07672,2.14013,-1.73993,0.283767
-2.24572,-1.73683,0.300505,-0.717305,0.329112,-0.508359,-0.815741,-0.743548,0.177406,-1.97835,-0.772261,-0.647521,0.947433,1.08497,-0.127388,-0.602842,0.917013,-1.68201,0.219659,0.32083
0.633873,-0.0727327,-0.0291407,-2.14167,0.367298,-0.0186134,-0.86329,1.01298,0.278472,2.14383,-1.08041,0.880055,-0.5138,-0.325536,1.58223,1.10204,-1.3548,-0.0383259,-0.881908,0.245904
-0.982739,0.560439,1.13821,0.499295,0.522985,-0.714656,0.990518,-0.02125,0.299667,-0.664999,1.05965,0.279354,-0.587976,0.146384,0.215279,-0.845146,0.138257,0.388158,1.06877,0.209122
-1.47496,2.17617,-1.53842,-0.953271,1.64407,1.6838,-0.5088,-0.251903,1.45222,-0.83079,-0.463493,-0.359375,-1.06687,0.0568251,0.191913,-1.23474,-0.237446,2.27812,-1.65409,1.56746
-0.989266,1.29653,2.16256,2.26901,0.411138,1.02756,1.53435,-1.04611,0.235302,1.09367,-0.724757,0.114328,-0.424661,0.373119,-0.303402,-2.11191,0.108768,1.112,2.17938,1.141
-1.00595,1.10421,2.27407,-0.770175,0.537103,1.0555,-0.805723,-0.177213,0.332757,1.06638,0.13618,-0.284948,-0.784715,0.431689,-2.0196,-0.370343,0.137761,1.04309,1.08439,0.162576
-2.1206,-1.37793,-0.119032,-0.562352,0.337493,0.116551,0.0177006,-0.395812,0.191698,-0.531074,-0.0308726,-0.444155,0.962533,0.164357,2.12357,-1.11037,1.04619,-1.46452,-0.322292,1.5423
0.0150727,0.311194,-0.720995,-2.14525,0.0113007,-0.735527,-0.570948,1.16965,0.174869,-0.619145,-0.592663,0.900011,-0.622689,0.298725,-0.609801,1.21842,-1.1919,0.244166,0.21746,0.224206
-1.34857,-0.339936,1.66335,0.823727,1.57716,-0.363077,1.0403,0.0515341,1.54346,-1.10614,1.5689,-0.309895,-1.13366,1.53418,-0.639814,-0.224556,-0.547411,-0.630149,0.0143974,0.223536
2.31036,0.299695,-2.14659,1.74464,1.09083,-0.706028,1.04079,1.40573,1.09876,-0.654074,1.03295,1.65,-2.08431,0.203652,1.17622,0.0483138,-1.73201,0.256439,0.116527,-0.307307