2.24177,-1.27412,0.29823,-2.12877,1.09714,0.0109597,-0.834504,0.924523,1.09412,0.142854,-0.586871,0.456939,-1.99255,-0.638058,0.242626,0.940552,-1.71815,-0.0242154,0.25779,0.240982
-0.111841,-1.10076,1.11429,0.611913,-0.419084,1.54588,0.955483,-0.0422501,-0.409455,1.58452,1.18671,-0.287338,2.07781,-0.990865,0.292922,-0.51908,-0.0545178,-0.415237,1.0563,0.327577
-0.979328,-2.12057,-1.18892,-0.704069,0.268879,0.30485,-0.486416,-0.552902,0.0397888,0.223659,-0.602917,-0.759683,-0.728875,0.666358,0.137058,-0.486379,0.0502677,1.02202,-1.34609,0.354282
1.64172,0.472162,-0.464782,-0.969191,0.334375,0.183634,-0.461756,0.1228,-0.0713968,0.202641,-1.11743,-0.263454,-1.11971,-0.456098,1.54671,-1.12031,2.18481,-1.40095,-0.989755,1.52345
-2.14182,1.67822,-1.78609,-0.385487,0.554388,-0.230161,-0.802684,-0.555119,0.266378,-0.681816,-2.18065,-0.5878,0.930804,-0.635203,1.11791,-0.75274,1.05889,2.15935,-1.74352,0.274961
-2.21823,-1.73702,0.291202,-0.702404,0.326279,-0.499453,-0.805596,-0.749781,0.163826,-1.93922,-0.76375,-0.635458,0.920881,1.10486,-0.1291,-0.59503,0.894571,-1.70192,0.220983,0.311607
0.61893,-0.0598874,-0.0227985,-2.09701,0.360904,-0.00635702,-0.85454,0.987087,0.255862,2.11888,-1.06661,0.859241,-0.512075,-0.40497,1.54705,1.07985,-1.32293,-0.0370009,-0.872361,0.241405
-0.966784,0.555247,1.11639,0.483018,0.521,-0.701445,0.980656,-0.0300233,0.288501,-0.653414,1.03389,0.290758,-0.585898,0.143384,0.208425,-0.837251,0.138672,0.379417,1.05249,0.186203
-1.46201,2.19181,-1.50694,-0.934359,1.61108,1.6649,-0.508171,-0.256869,1.41369,-0.818177,-0.45387,-0.356833,-1.06045,0.0602297,0.183698,-1.23264,-0.233045,2.27527,-1.63107,1.53209
-0.973401,1.27755,2.17325,2.24636,0.403736,1.00437,1.50812,-1.03786,0.236489,1.07112,-0.71716,0.117498,-0.413905,0.36695,-0.293355,-2.06541,0.112716,1.09541,2.19054,1.1606
-0.98492,1.08472,2.23821,-0.755462,0.538765,1.03126,-0.803238,-0.161171,0.334644,1.04884,0.13835,-0.287357,-0.770854,0.425067,-1.98162,-0.359157,0.137347,1.02833,1.10564,0.161903
-2.08677,-1.34994,-0.119562,-0.538916,0.33232,0.111228,0.0194973,-0.374763,0.197835,-0.522536,-0.0168631,-0.451627,0.943072,0.147896,2.07902,-1.09397,1.02994,-1.42181,-0.405538,1.51871
0.0115131,0.306594,-0.707286,-2.10029,-0.00327981,-0.722375,-0.553764,1.14668,0.181995,-0.613019,-0.584537,0.886201,-0.607897,0.298431,-0.600104,1.19825,-1.16085,0.247537,0.216772,0.218522
-1.32293,-0.331107,1.64058,0.806332,1.54576,-0.361333,1.03091,0.0586438,1.51559,-1.09264,1.55081,-0.310205,-1.11078,1.51136,-0.626465,-0.219977,-0.528964,-0.611565,0.0170173,0.216873
2.28848,0.301696,-2.10459,1.71553,1.11631,-0.697331,1.0167,1.37998,1.11899,-0.635723,1.02331,1.62528,-2.04708,0.203902,1.15526,0.048861,-1.74029,0.25395,0.114642,-0.299693