2.23046,-1.26782,0.299652,-2.11293,1.11084,0.00901123,-0.834599,0.918517,1.10741,0.139691,-0.583556,0.451179,-1.97598,-0.633384,0.242596,0.93496,-1.72433,-0.0228485,0.255568,0.241162
-0.116186,-1.09378,1.10549,0.604733,-0.485182,1.53698,0.952766,-0.0478924,-0.475254,1.5748,1.18269,-0.284885,2.0654,-0.981653,0.291994,-0.517376,-0.0454573,-0.4126,1.05017,0.322431
-0.972181,-2.10867,-1.18227,-0.697805,0.26679,0.306809,-0.485186,-0.554281,0.0410922,0.22245,-0.597913,-0.755084,-0.729244,0.661211,0.133857,-0.483348,0.0502681,1.01513,-1.33477,0.353485
1.63202,0.468018,-0.462727,-0.965084,0.335978,0.182356,-0.459962,0.120671,-0.0671233,0.199537,-1.11237,-0.26164,-1.11852,-0.451029,1.53726,-1.11334,2.1925,-1.39017,-0.984407,1.50947
-2.12602,1.6647,-1.78814,-0.382452,0.555191,-0.228284,-0.801496,-0.553911,0.267113,-0.682392,-2.17245,-0.583456,0.932499,-0.627053,1.13056,-0.753189,1.05115,2.16935,-1.74641,0.272494
-2.21197,-1.73768,0.286461,-0.696537,0.327135,-0.496637,-0.801143,-0.75442,0.158829,-1.92669,-0.762408,-0.632856,0.911086,1.11714,-0.130579,-0.59076,0.885583,-1.712,0.221926,0.309952
0.613115,-0.0490309,-0.0218409,-2.08145,0.359614,0.0035336,-0.851715,0.978463,0.248325,2.11196,-1.06154,0.853147,-0.512464,-0.47334,1.53379,1.07578,-1.31314,-0.0317166,-0.870434,0.240346
-0.963589,0.554545,1.10579,0.478718,0.522302,-0.696187,0.978527,-0.0355064,0.284393,-0.649971,1.02527,0.295825,-0.588934,0.140165,0.206078,-0.833556,0.137891,0.373797,1.04656,0.176729
-1.46092,2.19956,-1.49935,-0.928709,1.60055,1.66199,-0.507639,-0.258192,1.40002,-0.814048,-0.450051,-0.356594,-1.05883,0.0603026,0.17951,-1.22932,-0.231789,2.27444,-1.62439,1.51921
-0.968298,1.27087,2.17966,2.23509,0.402304,0.99746,1.50233,-1.0365,0.23736,1.0649,-0.71511,0.118079,-0.411311,0.364881,-0.290218,-2.05177,0.114456,1.08867,2.19607,1.17275
-0.976212,1.07658,2.22266,-0.748984,0.540194,1.02297,-0.804027,-0.156522,0.33656,1.04377,0.139308,-0.289397,-0.764967,0.424031,-1.97052,-0.356522,0.136842,1.02366,1.11945,0.162047
-2.07371,-1.34208,-0.122554,-0.53096,0.330063,0.107484,0.023491,-0.365728,0.200611,-0.519972,-0.0052809,-0.456066,0.940951,0.143433,2.06527,-1.08891,1.02251,-1.40672,-0.474119,1.51205
0.0114033,0.304985,-0.700454,-2.0857,-0.0088409,-0.718685,-0.550277,1.14112,0.185326,-0.612666,-0.582236,0.882977,-0.601444,0.299741,-0.595756,1.19384,-1.1503,0.250701,0.217084,0.216583
-1.31557,-0.328634,1.63563,0.80128,1.53346,-0.36083,1.03024,0.0605619,1.506,-1.08694,1.54888,-0.309366,-1.10048,1.5044,-0.623445,-0.218162,-0.523096,-0.603934,0.0171957,0.213706
2.28016,0.302186,-2.08975,1.70775,1.12988,-0.695459,1.01063,1.37356,1.13142,-0.631306,1.01982,1.62027,-2.03679,0.205155,1.1504,0.0497326,-1.74538,0.253191,0.113958,-0.296325