2.22534,-1.26548,0.300294,-2.108,1.11936,0.00833435,-0.83492,0.916802,1.11582,0.138638,-0.582391,0.4491,-1.97075,-0.631647,0.242533,0.932518,-1.72736,-0.0224314,0.254335,0.241446
-0.122406,-1.09198,1.1017,0.602006,-0.540625,1.53453,0.952923,-0.0502404,-0.531261,1.57127,1.1815,-0.283487,2.0617,-0.977456,0.292041,-0.516429,-0.0355759,-0.411908,1.04797,0.319998
-0.969689,-2.10468,-1.1805,-0.695351,0.266204,0.307576,-0.484871,-0.555254,0.0414771,0.222114,-0.595753,-0.753732,-0.730086,0.659795,0.133181,-0.482244,0.050201,1.01211,-1.33118,0.35319
1.62919,0.466977,-0.462389,-0.964384,0.336975,0.182523,-0.459406,0.119593,-0.065412,0.198537,-1.10982,-0.26096,-1.11847,-0.448397,1.53417,-1.1099,2.19668,-1.38686,-0.982648,1.50398
-2.12008,1.66055,-1.78891,-0.381519,0.555327,-0.227469,-0.801302,-0.554098,0.267449,-0.682708,-2.17013,-0.582095,0.934363,-0.623446,1.13867,-0.75459,1.04785,2.17455,-1.74827,0.271719
-2.21108,-1.73836,0.283877,-0.694266,0.328231,-0.495388,-0.798771,-0.756978,0.156801,-1.92252,-0.762595,-0.632362,0.907077,1.12453,-0.131196,-0.588295,0.882132,-1.71722,0.222578,0.309432
0.610444,-0.0387207,-0.0222532,-2.07623,0.359768,0.0119999,-0.850537,0.975271,0.245665,2.11069,-1.05938,0.85153,-0.513078,-0.53095,1.52847,1.07561,-1.31014,-0.0243122,-0.869975,0.239786
-0.963594,0.55456,1.10056,0.477576,0.523671,-0.693914,0.978353,-0.0383632,0.282598,-0.648683,1.02224,0.297797,-0.591719,0.137729,0.205047,-0.831228,0.137509,0.370391,1.0446,0.172751
-1.4617,2.20345,-1.49783,-0.926977,1.59712,1.66186,-0.507036,-0.25885,1.39497,-0.812487,-0.448484,-0.356923,-1.05841,0.0596478,0.177622,-1.22678,-0.231366,2.27423,-1.62226,1.5144
-0.966367,1.26827,2.18329,2.22946,0.401849,0.995296,1.50096,-1.03622,0.237873,1.06307,-0.71438,0.117952,-0.410703,0.364179,-0.288924,-2.04784,0.11507,1.08586,2.19884,1.18024
-0.972352,1.07312,2.21581,-0.746197,0.540778,1.01987,-0.805096,-0.154987,0.3378,1.0422,0.139603,-0.290581,-0.762024,0.424445,-1.96729,-0.356357,0.136343,1.02216,1.12798,0.162612
-2.06829,-1.34001,-0.127261,-0.528069,0.328542,0.105045,0.0283469,-0.361893,0.202171,-0.519188,0.00398839,-0.458461,0.942041,0.142747,2.06156,-1.08762,1.01899,-1.40104,-0.531332,1.51076
0.0120043,0.304183,-0.69706,-2.08117,-0.0111204,-0.717771,-0.54988,1.13986,0.186604,-0.613231,-0.581525,0.882339,-0.5984,0.301199,-0.59361,1.1927,-1.14662,0.252712,0.217262,0.215887
-1.31298,-0.328058,1.63489,0.799372,1.52874,-0.360902,1.0306,0.0611311,1.50262,-1.08425,1.54909,-0.308543,-1.09553,1.50244,-0.622705,-0.217691,-0.521127,-0.600768,0.0169669,0.212294
2.27644,0.302238,-2.08464,1.70568,1.13787,-0.695217,1.00908,1.3718,1.13925,-0.630163,1.0186,1.61909,-2.03363,0.206129,1.14934,0.0500847,-1.74806,0.252928,0.113683,-0.294702