2.22287,-1.26461,0.300525,-2.10651,1.12475,0.00808877,-0.835187,0.916401,1.12131,0.138246,-0.581873,0.448279,-1.96904,-0.630896,0.242491,0.931335,-1.72879,-0.0222376,0.253703,0.241678
-0.129383,-1.09152,1.09996,0.600822,-0.587282,1.53406,0.953554,-0.0511272,-0.578647,1.56979,1.18108,-0.282839,2.06109,-0.975461,0.292212,-0.515862,-0.0254988,-0.411735,1.04724,0.318807
-0.968714,-2.10334,-1.18007,-0.694366,0.266072,0.307878,-0.484736,-0.55588,0.0415409,0.222003,-0.594795,-0.753326,-0.730669,0.659413,0.133187,-0.481792,0.0500969,1.01074,-1.33006,0.35299
1.62848,0.466782,-0.462469,-0.964472,0.337574,0.18296,-0.459314,0.118925,-0.0647892,0.198293,-1.1085,-0.260907,-1.11851,-0.446998,1.53315,-1.10816,2.19882,-1.38584,-0.981986,1.50163
-2.1177,1.6593,-1.78923,-0.381332,0.555299,-0.227023,-0.801235,-0.554271,0.267511,-0.682827,-2.1695,-0.581702,0.935595,-0.621678,1.14389,-0.755689,1.04643,2.17727,-1.7493,0.271445
-2.21157,-1.73884,0.282305,-0.693391,0.329034,-0.49465,-0.797391,-0.758297,0.15579,-1.92109,-0.762957,-0.632399,0.905123,1.12902,-0.131369,-0.586805,0.880843,-1.72,0.223147,0.309059
0.609024,-0.0285515,-0.0228728,-2.07457,0.360248,0.0191946,-0.849988,0.973907,0.244655,2.11112,-1.05837,0.851163,-0.51361,-0.579272,1.52614,1.07605,-1.30919,-0.0157841,-0.869783,0.23926
-0.964232,0.554626,1.09785,0.477347,0.524626,-0.692795,0.978621,-0.0398077,0.281694,-0.648134,1.02104,0.298478,-0.593696,0.136036,0.204521,-0.829606,0.137417,0.368351,1.04412,0.171018
-1.46248,2.2054,-1.49777,-0.926399,1.59601,1.66206,-0.506541,-0.259414,1.39298,-0.811805,-0.44779,-0.357377,-1.05831,0.0590162,0.176769,-1.22512,-0.23119,2.27417,-1.62151,1.51247
-0.965555,1.26718,2.18524,2.22657,0.401656,0.994545,1.50051,-1.03618,0.238181,1.06245,-0.714063,0.117769,-0.410558,0.363901,-0.288245,-2.04683,0.115225,1.08463,2.20023,1.18493
-0.970498,1.07158,2.2126,-0.744989,0.540918,1.01859,-0.805897,-0.154359,0.338551,1.04167,0.139711,-0.291212,-0.760401,0.425008,-1.96641,-0.35674,0.135937,1.0217,1.13329,0.163199
-2.0658,-1.33958,-0.13302,-0.52686,0.327398,0.103457,0.0332277,-0.36033,0.203192,-0.518923,0.0115206,-0.459743,0.943315,0.143127,2.06112,-1.08748,1.01721,-1.39866,-0.579311,1.51101
0.0125863,0.303761,-0.695291,-2.07989,-0.0121703,-0.717646,-0.550139,1.13966,0.187006,-0.61375,-0.581277,0.882259,-0.596865,0.302404,-0.592422,1.19224,-1.14539,0.253831,0.217269,0.215623
-1.31183,-0.32799,1.63507,0.798442,1.52699,-0.361144,1.03096,0.0613643,1.50132,-1.08281,1.54933,-0.307928,-1.09289,1.50202,-0.622531,-0.217745,-0.520482,-0.599414,0.016766,0.21161
2.2746,0.302149,-2.08294,1.70515,1.14284,-0.695284,1.0087,1.37127,1.14425,-0.629807,1.01821,1.6187,-2.03257,0.20674,1.14915,0.0501596,-1.74945,0.252805,0.113541,-0.293853