2.22158,-1.26428,0.30059,-2.1061,1.12824,0.00798858,-0.835396,0.916388,1.12501,0.138061,-0.58157,0.447913,-1.96843,-0.630483,0.242469,0.930694,-1.72943,-0.0220937,0.253363,0.241888
-0.136565,-1.09139,1.09908,0.60025,-0.626539,1.53417,0.954117,-0.0513641,-0.618583,1.56903,1.18087,-0.282634,2.06152,-0.97442,0.292362,-0.515526,-0.0154735,-0.411711,1.04707,0.318204
-0.968285,-2.1029,-1.17999,-0.693948,0.266079,0.30799,-0.484644,-0.556278,0.0414826,0.221948,-0.594353,-0.75322,-0.731045,0.659307,0.133349,-0.481582,0.0499687,1.01007,-1.32971,0.352815
1.6284,0.466819,-0.462629,-0.964668,0.337966,0.183393,-0.4594,0.118483,-0.0646108,0.198295,-1.10778,-0.261153,-1.11854,-0.446202,1.53282,-1.10723,2.19986,-1.38553,-0.981678,1.50049
-2.11669,1.65898,-1.78935,-0.381365,0.555225,-0.226707,-0.801194,-0.554277,0.26742,-0.68287,-2.16937,-0.581645,0.936345,-0.620716,1.14733,-0.75644,1.04578,2.17869,-1.74981,0.271343
-2.21232,-1.73911,0.281262,-0.693044,0.329557,-0.494151,-0.79656,-0.758944,0.155165,-1.9206,-0.763242,-0.632602,0.903976,1.13181,-0.131353,-0.585857,0.88037,-1.72153,0.223666,0.308749
0.608166,-0.0184863,-0.0234205,-2.07411,0.360743,0.0252181,-0.849725,0.973239,0.244239,2.112,-1.05785,0.851101,-0.514035,-0.619763,1.52499,1.07644,-1.30888,-0.00671377,-0.869635,0.238751
-0.964858,0.554655,1.09634,0.477388,0.525216,-0.692174,0.978913,-0.0405427,0.281186,-0.647897,1.02047,0.29863,-0.595055,0.134867,0.204232,-0.828444,0.137438,0.367107,1.04415,0.170238
-1.46302,2.20636,-1.49801,-0.926169,1.59566,1.66223,-0.506172,-0.259938,1.39214,-0.811459,-0.447452,-0.357839,-1.05828,0.0585404,0.176361,-1.22405,-0.231104,2.2741,-1.6212,1.5116
-0.965182,1.26667,2.18625,2.225,0.40157,0.994237,1.50026,-1.03621,0.23839,1.06218,-0.7139,0.11764,-0.410519,0.363755,-0.287818,-2.04667,0.115214,1.08403,2.2009,1.18796
-0.969527,1.07083,2.21097,-0.744437,0.540874,1.01799,-0.806447,-0.154034,0.33902,1.04144,0.139777,-0.291535,-0.759435,0.42544,-1.96625,-0.357147,0.135633,1.02158,1.13667,0.163701
-2.06449,-1.3396,-0.139288,-0.526255,0.326528,0.10238,0.0377202,-0.359803,0.203936,-0.518803,0.0176954,-0.460404,0.9443,0.143727,2.0617,-1.08762,1.01625,-1.39751,-0.619585,1.51159
0.0130143,0.303544,-0.694298,-2.07963,-0.0127296,-0.717724,-0.550488,1.1397,0.187058,-0.614104,-0.581189,0.88227,-0.596047,0.303327,-0.591687,1.19193,-1.14507,0.254417,0.217192,0.215513
-1.31121,-0.328042,1.63539,0.797884,1.52638,-0.361398,1.03126,0.0615207,1.5007,-1.08193,1.5494,-0.30751,-1.09132,1.50204,-0.622509,-0.217973,-0.520319,-0.598821,0.0166581,0.211204
2.2736,0.302022,-2.08242,1.70503,1.14604,-0.695364,1.00864,1.3711,1.14751,-0.629656,1.01812,1.6185,-2.03221,0.207094,1.14915,0.0501316,-1.75017,0.252719,0.113443,-0.29336