2.22086,-1.26417,0.300593,-2.10603,1.13057,0.00794014,-0.83556,0.916475,1.12756,0.137948,-0.581352,0.447734,-1.96817,-0.630197,0.242458,0.930306,-1.72968,-0.0219649,0.253162,0.242085
-0.143646,-1.09133,1.0986,0.599951,-0.659532,1.53442,0.954539,-0.0513061,-0.652156,1.56854,1.18072,-0.282665,2.06227,-0.973808,0.292484,-0.515336,-0.00563449,-0.411734,1.04711,0.317884
-0.968074,-2.10276,-1.17999,-0.693753,0.266124,0.308022,-0.484572,-0.556538,0.0413808,0.221906,-0.594149,-0.753221,-0.731306,0.659267,0.133527,-0.481471,0.0498334,1.00969,-1.3296,0.352654
1.62849,0.466912,-0.462787,-0.964825,0.338242,0.183765,-0.459549,0.118188,-0.064611,0.198364,-1.10735,-0.261518,-1.11858,-0.445718,1.53273,-1.10667,2.20034,-1.38546,-0.981498,1.49985
-2.11623,1.65895,-1.78938,-0.381443,0.555138,-0.226445,-0.801166,-0.554175,0.267257,-0.682891,-2.16938,-0.581711,0.936802,-0.620139,1.14966,-0.756954,1.04545,2.17945,-1.75003,0.271311
-2.21303,-1.73926,0.280529,-0.692888,0.329883,-0.493796,-0.796055,-0.759229,0.154715,-1.92044,-0.76344,-0.632867,0.903196,1.13359,-0.131258,-0.585227,0.880191,-1.72241,0.224125,0.308504
0.607591,-0.00859611,-0.0238597,-2.07405,0.361174,0.0301916,-0.849603,0.972884,0.24405,2.11294,-1.05754,0.851084,-0.514378,-0.653677,1.52434,1.07671,-1.30876,0.00253022,-0.869497,0.238287
-0.965351,0.554656,1.09544,0.477503,0.52556,-0.6918,0.979135,-0.0409219,0.280875,-0.647811,1.02013,0.298566,-0.59601,0.134043,0.204067,-0.827601,0.137482,0.366317,1.04434,0.169883
-1.46336,2.20682,-1.49826,-0.926051,1.59556,1.66233,-0.5059,-0.260401,1.39174,-0.811258,-0.447273,-0.358271,-1.05825,0.0582036,0.176151,-1.22334,-0.231059,2.274,-1.62103,1.51113
-0.964995,1.26641,2.18674,2.22409,0.401535,0.994081,1.50006,-1.03627,0.238551,1.06205,-0.713798,0.11756,-0.4105,0.363652,-0.287515,-2.04675,0.115151,1.0837,2.2012,1.18999
-0.968967,1.07042,2.21006,-0.744158,0.540767,1.01768,-0.806833,-0.153839,0.339329,1.04133,0.139833,-0.291683,-0.758815,0.425732,-1.96629,-0.357475,0.135409,1.02158,1.13888,0.164114
-2.06371,-1.33972,-0.145679,-0.525902,0.32587,0.101609,0.0416517,-0.359765,0.204523,-0.518721,0.0227508,-0.460705,0.945028,0.144307,2.06257,-1.08778,1.0157,-1.39686,-0.653373,1.51217
0.0133022,0.303437,-0.69369,-2.07968,-0.0130746,-0.717839,-0.550805,1.13977,0.186978,-0.614332,-0.581165,0.882284,-0.595598,0.304026,-0.591187,1.19168,-1.14507,0.254709,0.217088,0.215455
-1.31081,-0.328114,1.63566,0.797498,1.52623,-0.36161,1.03152,0.0616654,1.50032,-1.08133,1.54936,-0.307244,-1.09029,1.50214,-0.622527,-0.218239,-0.520338,-0.598567,0.0166288,0.210906
2.27298,0.301892,-2.0823,1.70503,1.14818,-0.695413,1.00865,1.37105,1.14967,-0.629573,1.01813,1.61837,-2.03209,0.207292,1.14918,0.050075,-1.75055,0.252647,0.113359,-0.293035