-1.31877,0.101786,0.212495,0.0949542,-0.0233285,-3.07175,-0.162132,2.08078,0.0421456,0.290363,-0.241121,-5.55537,-5.46967,0.594392,0.0624407,-0.0736868,-0.608639,-0.0423363,-4.68019,0.830148
-0.0867749,-0.273949,0.00541631,2.41192,-0.597332,0.132427,-0.0544615,0.0540699,-0.143565,3.28234,3.35052,0.0328935,0.788897,0.0984692,-4.89441,-0.338316,-0.0533195,0.133114,-0.0792204,-0.287546
0.0158563,-0.314606,0.0774363,0.834733,-0.0575495,0.441289,-5.83912,-1.66455,0.0909162,0.105411,-0.0764557,0.137098,-3.19885,-2.6966,-0.278197,-0.0396284,-2.0279,-3.25614,-0.143845,0.100458
0.011235,-0.293205,-0.0661823,5.52579,0.312282,-0.0649074,-0.0894427,-0.0507151,-0.44601,-0.0185131,0.0606008,0.0908075,-6.43858,0.0708455,0.0110991,-0.0534121,3.03468,5.05135,-0.213909,0.213002
-0.0554311,0.0452682,-2.78493,1.36473,-0.0199411,0.0987335,-0.0517636,-0.482313,-0.0579282,-0.0217053,-0.102253,0.0776122,-0.197,-2.55965,0.329778,-5.16924,-0.178461,2.24132,-2.7397,0.0180433
-0.153912,3.70796,-3.17879,0.131153,0.209514,0.00136699,-2.59487,-0.00889381,0.366469,-3.71338,0.0897875,-0.127044,-4.77723,-0.013116,0.154254,-0.245094,-0.453225,2.56528,-6.49906,-0.0718371
0.0549756,0.129269,0.177876,7.42742,0.0272185,0.047666,-0.0517057,-0.031967,-0.0326399,2.00738,2.54385,0.176383,0.219144,0.355377,3.3319,4.25875,0.336932,0.000249,0.0867215,-0.0963742
0.102989,-0.111682,-0.00978067,-0.197969,4.09984,-0.171714,0.140842,-0.348853,-0.0420159,0.0336601,-3.18112,0.115486,-0.453072,0.138208,0.0389599,-0.131535,0.436082,0.0229665,0.71682,5.99909
0.182726,0.345275,0.0192085,-0.242028,2.65453,0.0961014,-0.188382,0.0438322,0.100877,-0.177651,-0.113038,1.87325,-0.100899,0.0553057,-0.0298774,-2.91303,0.0460482,2.62313,-1.66735,0.936915
0.0162648,-0.0434547,-2.79169,0.00761275,0.0215675,0.0458066,5.16266,-7.6495,-2.31339,0.373211,-3.07741,-0.0683606,-0.0132772,0.0270121,0.00361347,0.00807426,1.48231,0.00791796,1.66762,4.12742
-0.0838541,2.98155,-0.0470407,0.0874349,2.33455,2.8205,-0.0951837,0.110085,0.1179,-0.08752,-0.165978,-0.202216,-0.111505,0.253097,6.36821,0.103221,0.185827,-0.0335456,0.115381,-0.000476173
-0.36005,-0.690739,-6.16326,-0.0801279,0.0710568,3.26352,2.49544,-0.220553,-1.60655,-0.08269,-1.58338,-0.0221167,0.0919157,-0.520801,0.017621,-0.0996642,0.0239254,-0.0885336,1.47128,2.39282
-2.07135,-0.0874197,2.92793,-0.0289887,-0.355191,-1.62688,0.888852,4.23618,-1.85899,0.10042,3.22049,0.0371871,-2.16604,0.127951,-0.373017,0.047104,2.11277,-1.06028,0.0178245,0.163444
-3.18903,-0.114159,3.30914,0.170098,-0.117855,-1.01824,0.074934,-0.442618,-1.92488,7.55755,0.153181,-0.352132,0.0803471,-0.0583188,-0.162502,0.0806156,-0.0393192,-2.16525,2.96579,-0.14821
1.48085,0.335041,0.0783697,2.48294,2.94507,-0.0846168,-4.41947,0.0306273,1.75198,-0.203141,0.0809384,-0.0249863,-5.11724,1.65167,0.0239451,0.170702,-0.11809,0.504539,-4.75605,2.34307