-0.816024,0.435992,0.0658263,0.419021,-0.412557,-1.85147,-0.8711,1.22431,-0.12039,-0.215687,-0.257811,-3.39404,-3.28017,0.365166,0.0771306,0.0765104,-0.482062,-0.223414,-2.78551,0.499359
-0.338225,-0.837228,0.346337,1.26671,-0.286916,-0.489151,0.00242878,0.394081,-0.0729361,1.94932,2.09134,0.737494,0.524478,0.239934,-2.99106,-0.128376,0.233984,-0.00101806,0.11666,-0.254533
0.18066,-0.20035,0.00179981,0.505241,-0.132337,-0.054469,-3.50383,-1.04804,0.231981,0.316856,-0.349876,-0.118318,-2.00428,-1.70505,-0.158954,-0.282609,-1.15219,-2.01391,-0.703093,0.22093
0.163636,0.217118,-0.278503,3.29493,0.53839,-0.341883,-0.0534623,-0.0869207,-0.0720276,-0.142076,0.5879,-0.0706766,-3.8627,0.304581,0.285043,-0.0232658,1.81057,3.05519,-1.37033,0.655366
-0.0252564,0.486263,-1.83496,0.86023,0.420288,0.428856,-0.493855,-0.358268,-0.170069,-0.248104,-0.245897,0.0836698,-0.873026,-1.47479,-0.14184,-3.16741,-0.199104,1.31045,-1.68432,-0.156038
0.646295,2.36414,-1.88338,0.596864,0.519355,0.249593,-1.76119,0.0356007,0.161972,-2.21208,-0.0115775,-0.630394,-2.80252,0.104992,0.590373,-1.03566,-0.26945,1.50412,-3.90555,-0.0409181
0.000963768,0.185849,0.327791,4.43118,-0.160932,0.599386,-0.185537,0.0119485,0.0390855,1.18479,1.52166,-0.13263,-0.90777,0.486794,1.9984,2.55423,0.623881,0.350999,0.28871,-0.443311
0.30743,-0.445467,-0.248908,-0.472971,2.47973,0.283649,0.48526,-1.09225,-0.0968399,0.0680128,-1.94454,0.0449926,-0.721133,0.679917,0.298816,-0.372318,0.360904,-0.288872,0.38766,3.58189
0.424931,0.659195,-0.0988077,0.132292,1.74404,0.428106,-0.320711,0.115469,0.447577,-0.109577,-0.356302,1.1921,-0.0917578,0.219908,0.0105188,-1.79121,0.280836,1.59957,-0.852497,0.612375
-0.0304797,-0.182939,-1.63417,0.0620062,0.163845,0.311053,3.1086,-4.60974,-1.3635,0.349815,-1.56449,-0.145724,0.0533596,-0.298686,0.0483793,0.0794892,0.883242,0.418359,0.945468,2.44498
0.146727,1.86814,-0.487369,0.581084,1.40185,1.74743,-0.426309,0.0402698,-0.160565,-0.450211,-0.838708,0.506892,-0.0267481,0.0926816,3.81004,0.136097,-0.0697364,0.268287,-0.213813,0.151683
0.207536,-0.44797,-3.75133,0.138373,0.0120298,1.98708,1.64867,-1.08628,-0.992417,-0.505049,-0.923048,0.0123714,0.525869,-0.30645,0.262208,-0.315248,0.10565,-0.0882613,0.894311,1.43648
-1.33945,-0.135939,1.70908,0.36332,-0.159728,-0.994558,0.505952,2.56324,-1.11618,0.773033,1.96473,-0.584216,-1.33023,0.329459,-0.615655,0.46284,1.276,-0.688445,0.176681,0.15245
-1.94875,-0.688123,1.98073,0.437658,-0.115878,-0.619643,0.564011,-0.233762,-1.13203,4.55352,0.860837,-0.17421,0.370794,-0.28816,-0.525455,0.244655,0.136514,-1.34271,1.85083,0.107898
0.912296,0.831996,0.116939,1.49617,1.73029,-0.494134,-2.65488,0.432207,1.15844,-0.834647,-0.293032,-0.525165,-3.03905,1.06158,-0.0195881,0.287881,-0.27505,0.774556,-2.80496,1.44867