-0.815597,0.459586,0.0673644,0.43248,-0.415893,-1.8564,-0.911461,1.22617,-0.128943,-0.245924,-0.261062,-3.38968,-3.27885,0.366807,0.0770457,0.0767065,-0.48215,-0.236697,-2.78655,0.501244
-0.35421,-0.868192,0.38918,1.26867,-0.291587,-0.491843,0.0235471,0.415583,-0.0795056,1.95136,2.08608,0.741938,0.526785,0.227312,-2.98895,-0.128803,0.266123,0.00340632,0.154818,-0.256952
0.186225,-0.200521,-0.00568649,0.50638,-0.119187,-0.080499,-3.50467,-1.04715,0.2423,0.315203,-0.364141,-0.158611,-2.00371,-1.70345,-0.158003,-0.304089,-1.15247,-2.01407,-0.739773,0.226702
0.177056,0.273084,-0.283687,3.29684,0.565801,-0.34548,-0.0469201,-0.0950418,-0.0741768,-0.165878,0.620549,-0.104994,-3.86191,0.318886,0.297485,-0.0326765,1.81093,3.05426,-1.44782,0.677228
-0.00937115,0.525738,-1.83495,0.860056,0.424856,0.445374,-0.542557,-0.359249,-0.178085,-0.246519,-0.25264,0.0958746,-0.919704,-1.47656,-0.152659,-3.16626,-0.195006,1.31034,-1.68497,-0.152896
0.667883,2.3596,-1.88096,0.653835,0.525832,0.22872,-1.75707,0.0482333,0.167772,-2.21165,-0.056417,-0.656094,-2.80884,0.0892926,0.622798,-1.07669,-0.268056,1.50015,-3.90597,-0.0246995
-0.0169572,0.201454,0.317651,4.42906,-0.17087,0.605207,-0.205958,0.0288471,0.0178998,1.18505,1.52585,-0.134458,-0.982206,0.486207,1.99898,2.55233,0.640832,0.395356,0.28154,-0.453699
0.306759,-0.4334,-0.267939,-0.487361,2.47969,0.29697,0.489972,-1.13333,-0.105755,0.0657722,-1.94119,0.0353252,-0.712659,0.685257,0.301834,-0.372948,0.362779,-0.280709,0.385024,3.57796
0.436503,0.673068,-0.114529,0.148346,1.74138,0.442343,-0.319427,0.107629,0.451056,-0.109547,-0.360789,1.19324,-0.0988334,0.212173,0.0111505,-1.79139,0.281426,1.60152,-0.851949,0.614567
-0.0216768,-0.205518,-1.63539,0.0518851,0.177833,0.343976,3.10641,-4.60838,-1.366,0.348829,-1.56662,-0.150762,0.036901,-0.308464,0.0591589,0.0769155,0.882686,0.441672,0.946472,2.44686
0.185522,1.87115,-0.512873,0.608257,1.39778,1.7374,-0.430903,0.0199724,-0.144575,-0.48064,-0.862837,0.509501,-0.0494237,0.081494,3.81076,0.11629,-0.0761349,0.294345,-0.230148,0.15522
0.240931,-0.446749,-3.75089,0.153572,0.0188168,1.98759,1.64809,-1.14696,-0.992849,-0.538079,-0.923181,0.0293005,0.55154,-0.309095,0.290421,-0.330943,0.109437,-0.0860979,0.895507,1.43761
-1.34115,-0.152493,1.7093,0.392542,-0.165353,-0.994741,0.505078,2.56332,-1.11598,0.828456,1.96495,-0.612615,-1.32916,0.355219,-0.631811,0.48889,1.27542,-0.686216,0.182157,0.152961
-1.94894,-0.72929,1.98304,0.473533,-0.113183,-0.614461,0.596145,-0.211943,-1.12894,4.55291,0.895799,-0.17794,0.405348,-0.298397,-0.556154,0.258282,0.154408,-1.34261,1.85169,0.123499
0.907736,0.840249,0.11679,1.49676,1.73398,-0.504928,-2.65766,0.45637,1.15677,-0.863265,-0.31017,-0.538885,-3.03494,1.05244,0.00296739,0.259274,-0.26379,0.76512,-2.80193,1.45104