-0.813846,0.482816,0.0688347,0.443722,-0.419183,-1.85863,-0.949876,1.22711,-0.13787,-0.271436,-0.263322,-3.38717,-3.27885,0.369192,0.0783153,0.0756223,-0.482173,-0.248444,-2.78724,0.501924
-0.370252,-0.898046,0.426355,1.27035,-0.29539,-0.496913,0.0433314,0.437563,-0.0834701,1.95259,2.08322,0.748097,0.527537,0.21514,-2.98838,-0.130779,0.297181,0.00927256,0.191146,-0.260065
0.190762,-0.200572,-0.0135658,0.507266,-0.107618,-0.105089,-3.50462,-1.04666,0.251537,0.311264,-0.378355,-0.196371,-2.00389,-1.70181,-0.157436,-0.325751,-1.15266,-2.01483,-0.773301,0.233808
0.189621,0.326969,-0.287797,3.29851,0.591328,-0.349069,-0.0407722,-0.102414,-0.0752993,-0.189809,0.647684,-0.136462,-3.8617,0.331664,0.308941,-0.0433999,1.81102,3.05355,-1.51889,0.696408
0.00633731,0.562887,-1.83555,0.859634,0.430418,0.461302,-0.588062,-0.359927,-0.184627,-0.242288,-0.256931,0.10778,-0.962432,-1.47892,-0.160624,-3.16472,-0.190735,1.31151,-1.68513,-0.150675
0.686092,2.35752,-1.88,0.707101,0.532942,0.210691,-1.75457,0.0579764,0.170845,-2.21092,-0.0968855,-0.681804,-2.81239,0.0738477,0.654608,-1.11653,-0.267202,1.49823,-3.90727,-0.0110967
-0.0333593,0.217557,0.306687,4.42784,-0.179026,0.611544,-0.224202,0.0448205,-0.000724601,1.18566,1.52747,-0.137227,-1.0519,0.486158,1.99964,2.55213,0.657511,0.436548,0.270997,-0.462098
0.307389,-0.423483,-0.285848,-0.501751,2.47932,0.310075,0.495746,-1.17207,-0.11177,0.0644464,-1.94071,0.027085,-0.706066,0.691025,0.304639,-0.374441,0.363732,-0.275261,0.383091,3.57613
0.446794,0.688002,-0.12875,0.162428,1.73895,0.455104,-0.320272,0.0995405,0.454022,-0.108706,-0.36359,1.19563,-0.104971,0.203056,0.0118898,-1.79253,0.281137,1.60095,-0.852851,0.614908
-0.0136779,-0.225299,-1.63616,0.0405874,0.190889,0.373361,3.10509,-4.60817,-1.36722,0.347544,-1.56709,-0.154823,0.0209838,-0.317749,0.0696617,0.0757051,0.882397,0.465208,0.947339,2.44784
0.221801,1.87374,-0.540252,0.634053,1.39505,1.73331,-0.436189,0.00196076,-0.131666,-0.508232,-0.888056,0.512954,-0.0713031,0.0714203,3.81095,0.0984013,-0.0814207,0.321119,-0.246648,0.158786
0.27094,-0.446236,-3.75079,0.167892,0.0247338,1.98807,1.64776,-1.20238,-0.99288,-0.569284,-0.923165,0.0449179,0.574773,-0.310478,0.316724,-0.345222,0.1121,-0.0850855,0.896183,1.43819
-1.34274,-0.168092,1.70903,0.420553,-0.172127,-0.995296,0.504301,2.56314,-1.11569,0.879131,1.96588,-0.638083,-1.32851,0.378633,-0.648159,0.513719,1.27507,-0.684741,0.187082,0.153248
-1.95018,-0.767081,1.98387,0.508343,-0.111263,-0.612289,0.627279,-0.192365,-1.12701,4.55254,0.928992,-0.179613,0.436925,-0.307306,-0.586476,0.269665,0.171338,-1.34205,1.85197,0.136183
0.903642,0.849379,0.116913,1.49629,1.73785,-0.51435,-2.66052,0.478957,1.15647,-0.889321,-0.327018,-0.551379,-3.03213,1.04667,0.0242402,0.232181,-0.252497,0.757111,-2.79931,1.45286