-0.812433,0.505587,0.0705477,0.453432,-0.423466,-1.85898,-0.985946,1.22735,-0.14733,-0.292531,-0.26439,-3.38618,-3.27936,0.370834,0.0808454,0.0746493,-0.482108,-0.259731,-2.7878,0.501877
-0.385082,-0.926077,0.45939,1.27102,-0.297433,-0.503204,0.0621001,0.459793,-0.0848388,1.95335,2.08233,0.755464,0.527531,0.204616,-2.98848,-0.132256,0.326859,0.015726,0.225708,-0.263502
0.194968,-0.200578,-0.0214835,0.507774,-0.0979404,-0.128093,-3.50428,-1.04648,0.259665,0.305538,-0.392828,-0.231439,-2.00427,-1.70081,-0.157164,-0.348141,-1.15276,-2.01556,-0.804034,0.241675
0.20184,0.378976,-0.290398,3.29955,0.614788,-0.352054,-0.0348983,-0.109217,-0.0756571,-0.213772,0.669797,-0.165595,-3.86177,0.343297,0.31934,-0.0555,1.81093,3.05328,-1.58382,0.713234
0.02079,0.598173,-1.83622,0.859409,0.437715,0.476116,-0.631269,-0.360188,-0.190022,-0.236217,-0.258565,0.118745,-1.00074,-1.4807,-0.166271,-3.16356,-0.18647,1.31255,-1.6853,-0.148951
0.701619,2.35699,-1.87981,0.75661,0.540212,0.19537,-1.7539,0.065505,0.171542,-2.21047,-0.133911,-0.706813,-2.81382,0.0586312,0.685804,-1.15475,-0.266876,1.49803,-3.90789,4.88222e-05
-0.0481421,0.233651,0.294592,4.42746,-0.185632,0.617844,-0.240294,0.0601812,-0.0173355,1.1862,1.52773,-0.140149,-1.11705,0.486714,2.00012,2.55229,0.673968,0.474516,0.256885,-0.469016
0.309801,-0.415356,-0.302413,-0.515905,2.47891,0.323031,0.502472,-1.20828,-0.115952,0.0640402,-1.94112,0.0203898,-0.700932,0.696928,0.307118,-0.376494,0.363946,-0.27209,0.382232,3.57578
0.456852,0.702923,-0.141762,0.174949,1.73742,0.466482,-0.322028,0.0913479,0.456717,-0.107932,-0.365636,1.19757,-0.111144,0.194658,0.0133764,-1.79388,0.280457,1.59955,-0.853873,0.614445
-0.00660719,-0.242634,-1.63664,0.0282274,0.203162,0.399336,3.10465,-4.60841,-1.36735,0.34593,-1.56692,-0.158092,0.00558027,-0.326256,0.080033,0.0755661,0.882398,0.488697,0.94773,2.44815
0.256173,1.8751,-0.568485,0.65897,1.39391,1.73289,-0.442034,-0.0143548,-0.121382,-0.533643,-0.913926,0.516359,-0.0923919,0.0629435,3.81086,0.081218,-0.0860692,0.348268,-0.262778,0.162714
0.297695,-0.44603,-3.75077,0.181274,0.0302156,1.98848,1.64774,-1.25287,-0.992706,-0.598718,-0.923206,0.0592541,0.59569,-0.310908,0.341444,-0.358169,0.11378,-0.0849587,0.896525,1.43832
-1.34376,-0.182981,1.70867,0.447191,-0.179352,-0.995983,0.503947,2.56298,-1.11533,0.925298,1.96665,-0.660985,-1.32821,0.399687,-0.664495,0.537502,1.27498,-0.684196,0.191629,0.153355
-1.95119,-0.8018,1.98407,0.54172,-0.110414,-0.611958,0.657326,-0.174614,-1.12639,4.55226,0.960445,-0.180101,0.465777,-0.315892,-0.616359,0.279694,0.187363,-1.34156,1.85227,0.146347
0.90101,0.859333,0.116622,1.49582,1.7404,-0.52293,-2.66208,0.499773,1.15692,-0.91381,-0.342267,-0.563951,-3.03087,1.04394,0.0442104,0.207552,-0.241399,0.751542,-2.79789,1.4537