-0.811747,0.5277,0.072645,0.461782,-0.428678,-1.85859,-1.01945,1.22725,-0.156958,-0.309642,-0.264668,-3.38603,-3.27985,0.371495,0.0844226,0.0742452,-0.481955,-0.271005,-2.78831,0.501547
-0.398587,-0.952232,0.489224,1.27086,-0.298125,-0.509444,0.080158,0.481887,-0.0847861,1.95394,2.08255,0.763283,0.527341,0.195723,-2.98868,-0.132868,0.35503,0.0224898,0.258431,-0.26711
0.198999,-0.200556,-0.0292797,0.507991,-0.089921,-0.149384,-3.50403,-1.04646,0.266874,0.298338,-0.407486,-0.264054,-2.00453,-1.70048,-0.157058,-0.371255,-1.1528,-2.01596,-0.832219,0.249866
0.213759,0.429072,-0.291425,3.30008,0.636446,-0.354067,-0.0292773,-0.115672,-0.0757043,-0.237681,0.687676,-0.192778,-3.86189,0.353849,0.328732,-0.068658,1.81079,3.05332,-1.64299,0.727988
0.033817,0.631899,-1.83667,0.859438,0.446497,0.489547,-0.672552,-0.360183,-0.194609,-0.228725,-0.257943,0.1288,-1.03473,-1.48164,-0.169906,-3.163,-0.182364,1.31298,-1.68564,-0.147438
0.714901,2.35717,-1.87987,0.802667,0.547102,0.181935,-1.75433,0.0713955,0.171108,-2.21038,-0.168202,-0.730872,-2.81423,0.0437214,0.716339,-1.19111,-0.26691,1.49873,-3.90764,0.00942484
-0.061202,0.249759,0.281299,4.42755,-0.19106,0.623485,-0.25463,0.0752394,-0.0327205,1.18652,1.52756,-0.142886,-1.17762,0.48795,2.00036,2.55234,0.690123,0.509514,0.23961,-0.474625
0.313851,-0.408469,-0.317681,-0.529676,2.47856,0.335498,0.509465,-1.24185,-0.11934,0.064301,-1.94143,0.0150024,-0.696626,0.702574,0.30917,-0.378703,0.36376,-0.270139,0.382195,3.5761
0.467056,0.717312,-0.153739,0.186316,1.73689,0.476658,-0.324001,0.0830417,0.459349,-0.107559,-0.367406,1.19857,-0.117664,0.187737,0.0157247,-1.79484,0.279902,1.59843,-0.85456,0.613834
-0.000369555,-0.257926,-1.63692,0.0149123,0.214829,0.422366,3.10472,-4.6087,-1.36699,0.344107,-1.56669,-0.160669,-0.00949448,-0.333813,0.0903765,0.0761941,0.882593,0.511624,0.947712,2.44811
0.288659,1.87553,-0.596917,0.682807,1.39378,1.73374,-0.447906,-0.0295817,-0.112521,-0.557202,-0.939575,0.519054,-0.113002,0.0558381,3.81076,0.0643214,-0.09026,0.375452,-0.278683,0.166916
0.321505,-0.445936,-3.75071,0.193771,0.0355449,1.98884,1.64788,-1.29883,-0.992552,-0.626419,-0.923345,0.0724425,0.614393,-0.310955,0.364803,-0.369963,0.114681,-0.0852042,0.896665,1.43824
-1.34424,-0.197287,1.70846,0.472553,-0.18678,-0.996554,0.503961,2.56291,-1.11498,0.967312,1.96705,-0.681479,-1.32811,0.418641,-0.680663,0.560157,1.27505,-0.684239,0.195748,0.153347
-1.95174,-0.83359,1.98418,0.573683,-0.110312,-0.612299,0.686111,-0.158272,-1.12655,4.552,0.989915,-0.180104,0.492204,-0.324346,-0.645675,0.28868,0.202448,-1.34128,1.85266,0.154445
0.899887,0.869798,0.115777,1.49572,1.74158,-0.530791,-2.66236,0.518872,1.15749,-0.937018,-0.355765,-0.57658,-3.03063,1.04303,0.063114,0.185222,-0.230468,0.747851,-2.79756,1.45385