-0.811603,0.549015,0.0750707,0.468767,-0.434352,-1.85811,-1.05041,1.22708,-0.166399,-0.323241,-0.264595,-3.38621,-3.28015,0.371485,0.0888228,0.0743297,-0.481768,-0.282325,-2.78875,0.501195
-0.411071,-0.97664,0.516264,1.27032,-0.298135,-0.514938,0.0976066,0.50354,-0.0843135,1.95449,2.08318,0.771052,0.527191,0.18809,-2.98877,-0.132909,0.381702,0.0295228,0.289258,-0.270812
0.202777,-0.200508,-0.0369345,0.508043,-0.0831411,-0.168988,-3.50394,-1.0465,0.273347,0.289882,-0.422135,-0.294536,-2.00464,-1.70057,-0.157026,-0.394814,-1.15281,-2.01607,-0.858033,0.258114
0.225275,0.477161,-0.291065,3.30035,0.656634,-0.355084,-0.0239922,-0.121931,-0.0757251,-0.261427,0.702098,-0.218208,-3.86194,0.363295,0.337281,-0.0824677,1.81067,3.05352,-1.69682,0.740975
0.045659,0.664227,-1.83689,0.859638,0.456156,0.501639,-0.71191,-0.360096,-0.198555,-0.22002,-0.255654,0.138217,-1.06486,-1.48191,-0.171776,-3.16294,-0.178476,1.31284,-1.68616,-0.146027
0.726173,2.3576,-1.87996,0.845599,0.553269,0.169698,-1.75514,0.0760057,0.170477,-2.21052,-0.200125,-0.753995,-2.81438,0.0292699,0.746163,-1.22557,-0.267103,1.49967,-3.90687,0.0176937
-0.0725967,0.266031,0.266947,4.42779,-0.195597,0.628209,-0.267562,0.0901633,-0.0473675,1.18664,1.52738,-0.145406,-1.23368,0.489888,2.0004,2.55227,0.70586,0.541834,0.219795,-0.479059
0.319096,-0.402368,-0.331829,-0.54303,2.4783,0.34719,0.516102,-1.27288,-0.122472,0.0649349,-1.94147,0.0106488,-0.69278,0.707799,0.310761,-0.380841,0.36345,-0.268549,0.382567,3.57658
0.477311,0.73097,-0.164797,0.19682,1.73708,0.485838,-0.325931,0.0746014,0.461997,-0.107526,-0.369096,1.1988,-0.124426,0.182134,0.0187519,-1.79525,0.279797,1.59792,-0.854894,0.613351
0.00523644,-0.271487,-1.6371,0.000786332,0.226037,0.442919,3.10498,-4.60892,-1.36658,0.342222,-1.56658,-0.162617,-0.0243497,-0.340409,0.100724,0.0773799,0.882864,0.533558,0.947481,2.44795
0.319198,1.87555,-0.625287,0.705253,1.39404,1.73457,-0.453421,-0.0441212,-0.104179,-0.579036,-0.964312,0.520779,-0.133331,0.0497297,3.81076,0.047692,-0.0940205,0.40242,-0.294703,0.171252
0.342746,-0.445878,-3.75061,0.205462,0.0409037,1.98916,1.64803,-1.34065,-0.992524,-0.652427,-0.923518,0.0845834,0.631057,-0.310957,0.386934,-0.380718,0.114962,-0.085472,0.896706,1.43811
-1.34436,-0.211062,1.70841,0.496837,-0.194341,-0.996946,0.504167,2.5629,-1.11468,1.00554,1.96719,-0.699727,-1.32811,0.435787,-0.6966,0.581569,1.27519,-0.684518,0.199332,0.153275
-1.95198,-0.862592,1.98439,0.604369,-0.110552,-0.612708,0.713524,-0.143024,-1.12701,4.55177,1.01721,-0.179997,0.516447,-0.332543,-0.674301,0.296647,0.216512,-1.34115,1.85306,0.16088
0.899814,0.880429,0.114573,1.4959,1.74186,-0.537885,-2.66196,0.536456,1.15785,-0.95891,-0.367919,-0.588863,-3.03081,1.04299,0.0812029,0.164656,-0.219639,0.745074,-2.79788,1.4537