-0.81172,0.569485,0.0776807,0.474379,-0.440033,-1.85775,-1.07903,1.22694,-0.175465,-0.333789,-0.264448,-3.38642,-3.28029,0.371183,0.0938483,0.0746666,-0.481604,-0.2936,-2.78912,0.50092
-0.422849,-0.999396,0.540669,1.26972,-0.297945,-0.519477,0.114412,0.524573,-0.0839128,1.95503,2.08381,0.778565,0.527104,0.181382,-2.98878,-0.132721,0.406934,0.0368126,0.318205,-0.274556
0.2062,-0.200439,-0.0444787,0.508018,-0.0772109,-0.187032,-3.50398,-1.04653,0.279204,0.280368,-0.436598,-0.323155,-2.00467,-1.70082,-0.157017,-0.418485,-1.15283,-2.01599,-0.881611,0.266281
0.236288,0.523181,-0.289589,3.30054,0.675594,-0.355274,-0.0191615,-0.128061,-0.0758061,-0.284886,0.713694,-0.241967,-3.86192,0.371613,0.345185,-0.096577,1.81059,3.05378,-1.74573,0.752505
0.0566157,0.695212,-1.83697,0.859918,0.466117,0.512599,-0.749205,-0.360038,-0.201901,-0.210256,-0.252236,0.147277,-1.09164,-1.48179,-0.172105,-3.16318,-0.174782,1.31236,-1.68681,-0.144734
0.735583,2.35806,-1.88002,0.88565,0.558594,0.158281,-1.75591,0.079555,0.170037,-2.21073,-0.229851,-0.776285,-2.81458,0.0153884,0.775225,-1.25819,-0.26731,1.50055,-3.90594,0.0252988
-0.0825031,0.282562,0.251754,4.42802,-0.199406,0.632072,-0.279294,0.105003,-0.0614379,1.18665,1.52728,-0.147783,-1.28547,0.4925,2.00033,2.55215,0.721096,0.571696,0.198044,-0.482508
0.325064,-0.396753,-0.345055,-0.555997,2.47813,0.358,0.522026,-1.30155,-0.125463,0.065722,-1.94137,0.00714891,-0.689322,0.71262,0.311891,-0.382831,0.36318,-0.266866,0.383015,3.57693
0.487354,0.743837,-0.175032,0.206618,1.73759,0.494218,-0.327787,0.0660437,0.464656,-0.107657,-0.370746,1.19861,-0.131202,0.177339,0.0221975,-1.79527,0.280249,1.5979,-0.854984,0.613049
0.0104203,-0.283542,-1.63722,-0.0139852,0.23688,0.461356,3.10524,-4.60908,-1.3663,0.34038,-1.56656,-0.164003,-0.0389879,-0.346113,0.111064,0.0789895,0.883123,0.554242,0.947205,2.44779
0.347813,1.87549,-0.653531,0.726138,1.39432,1.73501,-0.458432,-0.0581909,-0.0959374,-0.599225,-0.987752,0.521545,-0.153405,0.0443418,3.81083,0.0314104,-0.0973548,0.42901,-0.311108,0.175654
0.361778,-0.445816,-3.75049,0.216414,0.0463989,1.98942,1.64811,-1.37867,-0.992615,-0.676789,-0.923658,0.0957205,0.645919,-0.311031,0.407936,-0.390472,0.114712,-0.0856219,0.896723,1.43806
-1.34431,-0.224332,1.70847,0.52022,-0.201993,-0.997212,0.504413,2.5629,-1.11444,1.04032,1.96723,-0.715941,-1.32813,0.451386,-0.712295,0.601668,1.27532,-0.684819,0.202303,0.153176
-1.95206,-0.888977,1.98465,0.633898,-0.110865,-0.613016,0.739529,-0.128658,-1.12749,4.55156,1.04229,-0.179932,0.538715,-0.340334,-0.702136,0.303563,0.229488,-1.34106,1.85342,0.16599
0.900225,0.89094,0.113307,1.49621,1.74172,-0.544176,-2.66138,0.552732,1.15796,-0.979406,-0.379192,-0.600483,-3.03101,1.04325,0.0986903,0.145325,-0.208893,0.742427,-2.79843,1.45352