-0.811901,0.589122,0.0803354,0.478672,-0.445434,-1.8575,-1.10554,1.22684,-0.184107,-0.341707,-0.264347,-3.38656,-3.28037,0.370849,0.0993377,0.0750602,-0.481485,-0.304739,-2.78943,0.500727
-0.434116,-1.02053,0.562559,1.26921,-0.297775,-0.52308,0.130511,0.544909,-0.0837049,1.95552,2.08429,0.785801,0.527042,0.175395,-2.98878,-0.132501,0.430783,0.0442953,0.345345,-0.278307
0.209221,-0.200355,-0.0519395,0.507962,-0.0718516,-0.203674,-3.50406,-1.04653,0.284523,0.269996,-0.450758,-0.350098,-2.0047,-1.70109,-0.157006,-0.44199,-1.15286,-2.01583,-0.903073,0.274299
0.246745,0.567117,-0.287249,3.30073,0.693479,-0.354851,-0.0148809,-0.134069,-0.0759308,-0.307933,0.722934,-0.264095,-3.86185,0.378793,0.352622,-0.110721,1.81053,3.05402,-1.79012,0.76287
0.0668916,0.724834,-1.83698,0.860222,0.47599,0.522661,-0.784312,-0.360045,-0.204645,-0.199601,-0.248092,0.156176,-1.11552,-1.48152,-0.171107,-3.16354,-0.171207,1.31174,-1.6875,-0.143625
0.74329,2.35848,-1.88008,0.922979,0.563111,0.147528,-1.7565,0.0822047,0.169828,-2.21088,-0.257491,-0.797837,-2.81489,0.00211299,0.803482,-1.28902,-0.26746,1.50126,-3.90504,0.0324688
-0.0911271,0.29934,0.235932,4.42818,-0.202576,0.635262,-0.289919,0.119744,-0.0749165,1.18665,1.52727,-0.15009,-1.33332,0.495742,2.00025,2.55201,0.735791,0.599245,0.174843,-0.485203
0.331394,-0.391473,-0.357529,-0.568631,2.47804,0.367962,0.527129,-1.32807,-0.128229,0.0665474,-1.94127,0.00441863,-0.686357,0.717132,0.312572,-0.384674,0.363014,-0.264963,0.383365,3.57709
0.496957,0.755904,-0.184533,0.215778,1.73813,0.501956,-0.329611,0.0574177,0.467301,-0.107815,-0.37233,1.19828,-0.13781,0.172874,0.02585,-1.79514,0.28121,1.59814,-0.854934,0.612896
0.0153407,-0.294238,-1.6373,-0.0292357,0.247411,0.477936,3.10542,-4.60921,-1.36614,0.338627,-1.56657,-0.164905,-0.0533471,-0.35101,0.121368,0.0809283,0.883326,0.573571,0.946971,2.44768
0.374603,1.87549,-0.681623,0.745456,1.3945,1.73516,-0.462945,-0.071899,-0.0877073,-0.617866,-1.00975,0.521472,-0.173157,0.0395233,3.81092,0.0155365,-0.100297,0.455111,-0.328024,0.180123
0.378909,-0.445726,-3.75038,0.226671,0.0520806,1.98964,1.64812,-1.41322,-0.992771,-0.699564,-0.923737,0.105864,0.659241,-0.311177,0.427892,-0.399224,0.11397,-0.085647,0.896762,1.43809
-1.34423,-0.237111,1.70856,0.542831,-0.209681,-0.997428,0.50462,2.56288,-1.11423,1.07194,1.96728,-0.73036,-1.32815,0.465657,-0.727748,0.620441,1.27543,-0.685058,0.20465,0.153082
-1.95211,-0.912927,1.98492,0.662343,-0.111127,-0.613234,0.764123,-0.115022,-1.1279,4.55138,1.06521,-0.179945,0.559213,-0.347657,-0.729101,0.309436,0.241342,-1.34096,1.85372,0.170059
0.900701,0.901143,0.112232,1.49655,1.74148,-0.5497,-2.66091,0.567851,1.15788,-0.998512,-0.389886,-0.611324,-3.03107,1.04352,0.115732,0.126845,-0.198273,0.739463,-2.79896,1.45346