-0.812053,0.607955,0.0829396,0.481752,-0.450438,-1.8573,-1.13015,1.22679,-0.192349,-0.347366,-0.264316,-3.38662,-3.28045,0.370599,0.105166,0.0754069,-0.481405,-0.315707,-2.78971,0.500586
-0.44495,-1.04002,0.582095,1.2688,-0.297679,-0.525812,0.145862,0.56452,-0.0836528,1.95599,2.08461,0.792816,0.526972,0.170038,-2.98879,-0.13232,0.453299,0.0518557,0.370778,-0.282056
0.211861,-0.200265,-0.0593243,0.507891,-0.0668964,-0.219055,-3.50414,-1.04652,0.289362,0.258977,-0.464549,-0.375486,-2.00475,-1.7013,-0.156983,-0.465131,-1.15291,-2.01566,-0.922541,0.28214
0.256639,0.608994,-0.284253,3.30092,0.710386,-0.353992,-0.0112017,-0.139934,-0.0760617,-0.330454,0.730173,-0.284635,-3.86178,0.384844,0.359727,-0.124706,1.81049,3.05424,-1.83037,0.772306
0.0765783,0.753042,-1.83697,0.860521,0.485566,0.53202,-0.817175,-0.360104,-0.206801,-0.188251,-0.2435,0.165025,-1.13684,-1.48125,-0.168975,-3.16391,-0.167673,1.31113,-1.68818,-0.142774
0.749491,2.35885,-1.88013,0.957696,0.566931,0.137384,-1.75695,0.0840941,0.169762,-2.21095,-0.283157,-0.818721,-2.81528,-0.0105746,0.830905,-1.31808,-0.267541,1.50184,-3.90426,0.0392912
-0.0986476,0.316271,0.219666,4.4283,-0.205178,0.637981,-0.299487,0.134351,-0.0877451,1.18665,1.5273,-0.152354,-1.3776,0.49958,2.00019,2.55186,0.749937,0.62458,0.150566,-0.487372
0.337873,-0.386494,-0.369377,-0.580988,2.478,0.377174,0.53144,-1.35262,-0.130659,0.0673796,-1.94123,0.00242655,-0.684038,0.721443,0.312836,-0.386396,0.362951,-0.262882,0.383575,3.5771
0.505991,0.767181,-0.193385,0.224328,1.73853,0.509175,-0.331445,0.0487875,0.469918,-0.107935,-0.373814,1.19799,-0.144155,0.168452,0.0295856,-1.79502,0.282558,1.59845,-0.85482,0.612846
0.0200932,-0.30368,-1.63737,-0.0448073,0.257647,0.492854,3.10554,-4.60933,-1.36605,0.336957,-1.56657,-0.165398,-0.0673463,-0.355176,0.131604,0.0831191,0.883465,0.591534,0.946802,2.44762
0.399698,1.87558,-0.709515,0.763305,1.3946,1.73516,-0.467022,-0.0853029,-0.0795417,-0.635086,-1.03032,0.520695,-0.192497,0.0352011,3.81098,9.49739e-05,-0.10291,0.480645,-0.345465,0.18468
0.394381,-0.445599,-3.75029,0.236269,0.0579601,1.98982,1.64807,-1.4446,-0.992936,-0.720821,-0.923764,0.115021,0.67127,-0.311367,0.446882,-0.406966,0.112757,-0.0855918,0.896839,1.4382
-1.34417,-0.249399,1.70865,0.564751,-0.217341,-0.997638,0.504773,2.56284,-1.11406,1.10065,1.96736,-0.743219,-1.32815,0.478779,-0.742953,0.637917,1.27551,-0.685225,0.206411,0.153015
-1.95217,-0.934614,1.98516,0.689738,-0.111304,-0.613411,0.787315,-0.102002,-1.12823,4.55122,1.0861,-0.180022,0.578146,-0.354536,-0.755145,0.314335,0.252076,-1.34082,1.85399,0.173322
0.901041,0.910953,0.111516,1.49688,1.74131,-0.554551,-2.6606,0.581917,1.15773,-1.01634,-0.400127,-0.62143,-3.03097,1.04368,0.132421,0.108998,-0.187866,0.736016,-2.79935,1.45352