-0.812153,0.626011,0.0854429,0.483752,-0.455048,-1.85711,-1.15302,1.22675,-0.200244,-0.351089,-0.26434,-3.38661,-3.28055,0.370457,0.111238,0.0756769,-0.481349,-0.326515,-2.78998,0.50047
-0.455357,-1.05786,0.599477,1.26846,-0.29764,-0.527719,0.160451,0.583407,-0.0836922,1.95643,2.08483,0.79968,0.526884,0.16528,-2.98883,-0.132181,0.474528,0.059359,0.394604,-0.285817
0.214179,-0.200172,-0.0666254,0.507808,-0.06226,-0.233295,-3.50422,-1.0465,0.293773,0.247519,-0.477942,-0.399399,-2.00485,-1.70144,-0.156948,-0.487781,-1.15297,-2.01551,-0.940139,0.289786
0.265987,0.648862,-0.280767,3.3011,0.7264,-0.352823,-0.00813873,-0.145629,-0.0761761,-0.352349,0.735688,-0.303651,-3.86171,0.389789,0.366594,-0.138387,1.81049,3.05443,-1.86685,0.780989
0.0856961,0.779778,-1.83695,0.860808,0.494764,0.540819,-0.847803,-0.360191,-0.208401,-0.176421,-0.238648,0.173862,-1.15586,-1.48103,-0.165884,-3.16425,-0.164123,1.31058,-1.68884,-0.142235
0.754407,2.35918,-1.88021,0.989895,0.570179,0.127823,-1.7573,0.085347,0.169752,-2.21095,-0.306972,-0.838981,-2.81569,-0.0227115,0.857481,-1.34538,-0.267571,1.50232,-3.90359,0.0457831
-0.105201,0.333217,0.203113,4.42839,-0.2073,0.640387,-0.308037,0.148784,-0.0998893,1.18667,1.52735,-0.15456,-1.41866,0.503992,2.00018,2.5517,0.763545,0.647785,0.125496,-0.489206
0.344398,-0.381844,-0.38069,-0.593122,2.47799,0.385746,0.535038,-1.37537,-0.132696,0.0682337,-1.94125,0.0011537,-0.682498,0.725652,0.312722,-0.388027,0.362962,-0.260721,0.383673,3.577
0.514418,0.777681,-0.201656,0.232297,1.73875,0.51596,-0.333307,0.0402177,0.472511,-0.108008,-0.37518,1.19778,-0.150218,0.163967,0.0333577,-1.79499,0.284161,1.59873,-0.854688,0.612864
0.0247267,-0.311947,-1.63743,-0.0605554,0.267588,0.506273,3.10562,-4.60944,-1.36598,0.33534,-1.56656,-0.165551,-0.0809129,-0.358675,0.141739,0.0854943,0.883547,0.608162,0.946681,2.4476
0.423231,1.87574,-0.737136,0.779818,1.39466,1.73515,-0.470731,-0.09844,-0.0715207,-0.651018,-1.0495,0.51932,-0.211363,0.0313352,3.811,-0.0149053,-0.105268,0.505549,-0.363376,0.189338
0.408381,-0.445442,-3.75023,0.24524,0.0640287,1.98998,1.64799,-1.47306,-0.99308,-0.740638,-0.923757,0.123209,0.682227,-0.311573,0.46498,-0.413701,0.111093,-0.0855032,0.896952,1.43835
-1.34414,-0.261186,1.70873,0.586038,-0.22492,-0.997858,0.504887,2.5628,-1.11389,1.12666,1.96748,-0.754726,-1.32815,0.490894,-0.757897,0.654143,1.27555,-0.685344,0.207651,0.152983
-1.95227,-0.954193,1.98534,0.716094,-0.111404,-0.613578,0.80912,-0.0895073,-1.12848,4.55108,1.10513,-0.180142,0.595717,-0.361046,-0.780241,0.318371,0.261717,-1.34066,1.85425,0.175974
0.901211,0.920361,0.111253,1.49718,1.74125,-0.558852,-2.66042,0.595004,1.15758,-1.03305,-0.409936,-0.630921,-3.03076,1.0437,0.148796,0.0916962,-0.177777,0.732079,-2.79961,1.45368