-0.88249,0.171989,0.173642,0.145002,-0.0841169,-2.01422,-0.286906,1.33933,0.0594006,0.215958,-0.258897,-3.67085,-3.55846,0.415397,0.0537451,0.0372658,-0.490201,-0.0708013,-3.02865,0.559046
-0.160918,-0.409136,0.0294848,1.43162,-0.345725,0.0215044,-0.0530243,0.0985536,-0.105856,2.11822,2.24572,0.185977,0.556019,0.123371,-3.22695,-0.161969,-0.0402777,0.109608,-0.0762861,-0.288857
0.0429414,-0.207734,0.0657161,0.547,-0.0857737,0.368176,-3.81649,-1.12647,0.145527,0.163368,-0.133881,0.116092,-2.15514,-1.81542,-0.171948,-0.0647767,-1.27408,-2.16896,-0.236877,0.122465
0.0178358,-0.249909,-0.110642,3.57624,0.341643,-0.119056,-0.0852005,-0.0545421,-0.137812,-0.0203118,0.157793,0.0989143,-4.19721,0.0955858,0.0596559,-0.0238605,1.9629,3.31573,-0.3923,0.292638
-0.057085,0.0741161,-1.95365,0.919253,0.0851603,0.150234,-0.080077,-0.371826,-0.108843,-0.0786117,-0.114849,0.0917796,-0.318256,-1.64457,0.255436,-3.40934,-0.243231,1.43951,-1.81235,-0.0337673
0.00160584,2.52219,-2.04675,0.189375,0.272662,0.0402555,-1.84458,0.00393081,0.205865,-2.39648,0.109699,-0.205998,-3.07608,0.0138234,0.213838,-0.372427,-0.303394,1.63299,-4.25529,-0.0540709
0.0762692,0.155159,0.217877,4.81911,-0.0168318,0.153871,-0.0782827,-0.0256003,0.00470234,1.29438,1.65492,0.0947118,0.0697406,0.380025,2.17276,2.76705,0.41996,0.0223676,0.139441,-0.155483
0.132921,-0.224176,-0.0596831,-0.245967,2.70018,-0.102676,0.216495,-0.470235,-0.0651043,0.0392392,-2.08937,0.123143,-0.523419,0.243055,0.100263,-0.16435,0.351784,-0.0438647,0.428423,3.88024
0.235281,0.465642,0.00195243,-0.153917,1.80251,0.172021,-0.254175,0.0853195,0.241899,-0.115221,-0.217407,1.26794,-0.0537893,0.0737753,-0.0535945,-1.96163,0.232187,1.7376,-0.962676,0.68361
0.000565097,-0.0474127,-1.78701,0.0245913,0.0491022,0.0857841,3.37033,-4.99513,-1.4923,0.373749,-1.79153,-0.0931093,0.0147557,-0.0366044,0.00326656,0.0209195,0.964114,0.0734587,1.04478,2.6721
-0.0997321,2.01536,-0.115468,0.145469,1.52262,1.85164,-0.148409,0.0987892,0.0707188,-0.129824,-0.262042,-0.0420069,-0.0962274,0.221186,4.15269,0.144205,0.10856,0.0118014,0.0552127,0.0119955
-0.247677,-0.473632,-4.06473,-0.0370354,0.0279663,2.15683,1.74914,-0.355951,-1.06934,-0.140364,-1.00513,-0.0398371,0.165124,-0.346615,0.0374216,-0.144657,0.0622696,-0.084902,0.975888,1.56795
-1.4299,-0.0844845,1.86876,0.035545,-0.29842,-1.07458,0.555481,2.78207,-1.21711,0.190669,2.11737,-0.077239,-1.42976,0.163681,-0.408846,0.10279,1.39232,-0.735384,0.0400932,0.149312
-2.10474,-0.194503,2.15542,0.206509,-0.102523,-0.657433,0.143651,-0.411295,-1.23031,4.94969,0.266852,-0.213655,0.110844,-0.0798493,-0.210338,0.0933098,-0.0309689,-1.44514,1.9866,-0.0933109
0.972129,0.425854,0.108465,1.63325,1.92586,-0.166889,-2.89188,0.083496,1.22479,-0.323709,0.0201115,-0.10665,-3.29757,1.08621,0.0130831,0.188548,-0.210442,0.553558,-3.0543,1.55619