-0.812212,0.643302,0.0878257,0.484809,-0.459328,-1.85692,-1.1743,1.22672,-0.207849,-0.353154,-0.264395,-3.38656,-3.28067,0.370403,0.117488,0.0758796,-0.481306,-0.337202,-2.79025,0.500362
-0.46531,-1.07407,0.614919,1.26816,-0.297628,-0.528817,0.174279,0.601574,-0.0837787,1.95684,2.08498,0.806452,0.526781,0.161115,-2.98889,-0.132064,0.494516,0.0666811,0.41692,-0.28962
0.216245,-0.20008,-0.0738287,0.507709,-0.0579039,-0.246491,-3.50428,-1.04648,0.297805,0.235817,-0.490922,-0.421898,-2.00497,-1.70153,-0.156904,-0.509857,-1.15302,-2.01537,-0.955993,0.297228
0.274815,0.686781,-0.276931,3.30124,0.741606,-0.351429,-0.00568635,-0.151131,-0.0762676,-0.373539,0.739716,-0.321223,-3.86167,0.393669,0.373291,-0.151645,1.8105,3.05461,-1.8999,0.789043
0.0942434,0.804994,-1.83691,0.861087,0.503565,0.549156,-0.876236,-0.360284,-0.209497,-0.16432,-0.233667,0.182689,-1.17278,-1.48088,-0.161986,-3.16455,-0.160527,1.31008,-1.68944,-0.142036
0.75825,2.35949,-1.8803,1.01967,0.572971,0.118814,-1.75761,0.0860688,0.169747,-2.21089,-0.329059,-0.858651,-2.81609,-0.0343289,0.883207,-1.37094,-0.267573,1.50276,-3.90299,0.0519378
-0.110889,0.35003,0.186416,4.42848,-0.20905,0.642593,-0.315616,0.163014,-0.111353,1.18669,1.52739,-0.156675,-1.45678,0.508967,2.0002,2.55151,0.776625,0.668946,0.0998604,-0.490846
0.350926,-0.377573,-0.391531,-0.605083,2.47798,0.39377,0.537997,-1.39648,-0.134341,0.0691401,-1.9413,0.000573897,-0.681822,0.729841,0.312278,-0.389594,0.363012,-0.258565,0.383709,3.57686
0.522255,0.78742,-0.209398,0.239717,1.73881,0.522373,-0.335193,0.0317669,0.475091,-0.108046,-0.376427,1.19767,-0.156018,0.159437,0.0371677,-1.79504,0.285907,1.59896,-0.854561,0.612923
0.0292666,-0.319114,-1.63746,-0.0763485,0.277223,0.518342,3.1057,-4.60955,-1.36592,0.333735,-1.56654,-0.165418,-0.0939912,-0.361571,0.151749,0.0879941,0.883589,0.6235,0.946583,2.44761
0.445324,1.87592,-0.764413,0.795116,1.39472,1.73517,-0.474128,-0.111339,-0.0637097,-0.665789,-1.06737,0.51743,-0.229718,0.0278954,3.81097,-0.0294534,-0.10744,0.529779,-0.381678,0.194089
0.421052,-0.445267,-3.75018,0.253618,0.0702718,1.99012,1.64791,-1.49885,-0.99319,-0.7591,-0.923734,0.13046,0.692294,-0.311781,0.482251,-0.419443,0.109011,-0.0854113,0.897087,1.43851
-1.34413,-0.272458,1.70881,0.60674,-0.232377,-0.998086,0.504985,2.56276,-1.11373,1.15019,1.9676,-0.76506,-1.32814,0.502116,-0.772558,0.66918,1.27557,-0.685439,0.208438,0.152981
-1.95239,-0.971797,1.98548,0.741417,-0.111445,-0.613746,0.829554,-0.0774631,-1.12868,4.55094,1.12246,-0.180284,0.612108,-0.367281,-0.804384,0.321673,0.270312,-1.34048,1.8545,0.178168
0.901261,0.929398,0.111485,1.49749,1.74128,-0.562722,-2.66031,0.607182,1.15747,-1.04885,-0.419288,-0.639939,-3.0305,1.04361,0.164861,0.0749265,-0.168111,0.727706,-2.79978,1.45389