-0.812246,0.659828,0.0900832,0.485049,-0.463362,-1.85671,-1.19411,1.22669,-0.21522,-0.353803,-0.264464,-3.38649,-3.28079,0.370407,0.123866,0.0760361,-0.481267,-0.347809,-2.79052,0.500255
-0.474776,-1.08867,0.628621,1.26788,-0.297629,-0.529115,0.187349,0.619032,-0.0838894,1.95724,2.08512,0.813186,0.526668,0.157542,-2.98896,-0.131952,0.513312,0.0737259,0.437813,-0.293497
0.218123,-0.19999,-0.0809218,0.50759,-0.0538106,-0.258724,-3.50433,-1.04646,0.301501,0.224049,-0.503481,-0.443039,-2.00511,-1.70158,-0.156855,-0.531298,-1.15306,-2.01524,-0.970229,0.304462
0.28314,0.722824,-0.27287,3.30135,0.756096,-0.349863,-0.00383162,-0.156429,-0.0763384,-0.393962,0.742468,-0.33744,-3.86164,0.396544,0.379862,-0.164385,1.81054,3.05477,-1.92981,0.79655
0.102227,0.828651,-1.83685,0.861366,0.511976,0.557102,-0.902531,-0.360373,-0.210147,-0.152144,-0.228663,0.191483,-1.18776,-1.48078,-0.157413,-3.16484,-0.156881,1.30963,-1.69001,-0.142182
0.761204,2.3598,-1.8804,1.04712,0.575402,0.110322,-1.75791,0.0863452,0.169732,-2.21081,-0.349537,-0.877757,-2.81645,-0.0454435,0.908082,-1.39478,-0.267566,1.50316,-3.90244,0.0577474
-0.115788,0.36657,0.169709,4.42858,-0.21055,0.644671,-0.32228,0.177014,-0.122171,1.18672,1.52741,-0.158659,-1.49224,0.514486,2.00025,2.55131,0.789188,0.68816,0.0738509,-0.492389
0.357439,-0.373724,-0.401946,-0.616915,2.47796,0.401319,0.540372,-1.41607,-0.13564,0.0701282,-1.94138,0.000650738,-0.682051,0.734081,0.311557,-0.391123,0.363079,-0.25647,0.383722,3.57671
0.52954,0.796414,-0.216654,0.246629,1.73878,0.528459,-0.337095,0.0234847,0.477675,-0.108064,-0.377568,1.19761,-0.161585,0.154928,0.041036,-1.79515,0.28771,1.59914,-0.854447,0.613005
0.0337323,-0.32526,-1.63748,-0.0920675,0.286543,0.529197,3.10578,-4.60964,-1.36585,0.332103,-1.56652,-0.165045,-0.106541,-0.363928,0.161613,0.0905666,0.883602,0.637598,0.946487,2.44763
0.466089,1.87611,-0.791282,0.809293,1.39479,1.73521,-0.477257,-0.124024,-0.0561532,-0.679505,-1.084,0.515092,-0.247557,0.0248539,3.81092,-0.0435298,-0.109484,0.553304,-0.400288,0.198908
0.432509,-0.445084,-3.75016,0.261439,0.0766792,1.99024,1.64783,-1.5222,-0.993268,-0.77629,-0.923701,0.136816,0.70162,-0.311988,0.498751,-0.424218,0.106554,-0.0853285,0.897235,1.43867
-1.34411,-0.283202,1.70889,0.626902,-0.239687,-0.998316,0.505081,2.56273,-1.11357,1.17142,1.96773,-0.774373,-1.32812,0.51253,-0.786916,0.683092,1.27558,-0.685526,0.20883,0.153004
-1.95254,-0.987543,1.98557,0.76571,-0.111441,-0.613912,0.848641,-0.0658114,-1.12884,4.55081,1.13825,-0.180439,0.627479,-0.373329,-0.827584,0.324371,0.277916,-1.34031,1.85477,0.180019
0.901252,0.938102,0.112228,1.4978,1.74138,-0.566266,-2.6602,0.618521,1.15741,-1.06392,-0.428155,-0.648619,-3.03021,1.04343,0.180603,0.0587116,-0.158956,0.72296,-2.79991,1.45413