-0.81227,0.67558,0.0922166,0.484578,-0.467239,-1.8565,-1.21257,1.22666,-0.222406,-0.353248,-0.264538,-3.3864,-3.28093,0.370444,0.130339,0.0761644,-0.481228,-0.358369,-2.79079,0.50015
-0.483729,-1.10174,0.640766,1.26759,-0.297641,-0.528624,0.199659,0.635792,-0.0840139,1.95763,2.08524,0.819931,0.52655,0.154559,-2.98903,-0.131835,0.530969,0.0804275,0.45736,-0.297474
0.219863,-0.199901,-0.0878968,0.507449,-0.0499684,-0.270062,-3.50439,-1.04644,0.304898,0.212368,-0.515609,-0.462875,-2.00526,-1.70161,-0.156806,-0.55205,-1.1531,-2.01511,-0.982969,0.311482
0.290975,0.757071,-0.268696,3.30141,0.769958,-0.348161,-0.00255972,-0.161519,-0.0763921,-0.413569,0.74414,-0.352391,-3.86164,0.398491,0.38634,-0.176524,1.81059,3.05492,-1.95685,0.803564
0.109672,0.850724,-1.83675,0.861655,0.520002,0.5647,-0.926741,-0.360453,-0.210407,-0.140069,-0.223723,0.20021,-1.20094,-1.48073,-0.152275,-3.16513,-0.153193,1.3092,-1.69054,-0.142662
0.763417,2.36012,-1.88052,1.07234,0.577549,0.102311,-1.75821,0.0862444,0.169705,-2.21071,-0.368512,-0.896321,-2.81679,-0.0560585,0.932106,-1.4169,-0.26756,1.50355,-3.90191,0.0632099
-0.119964,0.382717,0.153116,4.42869,-0.211924,0.646669,-0.328087,0.190767,-0.132394,1.18673,1.52744,-0.16048,-1.52526,0.520524,2.00031,2.5511,0.801238,0.70553,0.0476346,-0.493899
0.363925,-0.370327,-0.411968,-0.628653,2.47791,0.408446,0.542198,-1.43428,-0.136654,0.0712192,-1.94146,0.00134229,-0.683193,0.73843,0.310607,-0.392643,0.363148,-0.254464,0.383731,3.57656
0.536312,0.804682,-0.22346,0.253066,1.7387,0.534256,-0.339,0.015412,0.48027,-0.108074,-0.378622,1.1976,-0.166953,0.150515,0.0449834,-1.79529,0.289512,1.5993,-0.854344,0.613094
0.0381432,-0.330469,-1.63748,-0.107605,0.29554,0.538964,3.10587,-4.60972,-1.36578,0.330409,-1.56651,-0.164465,-0.118532,-0.365818,0.17132,0.0931679,0.883597,0.650504,0.946383,2.44766
0.485625,1.87628,-0.817697,0.822416,1.39487,1.73526,-0.480157,-0.13651,-0.0488807,-0.692249,-1.09944,0.512368,-0.264888,0.0221858,3.81086,-0.0571076,-0.11144,0.576108,-0.419132,0.20376
0.442845,-0.4449,-3.75015,0.268737,0.0832502,1.99036,1.64775,-1.5433,-0.993322,-0.792293,-0.923663,0.142327,0.710323,-0.312191,0.514528,-0.428054,0.103779,-0.0852559,0.89739,1.43883
-1.34409,-0.293407,1.70896,0.646569,-0.246836,-0.998543,0.50518,2.5627,-1.11342,1.19053,1.96785,-0.782794,-1.3281,0.522204,-0.800949,0.695945,1.27557,-0.685613,0.208878,0.153043
-1.9527,-1.00154,1.98564,0.788979,-0.111402,-0.614071,0.866408,-0.0545078,-1.12897,4.55069,1.15262,-0.180601,0.641966,-0.379264,-0.849864,0.326587,0.284592,-1.34013,1.85505,0.181607
0.901223,0.946505,0.113487,1.49812,1.74154,-0.569576,-2.66008,0.629094,1.15739,-1.07842,-0.436522,-0.657077,-3.02992,1.04321,0.195999,0.0430838,-0.150378,0.717888,-2.80002,1.45436