-0.812289,0.690542,0.0942284,0.483487,-0.471038,-1.85629,-1.22978,1.22663,-0.229453,-0.351673,-0.264615,-3.3863,-3.28106,0.3705,0.136881,0.0762746,-0.481189,-0.368905,-2.79106,0.500045
-0.492151,-1.11336,0.651516,1.2673,-0.29767,-0.527362,0.211207,0.651872,-0.0841467,1.95802,2.08536,0.82674,0.526429,0.152159,-2.98909,-0.131715,0.547545,0.0867455,0.475626,-0.301564
0.221501,-0.199814,-0.0947523,0.507285,-0.0463652,-0.280566,-3.50446,-1.04643,0.308025,0.200908,-0.527297,-0.481462,-2.00542,-1.70163,-0.156759,-0.572062,-1.15314,-2.01498,-0.99433,0.318283
0.298324,0.789601,-0.264513,3.30143,0.783272,-0.346341,-0.00185428,-0.166403,-0.0764309,-0.432325,0.744907,-0.366163,-3.86165,0.399595,0.392747,-0.187996,1.81064,3.05508,-1.98128,0.810122
0.11662,0.8712,-1.83662,0.861962,0.52764,0.571976,-0.94892,-0.360526,-0.210328,-0.128254,-0.218922,0.20883,-1.21245,-1.4807,-0.146662,-3.16544,-0.149481,1.30878,-1.69103,-0.143445
0.765005,2.36044,-1.88065,1.09544,0.579472,0.0947481,-1.75851,0.0858212,0.169672,-2.2106,-0.38608,-0.914361,-2.81711,-0.0661686,0.955279,-1.43734,-0.267559,1.50393,-3.9014,0.06833
-0.123474,0.398372,0.136752,4.42882,-0.213283,0.648614,-0.333098,0.204255,-0.142079,1.18673,1.52745,-0.162111,-1.55604,0.527042,2.00038,2.55087,0.812781,0.721161,0.0213598,-0.495415
0.370373,-0.36739,-0.421621,-0.640324,2.47784,0.41519,0.543505,-1.45122,-0.137443,0.0724255,-1.94154,0.00260655,-0.685229,0.742942,0.309479,-0.394186,0.363216,-0.252564,0.383742,3.57643
0.542607,0.812247,-0.229859,0.259049,1.73861,0.539797,-0.340904,0.00758108,0.482875,-0.108078,-0.379608,1.1976,-0.172153,0.146257,0.0490206,-1.79541,0.291275,1.59946,-0.854248,0.613177
0.0425188,-0.33483,-1.63747,-0.122864,0.304214,0.547753,3.10596,-4.60979,-1.36572,0.328626,-1.5665,-0.16371,-0.129943,-0.367309,0.18086,0.0957615,0.883578,0.662267,0.946272,2.44769
0.504026,1.87644,-0.843626,0.834532,1.39496,1.73533,-0.482865,-0.148807,-0.0419119,-0.704088,-1.11378,0.509321,-0.281734,0.0198712,3.81079,-0.0701579,-0.113333,0.598185,-0.438144,0.20861
0.452141,-0.444721,-3.75015,0.275538,0.0899947,1.99047,1.64767,-1.56237,-0.993358,-0.807189,-0.923619,0.147042,0.718498,-0.312394,0.529622,-0.430982,0.100741,-0.0851895,0.897548,1.43896
-1.34406,-0.303068,1.70904,0.665786,-0.253811,-0.998765,0.505282,2.56268,-1.11327,1.20768,1.96795,-0.79044,-1.32807,0.531193,-0.814639,0.707807,1.27556,-0.685701,0.208621,0.153092
-1.95287,-1.01387,1.98568,0.81123,-0.111332,-0.61422,0.882889,-0.0435189,-1.12906,4.55058,1.16572,-0.180767,0.655676,-0.385145,-0.871255,0.328437,0.290406,-1.33996,1.85533,0.182986
0.901194,0.954629,0.115257,1.49846,1.74175,-0.572728,-2.65995,0.638972,1.1574,-1.09249,-0.444387,-0.665417,-3.02962,1.04295,0.211025,0.0280756,-0.142422,0.712528,-2.80011,1.45458