-0.812304,0.704698,0.0961221,0.481852,-0.474835,-1.85609,-1.24584,1.22661,-0.2364,-0.349239,-0.264696,-3.38619,-3.2812,0.370571,0.143477,0.0763698,-0.481149,-0.379432,-2.79134,0.499941
-0.500025,-1.12361,0.661013,1.26701,-0.297722,-0.525358,0.221993,0.667293,-0.0842838,1.95839,2.08547,0.83367,0.526303,0.150336,-2.98914,-0.131595,0.563102,0.0926573,0.49267,-0.305772
0.223061,-0.19973,-0.101492,0.507098,-0.042987,-0.290286,-3.50453,-1.04643,0.310906,0.189785,-0.538535,-0.498854,-2.0056,-1.70164,-0.156714,-0.591288,-1.15316,-2.01485,-1.00442,0.32486
0.305193,0.820495,-0.260408,3.30141,0.796106,-0.34441,-0.00169564,-0.171083,-0.0764563,-0.450202,0.744931,-0.378834,-3.86169,0.39995,0.399102,-0.198747,1.81071,3.05522,-2.00331,0.816249
0.12312,0.890076,-1.83646,0.86229,0.534883,0.578941,-0.96912,-0.360594,-0.209958,-0.116847,-0.214326,0.217298,-1.22239,-1.48069,-0.140649,-3.16576,-0.14577,1.30838,-1.69149,-0.14449
0.76606,2.36078,-1.8808,1.11651,0.581218,0.0876091,-1.75881,0.0851209,0.169638,-2.21047,-0.402326,-0.931888,-2.81741,-0.0757652,0.977606,-1.45612,-0.267562,1.50428,-3.9009,0.0731153
-0.126369,0.413455,0.120723,4.42897,-0.214729,0.65052,-0.33737,0.217461,-0.151287,1.18671,1.52746,-0.163539,-1.58474,0.533995,2.00045,2.55065,0.823823,0.735158,-0.00484182,-0.496956
0.376776,-0.364915,-0.430918,-0.65194,2.47774,0.42158,0.544319,-1.46701,-0.138062,0.0737516,-1.94163,0.00440445,-0.688125,0.747655,0.30822,-0.395791,0.363283,-0.250781,0.38375,3.57633
0.548456,0.819136,-0.235896,0.264587,1.73854,0.545109,-0.342802,1.61842e-05,0.48548,-0.108078,-0.38054,1.19761,-0.177214,0.142198,0.0531465,-1.79553,0.292972,1.59961,-0.854155,0.613246
0.0468761,-0.338433,-1.63744,-0.13776,0.312568,0.555662,3.10606,-4.60985,-1.36567,0.326727,-1.5665,-0.162805,-0.140754,-0.368471,0.190228,0.0983178,0.883548,0.672942,0.946157,2.44773
0.521378,1.87658,-0.869048,0.84567,1.39503,1.7354,-0.485412,-0.160919,-0.0352597,-0.71507,-1.12705,0.506015,-0.298126,0.0178968,3.81073,-0.0826544,-0.11518,0.61954,-0.457264,0.213426
0.460465,-0.444547,-3.75017,0.281865,0.0969314,1.99057,1.6476,-1.57957,-0.99338,-0.821053,-0.923568,0.151008,0.726213,-0.312596,0.544065,-0.433032,0.0974974,-0.0851253,0.897709,1.43909
-1.34401,-0.312184,1.70912,0.684596,-0.260604,-0.998983,0.505381,2.56267,-1.11314,1.22302,1.96805,-0.797416,-1.32804,0.539542,-0.827972,0.718746,1.27554,-0.685787,0.208096,0.153148
-1.95305,-1.02464,1.98569,0.832467,-0.111234,-0.614355,0.89812,-0.0328203,-1.12913,4.55048,1.17767,-0.180935,0.668695,-0.39102,-0.891795,0.330032,0.295421,-1.3398,1.85562,0.184187
0.901163,0.962488,0.117529,1.49882,1.74199,-0.575789,-2.65981,0.648221,1.15742,-1.10624,-0.451756,-0.673735,-3.02932,1.04266,0.225655,0.0137178,-0.135119,0.706912,-2.8002,1.45479