-0.812314,0.718029,0.0979036,0.479743,-0.4787,-1.85589,-1.26082,1.22659,-0.24328,-0.346088,-0.264783,-3.38607,-3.28133,0.370654,0.150117,0.0764488,-0.48111,-0.389958,-2.79161,0.499839
-0.507338,-1.13259,0.669388,1.26672,-0.297805,-0.522648,0.232018,0.68208,-0.0844225,1.95876,2.08557,0.840778,0.526174,0.14908,-2.98918,-0.131481,0.577706,0.0981516,0.508541,-0.310088
0.224563,-0.199651,-0.108121,0.506891,-0.0398198,-0.299265,-3.50459,-1.04643,0.313561,0.179098,-0.549315,-0.515102,-2.00578,-1.70163,-0.156672,-0.609682,-1.15318,-2.01471,-1.01336,0.331206
0.311586,0.849833,-0.256459,3.30136,0.808518,-0.342365,-0.00205941,-0.175562,-0.0764696,-0.467178,0.744356,-0.390476,-3.86174,0.399652,0.405418,-0.208738,1.81078,3.05536,-2.02317,0.821962
0.129218,0.907367,-1.83627,0.86264,0.541721,0.585591,-0.987397,-0.360659,-0.209338,-0.105987,-0.209994,0.225567,-1.23082,-1.48069,-0.134302,-3.1661,-0.142083,1.30798,-1.69192,-0.145749
0.766658,2.36111,-1.88095,1.13564,0.582826,0.0808752,-1.75909,0.0841825,0.169606,-2.21033,-0.417324,-0.948906,-2.81769,-0.0848396,0.999093,-1.47326,-0.267567,1.50462,-3.90044,0.0775751
-0.128698,0.427903,0.105123,4.42913,-0.216347,0.652388,-0.340955,0.230372,-0.160075,1.18668,1.52747,-0.164757,-1.61151,0.541329,2.00052,2.55042,0.834373,0.747623,-0.0308536,-0.498534
0.383134,-0.362891,-0.439864,-0.663503,2.47761,0.42764,0.544674,-1.48172,-0.138554,0.0751941,-1.94171,0.00670015,-0.691831,0.752601,0.306875,-0.3975,0.363351,-0.24913,0.383752,3.57624
0.553886,0.825378,-0.241622,0.269675,1.73848,0.550216,-0.344697,-0.00726564,0.488067,-0.108072,-0.38143,1.19764,-0.182167,0.138369,0.0573499,-1.79561,0.294586,1.59977,-0.854065,0.613298
0.0512266,-0.341362,-1.63741,-0.152217,0.320614,0.562774,3.10616,-4.6099,-1.36563,0.324692,-1.56652,-0.161775,-0.150952,-0.369367,0.199419,0.100813,0.883509,0.682586,0.946042,2.44776
0.537758,1.8767,-0.893947,0.855852,1.3951,1.73547,-0.48783,-0.172843,-0.0289318,-0.725238,-1.13934,0.502514,-0.314098,0.0162555,3.81067,-0.0945777,-0.116985,0.640183,-0.476441,0.218185
0.467882,-0.44438,-3.7502,0.287728,0.104085,1.99068,1.64753,-1.59507,-0.993391,-0.833954,-0.923509,0.154273,0.733521,-0.312798,0.557887,-0.434233,0.0941018,-0.0850606,0.897871,1.43919
-1.34397,-0.320754,1.7092,0.703036,-0.267201,-0.999197,0.505475,2.56266,-1.11303,1.2367,1.96813,-0.803815,-1.328,0.547292,-0.840938,0.728833,1.27551,-0.685868,0.207336,0.153208
-1.95323,-1.03393,1.98568,0.852688,-0.111107,-0.614475,0.912139,-0.0223941,-1.12918,4.55038,1.18858,-0.181102,0.681089,-0.396928,-0.91152,0.331474,0.299702,-1.33964,1.85591,0.185222
0.901124,0.970098,0.120285,1.49917,1.74227,-0.578814,-2.65968,0.6569,1.15745,-1.1198,-0.458639,-0.682113,-3.02901,1.04236,0.239863,4.21773e-05,-0.128486,0.701074,-2.80026,1.45499