-0.812316,0.730521,0.0995824,0.477223,-0.482701,-1.8557,-1.27482,1.22658,-0.25012,-0.342344,-0.264876,-3.38595,-3.28146,0.370751,0.156794,0.0765089,-0.481072,-0.400492,-2.79188,0.49974
-0.514077,-1.14042,0.676762,1.26644,-0.297921,-0.519275,0.241292,0.696261,-0.0845608,1.95911,2.08566,0.848116,0.526044,0.148384,-2.9892,-0.13138,0.591422,0.103224,0.523289,-0.314496
0.226021,-0.199578,-0.11465,0.506668,-0.0368517,-0.307542,-3.50466,-1.04643,0.316004,0.16893,-0.55963,-0.530258,-2.00596,-1.70161,-0.156632,-0.627209,-1.1532,-2.01458,-1.02124,0.337314
0.317514,0.877685,-0.25273,3.30127,0.820551,-0.340195,-0.00291604,-0.179845,-0.0764731,-0.483237,0.743312,-0.401154,-3.86181,0.3988,0.411708,-0.217939,1.81086,3.0555,-2.04105,0.82727
0.134958,0.923103,-1.83605,0.863007,0.54815,0.591914,-1.00381,-0.360723,-0.208506,-0.0958039,-0.205973,0.233581,-1.23782,-1.48072,-0.127679,-3.16644,-0.138448,1.3076,-1.6923,-0.147164
0.766863,2.36144,-1.88111,1.15294,0.584325,0.0745333,-1.75937,0.0830399,0.169575,-2.21017,-0.431146,-0.965413,-2.81797,-0.0933839,1.01975,-1.4888,-0.267572,1.50493,-3.9,0.0817182
-0.130506,0.441671,0.0900358,4.4293,-0.218206,0.654213,-0.343905,0.242973,-0.168498,1.18664,1.52747,-0.165769,-1.63649,0.548984,2.00058,2.55019,0.844439,0.758653,-0.0565719,-0.500148
0.38945,-0.361306,-0.448456,-0.674997,2.47744,0.433389,0.544608,-1.49545,-0.138954,0.0767423,-1.9418,0.00945935,-0.696283,0.757797,0.305488,-0.39936,0.36342,-0.247628,0.383746,3.57617
0.558929,0.831003,-0.24709,0.274302,1.73844,0.555141,-0.346589,-0.014254,0.490614,-0.108061,-0.382289,1.19767,-0.187038,0.134793,0.061613,-1.79568,0.296109,1.59992,-0.853979,0.613334
0.0555755,-0.343694,-1.63737,-0.166171,0.328366,0.569161,3.10625,-4.60995,-1.36559,0.322502,-1.56653,-0.160645,-0.160528,-0.370058,0.208428,0.103228,0.883462,0.691263,0.945934,2.44779
0.553241,1.87681,-0.918313,0.865097,1.39514,1.73554,-0.490147,-0.184572,-0.0229313,-0.734626,-1.1507,0.498882,-0.329688,0.0149457,3.81061,-0.105917,-0.11875,0.660129,-0.495622,0.222867
0.474446,-0.444221,-3.75025,0.293132,0.111483,1.99078,1.64746,-1.60902,-0.993392,-0.845954,-0.923443,0.156886,0.740455,-0.312996,0.571112,-0.434616,0.0906031,-0.0849951,0.898033,1.43928
-1.34392,-0.328779,1.70928,0.72114,-0.273589,-0.999405,0.505561,2.56265,-1.11293,1.24884,1.96822,-0.809722,-1.32795,0.554478,-0.853531,0.738138,1.27547,-0.685941,0.206376,0.153274
-1.95343,-1.04182,1.98565,0.871885,-0.110955,-0.61458,0.924988,-0.012228,-1.12921,4.5503,1.19857,-0.181267,0.692905,-0.402897,-0.93047,0.332865,0.30331,-1.33948,1.85619,0.186089
0.901071,0.977474,0.123496,1.49952,1.74258,-0.581849,-2.65956,0.665063,1.15748,-1.13323,-0.465043,-0.690627,-3.02869,1.04205,0.253622,-0.0129161,-0.122531,0.695057,-2.80031,1.45519