-0.812309,0.742164,0.101173,0.474355,-0.486904,-1.85552,-1.28788,1.22657,-0.25694,-0.33812,-0.264978,-3.38583,-3.28159,0.37086,0.163507,0.0765474,-0.481035,-0.411038,-2.79214,0.499646
-0.520227,-1.14719,0.683252,1.26618,-0.298068,-0.515288,0.249832,0.709866,-0.0846975,1.95945,2.08573,0.855731,0.525917,0.148239,-2.98922,-0.131297,0.604318,0.107872,0.536961,-0.31897
0.227448,-0.199513,-0.121084,0.506434,-0.0340749,-0.315153,-3.50473,-1.04644,0.318246,0.159351,-0.569478,-0.544368,-2.00616,-1.70158,-0.156591,-0.643842,-1.15322,-2.01446,-1.02817,0.343178
0.322991,0.904118,-0.249272,3.30116,0.832238,-0.337889,-0.00423088,-0.183934,-0.0764692,-0.498367,0.741915,-0.410923,-3.86189,0.397492,0.417985,-0.226334,1.81094,3.05561,-2.05714,0.832178
0.140375,0.937331,-1.8358,0.863385,0.554173,0.597896,-1.01843,-0.360786,-0.207495,-0.0864139,-0.2023,0.241283,-1.24345,-1.48076,-0.120837,-3.16679,-0.134893,1.30724,-1.69263,-0.148678
0.766734,2.36176,-1.88128,1.16848,0.585733,0.0685742,-1.75963,0.0817229,0.169545,-2.21,-0.44386,-0.9814,-2.81823,-0.101391,1.0396,-1.50279,-0.267574,1.50522,-3.8996,0.0855536
-0.131835,0.454729,0.0755341,4.42949,-0.220364,0.655981,-0.346266,0.255251,-0.176606,1.18658,1.52747,-0.166585,-1.65978,0.556894,2.00064,2.54996,0.854034,0.768344,-0.0819036,-0.50179
0.395735,-0.360142,-0.456682,-0.686398,2.47726,0.438843,0.544166,-1.50827,-0.139291,0.078377,-1.9419,0.0126467,-0.701408,0.763247,0.304094,-0.401415,0.36349,-0.24629,0.383733,3.57612
0.563614,0.836043,-0.25235,0.278456,1.73841,0.559899,-0.348476,-0.0209446,0.493098,-0.108047,-0.383122,1.19771,-0.191855,0.131491,0.0659148,-1.79574,0.297535,1.60007,-0.853899,0.613356
0.0599214,-0.345498,-1.63733,-0.17957,0.335843,0.574886,3.10633,-4.60999,-1.36557,0.320142,-1.56655,-0.159438,-0.169477,-0.370595,0.217251,0.10555,0.883406,0.699039,0.945834,2.44783
0.567893,1.87691,-0.942137,0.873425,1.39517,1.73561,-0.492388,-0.196098,-0.0172582,-0.74327,-1.1612,0.495173,-0.34493,0.0139688,3.81056,-0.116673,-0.120469,0.679392,-0.51476,0.227462
0.480211,-0.444074,-3.7503,0.298076,0.119151,1.99088,1.64739,-1.62157,-0.993385,-0.857107,-0.92337,0.158897,0.747037,-0.313187,0.583766,-0.434212,0.0870467,-0.0849302,0.89819,1.43935
-1.34387,-0.336261,1.70935,0.738932,-0.279752,-0.999606,0.505637,2.56265,-1.11284,1.25958,1.96829,-0.815212,-1.3279,0.561133,-0.865747,0.746734,1.27543,-0.686005,0.20525,0.153343
-1.95362,-1.04842,1.9856,0.890048,-0.110779,-0.61467,0.936709,-0.00231337,-1.12922,4.55024,1.20774,-0.181424,0.704173,-0.408949,-0.948677,0.334301,0.306309,-1.33933,1.85647,0.186773
0.901001,0.984635,0.127124,1.49986,1.74293,-0.584928,-2.65946,0.672754,1.15753,-1.14662,-0.470973,-0.699341,-3.02838,1.04173,0.266907,-0.025117,-0.117254,0.68891,-2.80033,1.45537