-0.812319,0.75299,0.103205,0.472074,-0.490972,-1.85567,-1.29974,1.22653,-0.263686,-0.334296,-0.264936,-3.3862,-3.28101,0.370418,0.17026,0.0762268,-0.481164,-0.421898,-2.79237,0.499814
-0.525808,-1.15298,0.689531,1.26689,-0.297805,-0.511092,0.258033,0.722887,-0.0847555,1.95892,2.08596,0.863117,0.526574,0.148017,-2.98923,-0.131604,0.61628,0.111771,0.549632,-0.323195
0.228859,-0.199462,-0.12752,0.506039,-0.0315576,-0.322074,-3.50486,-1.04645,0.320284,0.150551,-0.578884,-0.55739,-2.00648,-1.70143,-0.15655,-0.659505,-1.1532,-2.01428,-1.03425,0.348746
0.328083,0.92913,-0.246965,3.29959,0.842943,-0.334906,-0.00652374,-0.187775,-0.0765748,-0.511282,0.740014,-0.419019,-3.86315,0.396753,0.424249,-0.233364,1.81129,3.05621,-2.07167,0.836262
0.14545,0.950181,-1.83469,0.865214,0.560475,0.602988,-1.03077,-0.360905,-0.206216,-0.0792193,-0.198752,0.24779,-1.24656,-1.48177,-0.113818,-3.16768,-0.131722,1.30641,-1.69287,-0.149804
0.766339,2.36203,-1.88183,1.18171,0.586768,0.0632273,-1.76013,0.0802842,0.169464,-2.20924,-0.455642,-0.996488,-2.819,-0.108438,1.05866,-1.51501,-0.267452,1.5057,-3.89925,0.0889004
-0.13277,0.467125,0.0625464,4.43116,-0.222182,0.657137,-0.347509,0.267134,-0.184327,1.18519,1.52773,-0.168059,-1.68029,0.564039,2.0007,2.54917,0.862892,0.776281,-0.106722,-0.50301
0.401968,-0.359332,-0.463882,-0.696563,2.47756,0.443609,0.543825,-1.52029,-0.139501,0.0790811,-1.94181,0.0155975,-0.706217,0.768227,0.302732,-0.404135,0.363352,-0.245513,0.383747,3.57642
0.567967,0.840541,-0.257306,0.282371,1.73849,0.564416,-0.35026,-0.0273481,0.495517,-0.108249,-0.383893,1.19762,-0.196439,0.128326,0.070236,-1.79588,0.298819,1.60012,-0.853819,0.613442
0.0642373,-0.346808,-1.63692,-0.191748,0.343354,0.579774,3.10665,-4.61004,-1.36551,0.31704,-1.56647,-0.158531,-0.177293,-0.37143,0.225887,0.107526,0.883226,0.705768,0.945762,2.44804
0.581773,1.877,-0.965357,0.88095,1.39522,1.73565,-0.494537,-0.207414,-0.0119027,-0.751285,-1.17089,0.491387,-0.359782,0.0132697,3.81051,-0.126891,-0.122152,0.697957,-0.533805,0.231991
0.485267,-0.443994,-3.75114,0.301239,0.126504,1.99146,1.64681,-1.6328,-0.993475,-0.866284,-0.923521,0.161104,0.752204,-0.312519,0.595866,-0.432552,0.0837211,-0.0844144,0.898303,1.43901
-1.34384,-0.343184,1.70967,0.756851,-0.285479,-0.999955,0.505869,2.56263,-1.11273,1.26865,1.96844,-0.82059,-1.3275,0.567014,-0.877584,0.754532,1.27531,-0.686206,0.204,0.15354
-1.95376,-1.05388,1.98446,0.905341,-0.111425,-0.614079,0.946634,0.00742913,-1.12937,4.55182,1.21586,-0.180538,0.71343,-0.413918,-0.966186,0.336572,0.309101,-1.33856,1.85668,0.186711
0.900941,0.991561,0.130573,1.49926,1.74288,-0.587733,-2.65973,0.680049,1.15751,-1.15917,-0.476593,-0.707782,-3.02884,1.04199,0.279687,-0.0361575,-0.112471,0.683007,-2.80036,1.45526