-0.812537,0.76318,0.107278,0.473234,-0.493522,-1.85669,-1.30951,1.22635,-0.270171,-0.333424,-0.264458,-3.388,-3.27843,0.368476,0.177049,0.075075,-0.481668,-0.433884,-2.79239,0.500652
-0.53108,-1.15776,0.697425,1.27003,-0.296135,-0.507972,0.266924,0.735146,-0.0846269,1.95603,2.08668,0.868407,0.529346,0.145676,-2.98921,-0.132755,0.626871,0.114055,0.56159,-0.326318
0.230212,-0.199443,-0.134259,0.505275,-0.0293325,-0.328219,-3.50514,-1.04648,0.322047,0.142899,-0.587782,-0.569254,-2.00696,-1.70108,-0.156518,-0.673935,-1.15311,-2.014,-1.03957,0.353888
0.333044,0.952487,-0.248263,3.29467,0.850916,-0.329795,-0.0112867,-0.191167,-0.0769522,-0.518322,0.737216,-0.423258,-3.8669,0.399166,0.430553,-0.237408,1.81227,3.05786,-2.08507,0.838379
0.15009,0.961991,-1.83153,0.870241,0.568786,0.605852,-1.0392,-0.361113,-0.204309,-0.0780235,-0.194933,0.250949,-1.24419,-1.48479,-0.106747,-3.16977,-0.129786,1.30444,-1.69284,-0.14932
0.76586,2.36217,-1.8834,1.19086,0.58658,0.0590508,-1.76116,0.0789025,0.169302,-2.20706,-0.466855,-1.00951,-2.82093,-0.113418,1.07695,-1.52475,-0.267073,1.5067,-3.89907,0.0912724
-0.133621,0.479094,0.0536674,4.4362,-0.221702,0.656122,-0.346034,0.278437,-0.191294,1.18068,1.52837,-0.172569,-1.6948,0.567669,2.00069,2.54715,0.870184,0.781159,-0.130593,-0.502579
0.407954,-0.35863,-0.468226,-0.70218,2.47926,0.44644,0.544906,-1.53164,-0.139314,0.0759283,-1.94128,0.0164328,-0.708009,0.770422,0.301388,-0.408607,0.362615,-0.24633,0.383953,3.57749
0.571872,0.844568,-0.261536,0.286857,1.73893,0.568355,-0.351773,-0.0335911,0.497876,-0.109125,-0.384374,1.19701,-0.200014,0.124898,0.0746029,-1.79631,0.29987,1.60002,-0.853645,0.613696
0.0684161,-0.347553,-1.63567,-0.200884,0.351653,0.583327,3.10749,-4.61017,-1.36533,0.311641,-1.56621,-0.158932,-0.182585,-0.373588,0.234298,0.108426,0.882757,0.710879,0.945781,2.44865
0.594872,1.87709,-0.987754,0.888068,1.39558,1.73549,-0.496523,-0.218579,-0.00685139,-0.759094,-1.17965,0.487203,-0.373774,0.0125239,3.81051,-0.136681,-0.123805,0.715748,-0.552715,0.236539
0.48988,-0.444188,-3.75369,0.298807,0.131713,1.9931,1.645,-1.6427,-0.993854,-0.870172,-0.924102,0.16568,0.752975,-0.309778,0.607476,-0.42839,0.0814921,-0.0828885,0.898223,1.43776
-1.34389,-0.349456,1.71045,0.775971,-0.290303,-1.00051,0.506432,2.56257,-1.11259,1.27526,1.96865,-0.826525,-1.32648,0.571611,-0.889074,0.761157,1.27497,-0.686757,0.202686,0.153949
-1.95351,-1.0587,1.98078,0.912452,-0.114247,-0.611925,0.952759,0.0172775,-1.1298,4.55728,1.22218,-0.17711,0.716331,-0.414351,-0.982985,0.341786,0.312765,-1.3364,1.85654,0.184412
0.901102,0.998065,0.132257,1.49627,1.74132,-0.589041,-2.66085,0.687065,1.15728,-1.16824,-0.482556,-0.714165,-3.03142,1.04416,0.291983,-0.0451539,-0.107584,0.678247,-2.80057,1.45438