-0.821424,0.235253,0.147394,0.192064,-0.163359,-1.87828,-0.400858,1.2436,0.0642818,0.145487,-0.259785,-3.4214,-3.31194,0.391244,0.0504105,0.0559038,-0.493828,-0.0919466,-2.81341,0.52823
-0.222944,-0.526424,0.0500834,1.29923,-0.303584,-0.0936342,-0.0497517,0.138521,-0.10351,1.96666,2.10029,0.326557,0.532508,0.148888,-3.01283,-0.135424,-0.0237301,0.0870264,-0.0721527,-0.296419
0.0682252,-0.196754,0.0587908,0.511045,-0.125339,0.300515,-3.54806,-1.05692,0.185011,0.208247,-0.179575,0.0891058,-2.02357,-1.70419,-0.155669,-0.0978133,-1.18083,-2.02865,-0.314641,0.153948
0.0252374,-0.205388,-0.152642,3.32531,0.378169,-0.172949,-0.0809969,-0.0576867,-0.0904869,-0.0265935,0.241931,0.103575,-3.90526,0.121459,0.105063,-0.000575672,1.82928,3.08743,-0.557308,0.357326
-0.0602162,0.104318,-1.85563,0.863687,0.190375,0.191481,-0.113279,-0.359688,-0.143717,-0.125065,-0.133487,0.103033,-0.423556,-1.51874,0.180601,-3.18185,-0.271255,1.32734,-1.69621,-0.0913136
0.140374,2.37134,-1.89921,0.240734,0.335791,0.0801807,-1.75268,0.0104501,0.182362,-2.22849,0.125344,-0.279774,-2.85255,0.0386348,0.273059,-0.486685,-0.277593,1.50824,-3.96063,-0.0500179
0.0904613,0.17855,0.258649,4.47921,-0.0675791,0.2567,-0.0990277,-0.0216702,0.0387721,1.19777,1.54679,0.0226456,-0.0766936,0.405487,2.02205,2.57144,0.476635,0.0539736,0.189417,-0.197083
0.158817,-0.321092,-0.106482,-0.293729,2.52652,-0.0447711,0.28391,-0.582198,-0.0850328,0.0436897,-1.95556,0.132345,-0.585361,0.334764,0.154527,-0.190215,0.36088,-0.0999635,0.387141,3.59633
0.287525,0.5789,0.00804733,-0.0728045,1.6851,0.257058,-0.308528,0.11748,0.353122,-0.111951,-0.286304,1.19635,-0.0203306,0.108199,-0.0659577,-1.84561,0.341273,1.63661,-0.854294,0.668713
-0.0128826,-0.0515611,-1.65343,0.0416443,0.062654,0.123131,3.13676,-4.65242,-1.38504,0.372335,-1.60872,-0.110975,0.0404437,-0.0898161,0.00262092,0.0307654,0.894258,0.131909,0.961898,2.48523
-0.106215,1.88963,-0.187039,0.201306,1.41768,1.72533,-0.196879,0.0891015,0.0169949,-0.172342,-0.355433,0.10463,-0.0794065,0.193573,3.86173,0.181694,0.0493117,0.0516023,-0.00603834,0.018809
-0.148962,-0.444279,-3.78802,0.00114933,-0.0142297,2.01443,1.65714,-0.476461,-0.997246,-0.194405,-0.929083,-0.056521,0.233005,-0.319508,0.0572406,-0.188846,0.0913496,-0.0803259,0.911607,1.46611
-1.35122,-0.0766898,1.73042,0.0950457,-0.258889,-1.00162,0.508466,2.5944,-1.12798,0.276716,1.9765,-0.178991,-1.33696,0.189855,-0.442884,0.156594,1.29854,-0.690898,0.0636111,0.154616
-1.96823,-0.269414,2.00437,0.237371,-0.0989568,-0.609682,0.211211,-0.382912,-1.13146,4.60957,0.371198,-0.193156,0.142198,-0.10908,-0.256177,0.109469,-0.0151376,-1.35445,1.86493,-0.0526914
0.90418,0.507898,0.124461,1.51713,1.7849,-0.238825,-2.69637,0.136138,1.17156,-0.424023,-0.0445374,-0.182203,-3.05719,1.02257,-0.00434489,0.21522,-0.257372,0.593935,-2.83435,1.45888