-0.812948,0.772785,0.112661,0.476933,-0.494641,-1.85681,-1.31816,1.22612,-0.276575,-0.334524,-0.26427,-3.3885,-3.27769,0.368298,0.18385,0.075033,-0.481435,-0.446332,-2.79232,0.500667
-0.536504,-1.16186,0.70616,1.26993,-0.295172,-0.506004,0.275545,0.746388,-0.0848482,1.95559,2.08711,0.871923,0.529831,0.141953,-2.98912,-0.132522,0.636674,0.115476,0.573099,-0.328964
0.231243,-0.199404,-0.141304,0.504973,-0.0266953,-0.333823,-3.50529,-1.04663,0.323445,0.13601,-0.595713,-0.580582,-2.00671,-1.70118,-0.156555,-0.686877,-1.15309,-2.01386,-1.04415,0.358654
0.337925,0.974195,-0.251845,3.2946,0.857954,-0.323632,-0.0173591,-0.19401,-0.0768767,-0.521807,0.734672,-0.42562,-3.86602,0.40241,0.436999,-0.239066,1.81222,3.05786,-2.0976,0.839504
0.154689,0.972805,-1.83097,0.869923,0.57706,0.607991,-1.04447,-0.361103,-0.201926,-0.0806332,-0.192139,0.253193,-1.2396,-1.48384,-0.0998408,-3.16998,-0.12866,1.30384,-1.6929,-0.148071
0.765453,2.36234,-1.8841,1.19711,0.585801,0.0553056,-1.76122,0.0778558,0.169459,-2.2067,-0.477371,-1.0208,-2.82092,-0.117479,1.09444,-1.53213,-0.267216,1.50709,-3.89893,0.0931524
-0.13457,0.49049,0.0476004,4.43584,-0.22032,0.653974,-0.342932,0.289184,-0.197611,1.18078,1.52763,-0.178231,-1.70615,0.569936,2.0005,2.54717,0.876427,0.783915,-0.1531,-0.501437
0.413551,-0.358018,-0.471246,-0.705286,2.47945,0.447926,0.546672,-1.54215,-0.138884,0.0709375,-1.94148,0.0165276,-0.708588,0.770816,0.299958,-0.413526,0.362464,-0.247936,0.384066,3.57729
0.575017,0.848149,-0.265191,0.291764,1.73916,0.571692,-0.35354,-0.0399241,0.500066,-0.109565,-0.384358,1.19634,-0.202337,0.121613,0.0791041,-1.79657,0.30093,1.60032,-0.853332,0.613681
0.0724468,-0.347744,-1.63559,-0.207915,0.359906,0.586271,3.10748,-4.61029,-1.36534,0.304998,-1.56648,-0.159916,-0.186361,-0.375819,0.242383,0.108398,0.882672,0.714566,0.945723,2.44857
0.607047,1.87713,-1.00936,0.894849,1.39633,1.73513,-0.498512,-0.229772,-0.00217766,-0.766943,-1.18709,0.482217,-0.386264,0.011472,3.81063,-0.145909,-0.125269,0.732825,-0.571522,0.241014
0.494168,-0.444368,-3.75325,0.293161,0.13578,1.99292,1.64488,-1.65159,-0.993918,-0.871191,-0.923696,0.170961,0.751718,-0.31009,0.61873,-0.423102,0.0802044,-0.082795,0.898337,1.43789
-1.34396,-0.355012,1.71032,0.795349,-0.294806,-1.00024,0.506451,2.56255,-1.11266,1.28061,1.96838,-0.832524,-1.32692,0.576093,-0.900308,0.766876,1.2748,-0.687052,0.201199,0.153778
-1.95294,-1.06312,1.98076,0.914634,-0.114447,-0.612134,0.956364,0.0273781,-1.12947,4.55703,1.22752,-0.177326,0.71548,-0.41255,-0.999004,0.348982,0.316682,-1.33629,1.8564,0.181196
0.901521,1.00409,0.133578,1.49661,1.74014,-0.588911,-2.66051,0.693668,1.15725,-1.17496,-0.489065,-0.718965,-3.03176,1.04506,0.303965,-0.0535016,-0.102839,0.673855,-2.80072,1.45435