-0.813098,0.781833,0.118508,0.481775,-0.494774,-1.85643,-1.32625,1.22612,-0.282948,-0.336391,-0.264321,-3.38825,-3.27814,0.368531,0.190574,0.0755882,-0.481185,-0.458644,-2.79236,0.500395
-0.542142,-1.16549,0.714953,1.26884,-0.294954,-0.5048,0.28346,0.756707,-0.0851489,1.95625,2.08718,0.87459,0.529153,0.137689,-2.98907,-0.13188,0.645883,0.116518,0.584166,-0.331654
0.231953,-0.199351,-0.148377,0.505067,-0.0235828,-0.338958,-3.50516,-1.04662,0.324589,0.129633,-0.602844,-0.5915,-2.00659,-1.70139,-0.156643,-0.698446,-1.15322,-2.01386,-1.04811,0.363154
0.342651,0.994382,-0.256124,3.29642,0.864723,-0.317298,-0.0236104,-0.196381,-0.0766734,-0.523939,0.732553,-0.427263,-3.86442,0.405307,0.443613,-0.239666,1.81188,3.05711,-2.10939,0.840431
0.159324,0.982623,-1.83179,0.867977,0.584605,0.610214,-1.04799,-0.361242,-0.199384,-0.084878,-0.190342,0.255572,-1.23464,-1.48244,-0.0930887,-3.16936,-0.127711,1.30425,-1.69295,-0.146768
0.765093,2.36246,-1.88386,1.2019,0.584853,0.0517307,-1.76094,0.0770766,0.169593,-2.20726,-0.487197,-1.03101,-2.82033,-0.121216,1.11118,-1.53791,-0.267383,1.50693,-3.89882,0.0948318
-0.13565,0.501231,0.0429221,4.43401,-0.218725,0.651688,-0.339393,0.299436,-0.203512,1.18217,1.52721,-0.18413,-1.71628,0.572006,2.00035,2.54799,0.882231,0.785722,-0.1742,-0.50032
0.41866,-0.357607,-0.473881,-0.707534,2.4792,0.448847,0.548322,-1.55193,-0.138401,0.0655341,-1.9417,0.0165236,-0.709042,0.770538,0.298405,-0.418233,0.362739,-0.249728,0.384044,3.5768
0.577602,0.851352,-0.26844,0.296692,1.73918,0.574793,-0.355501,-0.0460869,0.502236,-0.109464,-0.384153,1.19606,-0.203871,0.118243,0.0835199,-1.79633,0.301958,1.60072,-0.85316,0.613624
0.0763836,-0.34743,-1.63615,-0.214098,0.367851,0.58896,3.10719,-4.61027,-1.36542,0.29813,-1.5666,-0.160883,-0.189555,-0.377714,0.250126,0.108093,0.882699,0.717383,0.945685,2.4483
0.618354,1.87717,-1.03032,0.901223,1.39667,1.73483,-0.500416,-0.240929,0.00209859,-0.774725,-1.19335,0.476865,-0.397553,0.0102852,3.81073,-0.154483,-0.126706,0.749125,-0.590219,0.2453
0.498197,-0.444389,-3.75216,0.286564,0.13927,1.99235,1.64549,-1.65962,-0.993782,-0.871295,-0.923454,0.175975,0.750013,-0.311069,0.629717,-0.417781,0.0794126,-0.0832975,0.898502,1.43843
-1.34398,-0.35988,1.70988,0.814113,-0.299154,-1.00002,0.50626,2.56258,-1.11274,1.28555,1.96824,-0.838262,-1.3276,0.580746,-0.911304,0.772253,1.27474,-0.686941,0.199559,0.153531
-1.95269,-1.0672,1.98197,0.915073,-0.114041,-0.612986,0.958758,0.0375798,-1.12908,4.5552,1.23231,-0.178339,0.71324,-0.409959,-1.01419,0.356721,0.320358,-1.33707,1.85643,0.178
0.901774,1.00973,0.135089,1.4975,1.73993,-0.588126,-2.66007,0.699778,1.15723,-1.1804,-0.495714,-0.722723,-3.03129,1.04502,0.315787,-0.0617385,-0.098486,0.669451,-2.80069,1.45466