-0.813036,0.790365,0.124266,0.486772,-0.494406,-1.85601,-1.33401,1.22626,-0.289277,-0.338176,-0.264484,-3.3878,-3.27884,0.368761,0.197151,0.0761728,-0.481085,-0.470479,-2.79247,0.500183
-0.547779,-1.16866,0.723424,1.26787,-0.295177,-0.503895,0.290592,0.766341,-0.0853692,1.95708,2.08706,0.877077,0.528344,0.133416,-2.9891,-0.131395,0.654528,0.117378,0.594768,-0.334571
0.232458,-0.199319,-0.155224,0.505278,-0.0201809,-0.343659,-3.50494,-1.04656,0.325583,0.123629,-0.609472,-0.60192,-2.00662,-1.70149,-0.156693,-0.708921,-1.15338,-2.01396,-1.05159,0.367449
0.347165,1.01321,-0.260086,3.29818,0.871316,-0.311175,-0.0293475,-0.198397,-0.076498,-0.525981,0.730583,-0.428645,-3.86335,0.407568,0.450331,-0.240199,1.81167,3.05629,-2.12049,0.841453
0.163902,0.991486,-1.83282,0.866284,0.59144,0.612713,-1.05087,-0.361372,-0.196865,-0.0894408,-0.189064,0.258271,-1.22998,-1.48172,-0.0864427,-3.16863,-0.126622,1.305,-1.69298,-0.145674
0.764749,2.36255,-1.8833,1.20623,0.583945,0.0483031,-1.76061,0.0763871,0.16966,-2.20796,-0.496353,-1.0406,-2.81983,-0.124795,1.12725,-1.54282,-0.267443,1.50653,-3.89876,0.0964145
-0.136818,0.511285,0.0386961,4.43248,-0.217161,0.649693,-0.336112,0.30925,-0.209157,1.18337,1.52727,-0.189895,-1.72604,0.574247,2.00034,2.54874,0.88786,0.787359,-0.194046,-0.499482
0.423342,-0.35745,-0.476487,-0.709736,2.47892,0.449628,0.549511,-1.56109,-0.137931,0.0604002,-1.94179,0.0166377,-0.70981,0.770206,0.296779,-0.422561,0.36301,-0.251462,0.383947,3.57649
0.579878,0.854162,-0.271455,0.301317,1.73906,0.577851,-0.357481,-0.05185,0.504451,-0.109164,-0.384022,1.19617,-0.205128,0.114687,0.0877634,-1.79603,0.302823,1.601,-0.853158,0.613588
0.0802548,-0.346683,-1.63673,-0.22028,0.375456,0.591514,3.10687,-4.6102,-1.36551,0.291617,-1.56655,-0.161583,-0.192669,-0.379257,0.257547,0.108023,0.882711,0.719857,0.945704,2.44814
0.628969,1.87726,-1.05068,0.907161,1.39662,1.73477,-0.502142,-0.251902,0.00600179,-0.782259,-1.19881,0.47153,-0.408101,0.00917267,3.81072,-0.162434,-0.12822,0.764613,-0.60869,0.249345
0.501955,-0.444316,-3.75134,0.280279,0.142474,1.992,1.64607,-1.66686,-0.993654,-0.871479,-0.923483,0.180399,0.748551,-0.311766,0.640444,-0.412955,0.0788287,-0.0838324,0.898619,1.4388
-1.344,-0.36418,1.7095,0.831799,-0.303323,-1.00003,0.506046,2.56262,-1.11278,1.29046,1.96828,-0.843642,-1.32804,0.585507,-0.922011,0.777637,1.27471,-0.68666,0.197858,0.1534
-1.95273,-1.07092,1.9831,0.915615,-0.113631,-0.613634,0.960735,0.0476618,-1.12886,4.55361,1.23668,-0.179137,0.710915,-0.407195,-1.02859,0.364072,0.323639,-1.3379,1.85652,0.175151
0.90174,1.01509,0.13683,1.49806,1.74028,-0.587243,-2.65995,0.705372,1.15716,-1.18518,-0.502127,-0.725934,-3.03075,1.04464,0.327457,-0.0698264,-0.094594,0.665068,-2.80053,1.45493