-0.812915,0.79843,0.129708,0.491496,-0.493913,-1.85572,-1.34149,1.22641,-0.295525,-0.339493,-0.26466,-3.38746,-3.27934,0.368911,0.20356,0.0765326,-0.481077,-0.481728,-2.79261,0.500106
-0.553197,-1.17134,0.731515,1.26735,-0.295536,-0.502967,0.297007,0.775496,-0.0854822,1.95766,2.08691,0.879667,0.52785,0.129368,-2.98916,-0.131185,0.662609,0.118095,0.60491,-0.337656
0.232874,-0.1993,-0.161702,0.505445,-0.0166945,-0.347964,-3.50477,-1.04652,0.32649,0.117931,-0.615792,-0.61175,-2.00671,-1.70145,-0.156685,-0.718579,-1.15349,-2.01409,-1.05468,0.37157
0.351452,1.03083,-0.263364,3.29921,0.877688,-0.305328,-0.0343343,-0.200178,-0.0763955,-0.52836,0.728505,-0.429867,-3.8629,0.409298,0.457071,-0.241078,1.81166,3.05573,-2.13094,0.842551
0.168307,0.999479,-1.83352,0.86537,0.597782,0.615404,-1.05367,-0.361402,-0.194429,-0.0937798,-0.187942,0.261146,-1.22569,-1.48161,-0.0798991,-3.16812,-0.125392,1.30563,-1.69298,-0.144778
0.764426,2.36262,-1.88284,1.21053,0.583158,0.0450815,-1.76037,0.0756403,0.169692,-2.20843,-0.504824,-1.04975,-2.81962,-0.128219,1.14275,-1.5473,-0.26743,1.50617,-3.89875,0.0979056
-0.137999,0.520671,0.0345179,4.4317,-0.215692,0.648017,-0.333295,0.318693,-0.214612,1.18401,1.5275,-0.195411,-1.73561,0.576645,2.00043,2.54914,0.893305,0.789153,-0.212822,-0.498881
0.427737,-0.357536,-0.479101,-0.712118,2.47873,0.450392,0.550247,-1.56969,-0.137444,0.0557375,-1.94177,0.0168985,-0.710959,0.769973,0.295147,-0.426545,0.363115,-0.253099,0.383843,3.57641
0.582014,0.856543,-0.27433,0.305521,1.73887,0.580869,-0.359357,-0.0571515,0.506702,-0.108925,-0.384076,1.19642,-0.206399,0.111061,0.0918797,-1.79594,0.303462,1.60112,-0.853231,0.613584
0.0840434,-0.345586,-1.63707,-0.226779,0.382728,0.59394,3.10664,-4.61015,-1.36558,0.285619,-1.56647,-0.161999,-0.195845,-0.380529,0.264678,0.108378,0.882693,0.722299,0.945762,2.44811
0.639027,1.8774,-1.07045,0.912697,1.39643,1.73487,-0.503684,-0.262578,0.00958211,-0.789447,-1.20379,0.466371,-0.418202,0.00826507,3.81064,-0.169867,-0.129808,0.779318,-0.626793,0.25317
0.505407,-0.444227,-3.75095,0.274706,0.145539,1.99192,1.64638,-1.6734,-0.993608,-0.872027,-0.923607,0.184249,0.747467,-0.31206,0.650894,-0.408731,0.0783635,-0.0841867,0.898671,1.43891
-1.34404,-0.368046,1.70929,0.84832,-0.307274,-1.00018,0.5059,2.56266,-1.11279,1.29537,1.96838,-0.848687,-1.32821,0.590251,-0.932368,0.783112,1.27467,-0.686416,0.196206,0.153379
-1.95289,-1.07425,1.98374,0.916866,-0.113326,-0.613926,0.962611,0.0574492,-1.12879,4.55274,1.24066,-0.179551,0.708932,-0.404421,-1.04225,0.370726,0.32658,-1.33844,1.85657,0.172598
0.901534,1.02024,0.138674,1.49824,1.74076,-0.58647,-2.66006,0.710471,1.15703,-1.1896,-0.508137,-0.728925,-3.03041,1.04428,0.338893,-0.0775517,-0.0911218,0.660885,-2.80036,1.45503