-0.812828,0.806073,0.134818,0.495892,-0.493507,-1.85556,-1.34869,1.22651,-0.301647,-0.340287,-0.264794,-3.38729,-3.27955,0.368983,0.209814,0.0766719,-0.481088,-0.492414,-2.79273,0.500117
-0.558286,-1.17351,0.739304,1.26717,-0.295833,-0.501879,0.302795,0.784299,-0.0855271,1.95796,2.08681,0.882398,0.527691,0.125601,-2.9892,-0.13116,0.670146,0.118646,0.614615,-0.340774
0.233271,-0.199278,-0.16777,0.505523,-0.0132609,-0.35192,-3.5047,-1.04652,0.327348,0.112508,-0.621874,-0.620962,-2.00677,-1.70137,-0.156646,-0.727617,-1.15354,-2.01419,-1.05746,0.37554
0.355524,1.04736,-0.265993,3.29956,0.883813,-0.299707,-0.0386192,-0.201815,-0.0763615,-0.531041,0.726241,-0.430905,-3.86282,0.410672,0.463782,-0.242316,1.81176,3.05548,-2.14078,0.843627
0.172475,1.00669,-1.83383,0.865101,0.603812,0.618149,-1.05653,-0.361358,-0.192078,-0.0978043,-0.186856,0.264016,-1.22167,-1.48179,-0.0734898,-3.16788,-0.124143,1.30599,-1.69298,-0.143998
0.764145,2.36271,-1.88261,1.21488,0.582502,0.0421262,-1.76026,0.0747608,0.169707,-2.20862,-0.51259,-1.05853,-2.81963,-0.131462,1.15773,-1.55148,-0.267401,1.50599,-3.89874,0.0992929
-0.139131,0.529445,0.0303222,4.43152,-0.214335,0.646557,-0.330888,0.327817,-0.219886,1.18421,1.52768,-0.200672,-1.74493,0.579098,2.00052,2.54923,0.898471,0.791139,-0.230662,-0.498402
0.431962,-0.357814,-0.481662,-0.714636,2.47863,0.451127,0.550654,-1.57774,-0.136892,0.0515252,-1.94173,0.0172744,-0.712413,0.769792,0.293557,-0.430258,0.363092,-0.254658,0.383776,3.57646
0.584088,0.858501,-0.277077,0.309346,1.73868,0.583791,-0.36107,-0.0620434,0.508965,-0.108828,-0.384323,1.19663,-0.207765,0.107546,0.0959404,-1.79602,0.303901,1.60111,-0.853296,0.613606
0.0877187,-0.344217,-1.63719,-0.233568,0.389671,0.596214,3.10653,-4.61012,-1.36561,0.280065,-1.56645,-0.162203,-0.19905,-0.381595,0.27155,0.109115,0.882665,0.724807,0.945821,2.44814
0.648594,1.87752,-1.08957,0.917892,1.39627,1.73498,-0.505087,-0.272908,0.0128937,-0.796277,-1.20846,0.461392,-0.427967,0.00760259,3.81056,-0.176888,-0.131416,0.793304,-0.644422,0.256832
0.508539,-0.444153,-3.75086,0.26978,0.148542,1.99198,1.64646,-1.67934,-0.993627,-0.872881,-0.9237,0.187649,0.746666,-0.312111,0.661056,-0.405017,0.0780242,-0.0843523,0.898681,1.43886
-1.34409,-0.371577,1.70922,0.863791,-0.310998,-1.00036,0.505845,2.56269,-1.11277,1.3002,1.96845,-0.85345,-1.32823,0.594891,-0.942348,0.788611,1.27462,-0.686288,0.194686,0.153407
-1.95305,-1.07721,1.98396,0.918743,-0.113134,-0.613983,0.964429,0.0668517,-1.12881,4.55245,1.24431,-0.179683,0.70727,-0.401632,-1.05525,0.376747,0.329282,-1.33868,1.85658,0.170186
0.901323,1.02518,0.140497,1.49825,1.74116,-0.585818,-2.66023,0.715119,1.1569,-1.19374,-0.51374,-0.73185,-3.03027,1.04407,0.350013,-0.0847521,-0.0880051,0.657038,-2.80024,1.45501