-0.812799,0.81332,0.13965,0.500055,-0.493264,-1.85548,-1.35557,1.22655,-0.307607,-0.34065,-0.264871,-3.38725,-3.27957,0.368992,0.215929,0.076693,-0.481087,-0.502599,-2.79283,0.500151
-0.563035,-1.17522,0.746878,1.26717,-0.295991,-0.500628,0.308033,0.7928,-0.0855492,1.95806,2.08679,0.885213,0.52773,0.122092,-2.9892,-0.131199,0.677175,0.11901,0.623905,-0.34382
0.233673,-0.199248,-0.173443,0.505526,-0.00994189,-0.355569,-3.50469,-1.04654,0.328172,0.107345,-0.627715,-0.629577,-2.00682,-1.7013,-0.156605,-0.736141,-1.15356,-2.01423,-1.05995,0.379381
0.359406,1.06287,-0.268151,3.29953,0.889693,-0.294258,-0.042359,-0.203362,-0.0763751,-0.533841,0.723841,-0.431718,-3.86289,0.411823,0.470444,-0.243758,1.81186,3.05545,-2.15008,0.844624
0.176391,1.01319,-1.8339,0.865174,0.609618,0.620851,-1.05942,-0.361299,-0.18978,-0.101597,-0.18584,0.266763,-1.2178,-1.48199,-0.0672501,-3.16786,-0.12298,1.3061,-1.693,-0.143279
0.763917,2.36281,-1.88255,1.21917,0.581948,0.0394698,-1.76026,0.0737324,0.169705,-2.20864,-0.519667,-1.06691,-2.81974,-0.134509,1.17224,-1.55537,-0.267385,1.50595,-3.89872,0.100579
-0.140196,0.53768,0.0261816,4.43164,-0.213096,0.645217,-0.328766,0.336654,-0.224961,1.18418,1.52775,-0.205713,-1.75389,0.58153,2.00058,2.54915,0.903294,0.793232,-0.247638,-0.497961
0.436063,-0.358233,-0.484112,-0.717186,2.47858,0.451791,0.55084,-1.58526,-0.136245,0.0476757,-1.94171,0.0177275,-0.714065,0.769588,0.292026,-0.433758,0.363025,-0.256153,0.383753,3.57655
0.586113,0.86009,-0.279672,0.312882,1.73855,0.586583,-0.362612,-0.06661,0.511227,-0.108843,-0.384719,1.19673,-0.2092,0.104265,0.0999818,-1.79618,0.304208,1.60107,-0.853318,0.613639
0.0912618,-0.342643,-1.63718,-0.240493,0.39629,0.598319,3.10652,-4.61012,-1.36561,0.274826,-1.56647,-0.162273,-0.202211,-0.382498,0.278188,0.110103,0.882643,0.727354,0.945856,2.44817
0.657694,1.8776,-1.10805,0.922799,1.39621,1.73504,-0.506396,-0.282884,0.0159834,-0.802786,-1.21288,0.456551,-0.437402,0.0071646,3.81052,-0.183569,-0.132998,0.806637,-0.661533,0.260383
0.51137,-0.444093,-3.75089,0.2653,0.151515,1.9921,1.64643,-1.68473,-0.993678,-0.873891,-0.923731,0.190721,0.746022,-0.312081,0.670935,-0.401674,0.0778291,-0.0843934,0.898679,1.43878
-1.34413,-0.374832,1.70923,0.878378,-0.314513,-1.00052,0.505856,2.56271,-1.11274,1.30486,1.96849,-0.857979,-1.32821,0.599386,-0.951948,0.794039,1.27457,-0.686261,0.193335,0.153437
-1.95314,-1.07983,1.98397,0.920955,-0.113044,-0.613949,0.96614,0.0758508,-1.12886,4.55246,1.24767,-0.179673,0.705773,-0.398803,-1.06764,0.382321,0.331808,-1.33872,1.85658,0.167803
0.9012,1.02989,0.142244,1.49821,1.74141,-0.585232,-2.66033,0.719368,1.15678,-1.19762,-0.518996,-0.734738,-3.03028,1.04398,0.360771,-0.0913748,-0.0851949,0.653562,-2.80018,1.45494