-0.812814,0.820184,0.144263,0.504085,-0.493164,-1.85543,-1.36213,1.22655,-0.313376,-0.340705,-0.2649,-3.3873,-3.2795,0.368958,0.221922,0.0766882,-0.481074,-0.512335,-2.79291,0.500173
-0.567484,-1.17654,0.754289,1.26719,-0.296019,-0.499266,0.312777,0.801012,-0.0855751,1.95809,2.08683,0.888045,0.527834,0.118795,-2.98919,-0.131228,0.68374,0.119181,0.632796,-0.346752
0.234073,-0.199212,-0.178757,0.505486,-0.00674635,-0.358949,-3.50471,-1.04656,0.328966,0.102431,-0.63329,-0.637647,-2.00684,-1.70127,-0.156578,-0.744195,-1.15357,-2.01423,-1.06219,0.38311
0.363119,1.07744,-0.270003,3.29939,0.895343,-0.288954,-0.0457096,-0.204844,-0.0764135,-0.5366,0.721391,-0.432292,-3.86296,0.412821,0.47705,-0.245245,1.81193,3.0555,-2.15887,0.845536
0.180076,1.01906,-1.83385,0.865352,0.615218,0.623467,-1.06224,-0.361262,-0.1875,-0.105261,-0.184963,0.269339,-1.21404,-1.48212,-0.0611988,-3.16794,-0.121953,1.30606,-1.69303,-0.142603
0.763739,2.36292,-1.88257,1.22334,0.581457,0.0371154,-1.76032,0.072571,0.169686,-2.20857,-0.526109,-1.07486,-2.81987,-0.137358,1.18627,-1.55892,-0.267383,1.50602,-3.89867,0.10178
-0.141202,0.545443,0.022181,4.43183,-0.211976,0.64395,-0.32683,0.345214,-0.229821,1.18408,1.52775,-0.210569,-1.76244,0.583915,2.00061,2.54902,0.907764,0.79534,-0.26379,-0.497526
0.440034,-0.35875,-0.48642,-0.719683,2.47857,0.452355,0.550853,-1.59227,-0.135505,0.0441053,-1.9417,0.0182294,-0.715834,0.769327,0.290554,-0.437077,0.362966,-0.257585,0.383762,3.57661
0.588071,0.861375,-0.282096,0.316205,1.7385,0.589244,-0.363999,-0.0709197,0.51348,-0.108909,-0.385215,1.19674,-0.210645,0.101251,0.103998,-1.79631,0.30444,1.60106,-0.8533,0.613673
0.0946701,-0.340919,-1.63714,-0.247415,0.402599,0.600253,3.10656,-4.61013,-1.36558,0.269799,-1.56652,-0.162261,-0.20528,-0.383262,0.284611,0.111219,0.882633,0.729874,0.94586,2.44818
0.666338,1.87764,-1.12591,0.927448,1.39623,1.73504,-0.507633,-0.292521,0.0188873,-0.809015,-1.21705,0.45181,-0.44649,0.00690524,3.81051,-0.189945,-0.134528,0.819372,-0.678119,0.263846
0.513937,-0.444041,-3.75094,0.261091,0.154466,1.99223,1.64636,-1.68963,-0.993734,-0.874936,-0.923724,0.193547,0.745443,-0.312057,0.680541,-0.398588,0.0777766,-0.0843759,0.898685,1.43873
-1.34415,-0.37784,1.70925,0.892212,-0.317844,-1.00064,0.505901,2.56273,-1.1127,1.30928,1.9685,-0.862302,-1.3282,0.603719,-0.961185,0.799329,1.27453,-0.686291,0.192158,0.153452
-1.95317,-1.08212,1.9839,0.923254,-0.113034,-0.613908,0.96769,0.0844682,-1.12891,4.55257,1.25079,-0.179617,0.704312,-0.395917,-1.07946,0.387607,0.334178,-1.33868,1.85659,0.165411
0.901173,1.03435,0.143908,1.49819,1.74154,-0.584662,-2.66035,0.723266,1.1567,-1.2012,-0.52397,-0.737564,-3.03034,1.04397,0.371161,-0.0974507,-0.0826575,0.650414,-2.80018,1.45487