-0.812852,0.826676,0.148687,0.508041,-0.493154,-1.85538,-1.36838,1.22655,-0.318942,-0.340546,-0.264901,-3.38737,-3.27943,0.3689,0.227798,0.0767035,-0.481059,-0.521654,-2.79297,0.500175
-0.571686,-1.17755,0.761554,1.26719,-0.295964,-0.497853,0.317069,0.808935,-0.0856132,1.9581,2.08689,0.890844,0.52793,0.115665,-2.98916,-0.131221,0.689882,0.119166,0.641304,-0.349574
0.234458,-0.199176,-0.183747,0.505432,-0.00365732,-0.362088,-3.50474,-1.04658,0.329726,0.0977564,-0.638584,-0.645223,-2.00687,-1.70126,-0.156566,-0.751791,-1.1536,-2.0142,-1.0642,0.386736
0.366676,1.09114,-0.271656,3.29927,0.900775,-0.283787,-0.0487826,-0.206271,-0.0764583,-0.53923,0.71896,-0.432638,-3.863,0.413699,0.483595,-0.246679,1.81197,3.05558,-2.16718,0.846389
0.183562,1.02434,-1.83378,0.865512,0.620594,0.625987,-1.06492,-0.361254,-0.1852,-0.108858,-0.184271,0.271739,-1.21039,-1.48218,-0.0553371,-3.16806,-0.121059,1.30596,-1.69308,-0.141968
0.763604,2.36303,-1.88262,1.22731,0.580999,0.035047,-1.76039,0.0713027,0.169655,-2.20849,-0.53199,-1.08236,-2.81999,-0.140016,1.19985,-1.5621,-0.267389,1.50611,-3.89861,0.102914
-0.142169,0.552789,0.0183687,4.43199,-0.21097,0.642741,-0.325026,0.353499,-0.234459,1.18398,1.52774,-0.215266,-1.77055,0.586253,2.00062,2.54891,0.911906,0.797401,-0.279149,-0.497099
0.443853,-0.359336,-0.488584,-0.722083,2.47857,0.452808,0.55071,-1.5988,-0.134689,0.0407559,-1.94172,0.018762,-0.717666,0.769013,0.289136,-0.440237,0.362929,-0.258945,0.383785,3.57665
0.589938,0.862419,-0.284349,0.319351,1.7385,0.591792,-0.365262,-0.075013,0.515715,-0.10898,-0.385769,1.1967,-0.212057,0.0984746,0.107962,-1.79638,0.304634,1.6011,-0.853258,0.6137
0.0979505,-0.339089,-1.63711,-0.254247,0.408616,0.602027,3.10662,-4.61014,-1.36555,0.264925,-1.56656,-0.162192,-0.208238,-0.383908,0.290835,0.112385,0.882629,0.73231,0.945843,2.44817
0.67454,1.87766,-1.14317,0.931859,1.3963,1.73501,-0.508805,-0.301832,0.0216325,-0.814995,-1.22095,0.447149,-0.455221,0.00677821,3.81051,-0.196028,-0.135998,0.831551,-0.694194,0.267223
0.516282,-0.443991,-3.75097,0.257055,0.157386,1.99233,1.6463,-1.69409,-0.993785,-0.875952,-0.923709,0.196171,0.744888,-0.31206,0.689885,-0.395692,0.077847,-0.084343,0.898702,1.43872
-1.34417,-0.380621,1.70927,0.905378,-0.321012,-1.00073,0.505953,2.56274,-1.11266,1.31347,1.9685,-0.866431,-1.32821,0.60789,-0.970075,0.804454,1.2745,-0.686337,0.191139,0.153455
-1.95317,-1.08413,1.98386,0.925507,-0.113072,-0.613889,0.969055,0.0927382,-1.12895,4.55266,1.2537,-0.179565,0.702826,-0.392977,-1.09073,0.392695,0.336392,-1.33863,1.8566,0.163022
0.901202,1.03857,0.145508,1.49819,1.74158,-0.584076,-2.66031,0.726856,1.15666,-1.20447,-0.528706,-0.740292,-3.0304,1.04399,0.381195,-0.103049,-0.0803662,0.647522,-2.8002,1.45484