-0.812893,0.832806,0.152933,0.51194,-0.493177,-1.85532,-1.37435,1.22654,-0.324301,-0.340235,-0.264894,-3.38743,-3.27938,0.368833,0.233558,0.0767468,-0.481047,-0.530566,-2.79303,0.500164
-0.57568,-1.17831,0.768672,1.26715,-0.295874,-0.496428,0.320946,0.816575,-0.0856613,1.95813,2.08696,0.893586,0.527997,0.11267,-2.98914,-0.131184,0.695633,0.118984,0.649445,-0.35231
0.234818,-0.199144,-0.188443,0.50538,-0.000652405,-0.365012,-3.50477,-1.04659,0.330448,0.093312,-0.643596,-0.652352,-2.0069,-1.70126,-0.156563,-0.758937,-1.15363,-2.01416,-1.066,0.390262
0.370084,1.104,-0.273158,3.29922,0.905993,-0.27876,-0.0516429,-0.207642,-0.0764976,-0.541701,0.716581,-0.432784,-3.86301,0.414469,0.490073,-0.248016,1.81198,3.05563,-2.17502,0.847212
0.186874,1.02909,-1.83372,0.865616,0.625726,0.628416,-1.06743,-0.361266,-0.182858,-0.112411,-0.183772,0.273977,-1.20686,-1.48219,-0.0496567,-3.16817,-0.12028,1.30585,-1.69314,-0.141377
0.763504,2.36313,-1.88265,1.23108,0.580556,0.0332401,-1.76046,0.0699508,0.169623,-2.20843,-0.537382,-1.08942,-2.82008,-0.142493,1.21298,-1.5649,-0.267393,1.5062,-3.89854,0.103991
-0.143116,0.55976,0.0147552,4.43209,-0.210066,0.64159,-0.323333,0.361508,-0.238878,1.18392,1.52773,-0.219819,-1.77826,0.588551,2.00063,2.54884,0.915753,0.799388,-0.293748,-0.496692
0.447501,-0.359976,-0.490613,-0.724374,2.47858,0.453152,0.550412,-1.60489,-0.133823,0.0375943,-1.94173,0.0193134,-0.719536,0.768665,0.287767,-0.443249,0.362909,-0.260231,0.383808,3.57666
0.591697,0.863268,-0.286449,0.322325,1.73853,0.594244,-0.366428,-0.0789094,0.517919,-0.109037,-0.386354,1.19664,-0.213413,0.0958851,0.111839,-1.7964,0.304801,1.60117,-0.85321,0.613719
0.101111,-0.337184,-1.6371,-0.260958,0.414359,0.603653,3.10666,-4.61015,-1.36551,0.260184,-1.56658,-0.162074,-0.211087,-0.384452,0.296872,0.113561,0.882628,0.734629,0.945816,2.44815
0.682315,1.87768,-1.15986,0.936042,1.39639,1.73498,-0.50991,-0.310831,0.0242377,-0.820748,-1.22456,0.442566,-0.463602,0.0067483,3.81052,-0.201825,-0.13741,0.843205,-0.709769,0.270508
0.518437,-0.443941,-3.75098,0.253149,0.160261,1.99242,1.64625,-1.69814,-0.993826,-0.876915,-0.923702,0.198618,0.744347,-0.312085,0.698976,-0.392949,0.0780147,-0.0843154,0.898728,1.43872
-1.34419,-0.383191,1.70927,0.917923,-0.324035,-1.00082,0.505996,2.56274,-1.11261,1.31742,1.96851,-0.870367,-1.32824,0.611901,-0.978633,0.809409,1.27448,-0.686379,0.190258,0.153451
-1.95316,-1.08588,1.98385,0.927672,-0.11313,-0.613893,0.970235,0.100692,-1.12897,4.5527,1.25641,-0.179532,0.701301,-0.389991,-1.10147,0.397621,0.338446,-1.3386,1.85663,0.160667
0.901245,1.04253,0.147065,1.49822,1.74158,-0.58346,-2.66027,0.73017,1.15664,-1.20743,-0.533229,-0.742892,-3.03046,1.04402,0.390895,-0.108243,-0.0782953,0.64482,-2.80023,1.45484