-0.812927,0.838588,0.157,0.515778,-0.493195,-1.85525,-1.38004,1.22654,-0.329454,-0.339802,-0.264889,-3.38749,-3.27935,0.368768,0.239197,0.0768078,-0.481042,-0.539079,-2.79309,0.500148
-0.579492,-1.17886,0.775637,1.26709,-0.295784,-0.495014,0.324438,0.823941,-0.0857141,1.95818,2.08702,0.89626,0.528038,0.109787,-2.98913,-0.131131,0.701017,0.118651,0.657234,-0.354986
0.235147,-0.199117,-0.192864,0.505336,0.00228545,-0.367742,-3.50478,-1.0466,0.331133,0.0890867,-0.648337,-0.659072,-2.00693,-1.70126,-0.156565,-0.765647,-1.15366,-2.01413,-1.06762,0.393686
0.373347,1.1161,-0.274527,3.29922,0.911001,-0.273878,-0.0543224,-0.208959,-0.0765263,-0.544019,0.714262,-0.43276,-3.863,0.415142,0.496475,-0.249254,1.812,3.05565,-2.18242,0.848026
0.190032,1.03335,-1.83369,0.865674,0.6306,0.630761,-1.06976,-0.361288,-0.180466,-0.115918,-0.183444,0.276071,-1.20346,-1.48218,-0.0441478,-3.16826,-0.119594,1.30577,-1.6932,-0.140826
0.763437,2.36322,-1.88268,1.23466,0.580128,0.0316693,-1.76052,0.068533,0.169597,-2.20839,-0.542349,-1.09606,-2.82016,-0.144804,1.22566,-1.56736,-0.267392,1.50627,-3.89847,0.105014
-0.144053,0.566386,0.0113276,4.43215,-0.20925,0.6405,-0.321749,0.369241,-0.243091,1.18389,1.52774,-0.224232,-1.78558,0.590816,2.00064,2.5488,0.919337,0.801293,-0.307624,-0.496318
0.450971,-0.360662,-0.492518,-0.726562,2.4786,0.453393,0.549967,-1.61057,-0.132926,0.0346037,-1.94173,0.0198753,-0.721433,0.768304,0.286444,-0.446121,0.362897,-0.261445,0.383824,3.57665
0.593344,0.863951,-0.288417,0.325126,1.73856,0.596611,-0.367517,-0.0826181,0.520085,-0.109077,-0.386956,1.19659,-0.21471,0.0934384,0.115606,-1.7964,0.30494,1.60125,-0.853163,0.613733
0.104158,-0.335228,-1.63711,-0.267541,0.419841,0.605145,3.10669,-4.61015,-1.36548,0.255569,-1.5666,-0.161908,-0.213835,-0.384907,0.302734,0.114732,0.882625,0.736823,0.945788,2.44814
0.689686,1.8777,-1.176,0.940012,1.39646,1.73495,-0.510946,-0.319524,0.0267161,-0.826288,-1.22791,0.438067,-0.471649,0.00679336,3.81053,-0.20734,-0.13877,0.854361,-0.724856,0.273692
0.520426,-0.44389,-3.75096,0.249368,0.163077,1.99249,1.64622,-1.70182,-0.993858,-0.877826,-0.923706,0.200902,0.74382,-0.312119,0.707821,-0.390346,0.0782562,-0.0842987,0.89876,1.43874
-1.3442,-0.38557,1.70926,0.929875,-0.326924,-1.0009,0.506026,2.56275,-1.11258,1.32116,1.96852,-0.874111,-1.32827,0.61576,-0.98687,0.814205,1.27445,-0.686408,0.189495,0.153447
-1.95316,-1.08739,1.98387,0.929756,-0.113189,-0.613909,0.971244,0.108353,-1.12898,4.55271,1.25894,-0.179517,0.699752,-0.386972,-1.11172,0.402387,0.340343,-1.33858,1.85665,0.158376
0.901275,1.04627,0.148597,1.49825,1.74157,-0.582816,-2.66024,0.733233,1.15663,-1.2101,-0.537556,-0.745351,-3.03049,1.04405,0.400278,-0.11309,-0.0764199,0.642265,-2.80025,1.45486