-0.816614,0.274521,0.124445,0.231782,-0.228644,-1.87191,-0.500355,1.2271,0.0449371,0.0759779,-0.252224,-3.37957,-3.28545,0.38352,0.0566046,0.0700488,-0.511253,-0.104988,-2.78892,0.508095
-0.269457,-0.619236,0.0723186,1.28514,-0.306233,-0.202503,-0.0493512,0.179688,-0.0993052,1.94942,2.07346,0.448426,0.53619,0.174257,-2.99014,-0.137108,0.0101772,0.0627501,-0.0661132,-0.30395
0.0890537,-0.211866,0.0517495,0.501303,-0.149404,0.232491,-3.50712,-1.05147,0.202489,0.240541,-0.209511,0.0652733,-2.01194,-1.69489,-0.150298,-0.128195,-1.17853,-2.00895,-0.38342,0.179218
0.0372373,-0.153609,-0.189949,3.29778,0.410618,-0.222019,-0.0785355,-0.0589159,-0.0776501,-0.0353235,0.310863,0.100372,-3.86477,0.148421,0.144853,0.0140803,1.82183,3.054,-0.710649,0.414695
-0.0578969,0.157073,-1.83758,0.864366,0.263125,0.236516,-0.157648,-0.353173,-0.153646,-0.15816,-0.166164,0.102605,-0.51097,-1.49582,0.104385,-3.16506,-0.257626,1.30757,-1.67808,-0.133366
0.263906,2.3613,-1.87715,0.291583,0.38986,0.125423,-1.74526,0.0128804,0.183412,-2.20648,0.131747,-0.353278,-2.82056,0.0629609,0.327615,-0.595449,-0.263659,1.48858,-3.92024,-0.0525864
0.0944452,0.187189,0.294367,4.42959,-0.102373,0.348647,-0.111724,-0.0223052,0.0600981,1.18262,1.54009,-0.0344288,-0.223283,0.429375,2.00543,2.55404,0.504783,0.0954656,0.233275,-0.238
0.190033,-0.384492,-0.143545,-0.331355,2.47771,0.014654,0.338722,-0.682478,-0.0906672,0.0505044,-1.95352,0.130528,-0.63295,0.418537,0.194303,-0.222681,0.387747,-0.158663,0.383875,3.5724
0.321841,0.630167,0.0135975,-0.0207278,1.74825,0.318485,-0.337926,0.129316,0.406264,-0.12067,-0.298325,1.21691,-0.014789,0.142725,-0.0539232,-1.79958,0.343663,1.63722,-0.847531,0.622332
-0.0251127,-0.0628017,-1.63737,0.0543048,0.0741152,0.154207,3.10851,-4.61081,-1.3754,0.368953,-1.57505,-0.121945,0.0594691,-0.136893,0.00530851,0.0423607,0.876728,0.188269,0.949532,2.45671
-0.0987682,1.88595,-0.256581,0.260778,1.39071,1.71491,-0.246797,0.0846336,-0.0350141,-0.213278,-0.453769,0.231014,-0.0573581,0.170467,3.81955,0.208411,0.0181689,0.0842946,-0.0642844,0.0273062
-0.0683974,-0.454578,-3.7563,0.0305858,-0.0384923,1.98959,1.65078,-0.588589,-0.994946,-0.248255,-0.911682,-0.0637396,0.290741,-0.315791,0.0819166,-0.222784,0.0971695,-0.0754484,0.901101,1.4444
-1.34438,-0.0710149,1.71157,0.148595,-0.232137,-0.99338,0.502425,2.56925,-1.11642,0.358835,1.96325,-0.268235,-1.32792,0.211077,-0.475204,0.208669,1.27964,-0.682449,0.0870711,0.157035
-1.95246,-0.336086,1.98598,0.266991,-0.106373,-0.600821,0.276139,-0.357724,-1.11242,4.56506,0.466415,-0.190539,0.174071,-0.139972,-0.302672,0.125259,0.00732275,-1.34358,1.852,-0.0181117
0.895569,0.590226,0.133244,1.50212,1.74875,-0.298244,-2.67343,0.191018,1.17507,-0.507745,-0.111531,-0.253157,-3.02346,1.02101,-0.025349,0.243156,-0.271859,0.628811,-2.80241,1.45974