-0.812953,0.844041,0.16089,0.519546,-0.493187,-1.85518,-1.38547,1.22655,-0.334407,-0.339264,-0.26489,-3.38753,-3.27933,0.36871,0.24471,0.0768737,-0.481041,-0.547197,-2.79314,0.500133
-0.583134,-1.17926,0.782446,1.26703,-0.295711,-0.493618,0.327575,0.831049,-0.0857671,1.95823,2.08706,0.898866,0.528065,0.107004,-2.98912,-0.131076,0.706058,0.118187,0.664688,-0.357618
0.235448,-0.199094,-0.197025,0.505302,0.00516488,-0.370296,-3.50479,-1.0466,0.331782,0.0850699,-0.652824,-0.665411,-2.00697,-1.70127,-0.156566,-0.771946,-1.1537,-2.0141,-1.06906,0.397008
0.376469,1.12748,-0.275766,3.29925,0.915802,-0.269143,-0.0568346,-0.210224,-0.0765441,-0.546202,0.712001,-0.432598,-3.86298,0.415727,0.50279,-0.250403,1.81201,3.05566,-2.18939,0.84884
0.193047,1.03718,-1.83368,0.865704,0.635219,0.633028,-1.07194,-0.36131,-0.178031,-0.119369,-0.183257,0.278034,-1.20019,-1.48218,-0.0388039,-3.16832,-0.118988,1.30571,-1.69326,-0.140309
0.763404,2.3633,-1.88269,1.23806,0.57972,0.0303112,-1.76056,0.0670615,0.169581,-2.20836,-0.546939,-1.1023,-2.82023,-0.14696,1.23793,-1.56949,-0.267387,1.50632,-3.89841,0.105983
-0.144981,0.572691,0.00806566,4.43218,-0.208508,0.63947,-0.320274,0.3767,-0.247112,1.18387,1.52776,-0.228506,-1.79255,0.593046,2.00066,2.54877,0.922682,0.803121,-0.320817,-0.495985
0.454269,-0.361389,-0.494313,-0.72866,2.47863,0.453542,0.54939,-1.61587,-0.132013,0.0317759,-1.94174,0.0204414,-0.723355,0.76794,0.285171,-0.448858,0.362885,-0.262593,0.383832,3.57664
0.594886,0.864489,-0.290274,0.327751,1.73859,0.598902,-0.368543,-0.0861459,0.522204,-0.109106,-0.38757,1.19655,-0.215951,0.0911072,0.119247,-1.7964,0.305049,1.60133,-0.853123,0.613745
0.107095,-0.333238,-1.63712,-0.274004,0.425071,0.606515,3.10671,-4.61016,-1.36545,0.25108,-1.56661,-0.161694,-0.216489,-0.385283,0.308427,0.115895,0.882621,0.738901,0.945765,2.44813
0.696676,1.87773,-1.19161,0.943781,1.39652,1.73493,-0.511913,-0.327918,0.0290769,-0.831623,-1.23101,0.433659,-0.479384,0.00690138,3.81052,-0.212581,-0.140079,0.865042,-0.739459,0.276775
0.522267,-0.443841,-3.75094,0.245716,0.165823,1.99256,1.6462,-1.70514,-0.993883,-0.878693,-0.923717,0.203033,0.743314,-0.312152,0.716427,-0.387876,0.0785535,-0.0842913,0.898792,1.43876
-1.34422,-0.387776,1.70925,0.941258,-0.329691,-1.00097,0.506047,2.56275,-1.11255,1.32472,1.96853,-0.877666,-1.32831,0.619475,-0.994796,0.818849,1.27443,-0.686427,0.188839,0.153445
-1.95317,-1.08869,1.9839,0.931778,-0.113238,-0.61393,0.972103,0.115736,-1.12897,4.5527,1.26128,-0.179512,0.698198,-0.38393,-1.12149,0.406988,0.342091,-1.33859,1.85668,0.156166
0.901287,1.04979,0.150109,1.49827,1.74156,-0.582146,-2.66023,0.736066,1.15661,-1.2125,-0.541695,-0.747665,-3.0305,1.04407,0.409356,-0.117632,-0.074717,0.639838,-2.80027,1.45489