-0.81297,0.849185,0.164603,0.523237,-0.49315,-1.85511,-1.39067,1.22656,-0.339164,-0.338634,-0.264898,-3.38756,-3.27932,0.36866,0.250094,0.0769361,-0.481043,-0.554929,-2.79319,0.500122
-0.586612,-1.1795,0.789099,1.26697,-0.295656,-0.492243,0.330386,0.837918,-0.0858173,1.95829,2.0871,0.901404,0.528088,0.104313,-2.98911,-0.131026,0.710776,0.117605,0.671823,-0.360214
0.235726,-0.199072,-0.200938,0.505275,0.00798751,-0.372689,-3.50479,-1.04661,0.332403,0.081251,-0.657074,-0.671396,-2.007,-1.70126,-0.156567,-0.777861,-1.15373,-2.01409,-1.07035,0.400226
0.379453,1.13818,-0.276881,3.29929,0.920403,-0.264554,-0.0591865,-0.21144,-0.0765539,-0.548264,0.709793,-0.432323,-3.86296,0.416234,0.509011,-0.251478,1.81203,3.05565,-2.19595,0.849657
0.195925,1.04061,-1.83368,0.865723,0.639591,0.635218,-1.07399,-0.361329,-0.175567,-0.122752,-0.183185,0.279874,-1.19707,-1.48218,-0.0336223,-3.16837,-0.118454,1.30567,-1.69331,-0.139821
0.763403,2.36337,-1.8827,1.24131,0.579337,0.0291457,-1.76059,0.0655451,0.169575,-2.20834,-0.55119,-1.10815,-2.82029,-0.148977,1.2498,-1.57133,-0.267379,1.50635,-3.89835,0.106894
-0.1459,0.578695,0.00495002,4.4322,-0.207832,0.6385,-0.318908,0.383893,-0.250954,1.18386,1.52779,-0.232644,-1.79919,0.595241,2.00067,2.54875,0.925805,0.804878,-0.333369,-0.495693
0.457405,-0.362153,-0.496005,-0.730679,2.47865,0.453608,0.548699,-1.62083,-0.131088,0.0291057,-1.94173,0.0210068,-0.7253,0.76758,0.283948,-0.451467,0.362874,-0.263683,0.383836,3.57663
0.596334,0.864898,-0.292032,0.330204,1.73861,0.601118,-0.369511,-0.0895011,0.524273,-0.109128,-0.388193,1.19652,-0.217142,0.0888799,0.122758,-1.79641,0.305125,1.6014,-0.853088,0.613756
0.109924,-0.331228,-1.63714,-0.280351,0.430053,0.607772,3.10671,-4.61017,-1.36544,0.246717,-1.56663,-0.161434,-0.219052,-0.385589,0.313959,0.117048,0.882616,0.740875,0.945746,2.44812
0.703308,1.87777,-1.20671,0.947365,1.39657,1.73491,-0.512815,-0.336018,0.0313268,-0.836759,-1.23388,0.429351,-0.486826,0.00706631,3.81052,-0.217563,-0.141341,0.875273,-0.753584,0.279757
0.52397,-0.443793,-3.75092,0.242199,0.168494,1.99263,1.64619,-1.70814,-0.993903,-0.879524,-0.923731,0.205023,0.742831,-0.312182,0.724802,-0.385536,0.0788937,-0.0842896,0.898824,1.43877
-1.34423,-0.389829,1.70923,0.952097,-0.332342,-1.00105,0.50606,2.56275,-1.11252,1.32809,1.96855,-0.881036,-1.32834,0.623052,-1.00242,0.823351,1.2744,-0.68644,0.188278,0.153444
-1.95318,-1.0898,1.98393,0.933754,-0.113276,-0.613952,0.972833,0.122852,-1.12897,4.55268,1.26345,-0.179512,0.696654,-0.380879,-1.1308,0.411419,0.343702,-1.3386,1.85671,0.154046
0.901283,1.05311,0.151602,1.4983,1.74156,-0.581456,-2.66023,0.738689,1.15658,-1.21465,-0.545654,-0.749839,-3.03051,1.04409,0.418137,-0.121896,-0.0731666,0.637533,-2.80027,1.45492