-0.812983,0.854039,0.168146,0.526846,-0.493086,-1.85504,-1.39564,1.22657,-0.343729,-0.33792,-0.26491,-3.38759,-3.27931,0.368617,0.255347,0.0769922,-0.481045,-0.562286,-2.79324,0.500114
-0.58993,-1.17963,0.795598,1.26691,-0.295617,-0.490888,0.332896,0.844564,-0.0858635,1.95835,2.08713,0.903875,0.528112,0.101711,-2.98911,-0.130982,0.715191,0.116921,0.678654,-0.362774
0.235986,-0.199052,-0.204614,0.505252,0.0107509,-0.374936,-3.50479,-1.04662,0.333002,0.07762,-0.661103,-0.677046,-2.00703,-1.70125,-0.156566,-0.783422,-1.15376,-2.01407,-1.07152,0.403341
0.382303,1.14826,-0.277878,3.29932,0.924811,-0.260109,-0.0613843,-0.212614,-0.0765593,-0.550217,0.707636,-0.431954,-3.86295,0.416675,0.515129,-0.252487,1.81205,3.05564,-2.20212,0.850476
0.198673,1.04369,-1.83368,0.865739,0.643735,0.637332,-1.07593,-0.361344,-0.173091,-0.126059,-0.183204,0.281595,-1.19409,-1.48219,-0.0286024,-3.16841,-0.11799,1.30564,-1.69336,-0.139356
0.763434,2.36343,-1.88271,1.24441,0.578986,0.0281552,-1.76061,0.0639912,0.169575,-2.20832,-0.555132,-1.11366,-2.82035,-0.150866,1.26129,-1.57291,-0.26737,1.50638,-3.8983,0.107747
-0.146807,0.584418,0.00196562,4.43222,-0.207212,0.637585,-0.317648,0.390828,-0.254632,1.18386,1.52782,-0.236645,-1.80553,0.597394,2.00069,2.54873,0.928718,0.80657,-0.345318,-0.495443
0.46039,-0.362951,-0.497602,-0.732627,2.47867,0.453601,0.547916,-1.62547,-0.130156,0.0265879,-1.94173,0.0215678,-0.727264,0.767223,0.282779,-0.453953,0.362861,-0.26472,0.383836,3.57662
0.597699,0.865192,-0.293702,0.332495,1.73861,0.60326,-0.370427,-0.0926932,0.526292,-0.109149,-0.388823,1.19649,-0.218288,0.0867539,0.126137,-1.79643,0.305168,1.60146,-0.853057,0.613769
0.112647,-0.329212,-1.63715,-0.286583,0.434794,0.608924,3.10671,-4.61017,-1.36543,0.242477,-1.56664,-0.161132,-0.221525,-0.385831,0.319336,0.118189,0.88261,0.742759,0.94573,2.44812
0.709606,1.87781,-1.2213,0.950776,1.3966,1.7349,-0.513657,-0.343829,0.0334718,-0.841703,-1.23657,0.425148,-0.49399,0.00728458,3.81051,-0.222296,-0.142554,0.885076,-0.767237,0.282644
0.525545,-0.443746,-3.7509,0.238816,0.171088,1.9927,1.64617,-1.71085,-0.993922,-0.880323,-0.923744,0.20688,0.74237,-0.312207,0.732952,-0.38332,0.0792671,-0.0842905,0.898855,1.43878
-1.34425,-0.391745,1.70922,0.962418,-0.334886,-1.00113,0.506071,2.56276,-1.1125,1.33131,1.96857,-0.884228,-1.32836,0.626498,-1.00975,0.827715,1.27438,-0.686449,0.187807,0.153445
-1.95319,-1.09075,1.98396,0.93569,-0.113304,-0.613971,0.973449,0.12971,-1.12896,4.55267,1.26546,-0.179514,0.695128,-0.377828,-1.13967,0.415682,0.345188,-1.33861,1.85673,0.152018
0.901272,1.05624,0.153075,1.49832,1.74157,-0.580754,-2.66024,0.741116,1.15655,-1.21657,-0.549441,-0.751881,-3.03052,1.0441,0.426624,-0.1259,-0.0717519,0.635349,-2.80027,1.45495