-0.812995,0.858622,0.171525,0.530373,-0.493002,-1.85497,-1.40039,1.22658,-0.348107,-0.337132,-0.264922,-3.38762,-3.2793,0.368577,0.26047,0.0770422,-0.481047,-0.569283,-2.79328,0.500109
-0.593091,-1.17965,0.801949,1.26686,-0.295586,-0.489555,0.335128,0.851,-0.0859052,1.95841,2.08716,0.906282,0.528138,0.0991963,-2.9891,-0.130945,0.719322,0.116144,0.685195,-0.365295
0.236233,-0.199032,-0.208063,0.505231,0.013451,-0.377049,-3.50479,-1.04663,0.333583,0.0741669,-0.664923,-0.682382,-2.00706,-1.70125,-0.156565,-0.788659,-1.15378,-2.01406,-1.07256,0.406355
0.385024,1.15775,-0.278767,3.29935,0.929035,-0.255804,-0.0634356,-0.213749,-0.0765636,-0.552066,0.705529,-0.431509,-3.86295,0.41706,0.52114,-0.253437,1.81207,3.05562,-2.20792,0.851295
0.201295,1.04644,-1.83368,0.865756,0.647666,0.63937,-1.07779,-0.361356,-0.170618,-0.129284,-0.183299,0.283203,-1.19124,-1.48221,-0.0237442,-3.16844,-0.117594,1.30562,-1.6934,-0.138909
0.763495,2.3635,-1.88271,1.24737,0.578667,0.027324,-1.76063,0.0624064,0.169579,-2.2083,-0.558793,-1.11883,-2.82041,-0.152639,1.27241,-1.57425,-0.267362,1.5064,-3.89826,0.108543
-0.147701,0.589877,-0.000898606,4.43225,-0.206648,0.636722,-0.316489,0.397512,-0.258156,1.18385,1.52784,-0.240513,-1.81159,0.599503,2.00071,2.54871,0.931436,0.808201,-0.3567,-0.495229
0.463235,-0.363777,-0.499109,-0.734511,2.47869,0.453529,0.547058,-1.6298,-0.129216,0.0242169,-1.94173,0.0221219,-0.729243,0.766871,0.281663,-0.456322,0.362848,-0.265709,0.383837,3.57661
0.598993,0.865383,-0.29529,0.334636,1.73861,0.60533,-0.371292,-0.0957322,0.528259,-0.109171,-0.389459,1.19647,-0.219392,0.0847302,0.129387,-1.79645,0.30518,1.60151,-0.853029,0.613783
0.115269,-0.327201,-1.63716,-0.292701,0.4393,0.609978,3.10671,-4.61018,-1.36542,0.238355,-1.56666,-0.160792,-0.223908,-0.386016,0.324563,0.119313,0.882605,0.744562,0.945716,2.44811
0.715591,1.87784,-1.23542,0.954028,1.39664,1.73489,-0.514446,-0.351359,0.0355176,-0.84646,-1.23908,0.421054,-0.500892,0.00755298,3.81051,-0.226797,-0.143719,0.894472,-0.780425,0.28544
0.527001,-0.443701,-3.75088,0.235564,0.173605,1.99276,1.64616,-1.71329,-0.993941,-0.881092,-0.923755,0.208616,0.741931,-0.312229,0.740884,-0.381221,0.079666,-0.0842919,0.898884,1.43878
-1.34427,-0.393538,1.70921,0.972249,-0.337327,-1.0012,0.506081,2.56276,-1.11249,1.33436,1.96858,-0.88725,-1.32838,0.629817,-1.0168,0.831946,1.27436,-0.686459,0.187418,0.153446
-1.95321,-1.09155,1.98398,0.937589,-0.113326,-0.613989,0.973967,0.136319,-1.12895,4.55265,1.26731,-0.179515,0.693624,-0.374787,-1.14813,0.419782,0.34656,-1.33862,1.85675,0.150078
0.901259,1.05921,0.154524,1.49834,1.74159,-0.580044,-2.66026,0.743364,1.15651,-1.21828,-0.553063,-0.753802,-3.03052,1.04411,0.434822,-0.129658,-0.0704591,0.633286,-2.80026,1.45497