-0.813006,0.862949,0.174749,0.533819,-0.492904,-1.8549,-1.40493,1.22659,-0.352303,-0.33628,-0.264933,-3.38765,-3.27929,0.368541,0.265463,0.077088,-0.481049,-0.575932,-2.79332,0.500105
-0.596103,-1.17958,0.808156,1.26681,-0.295559,-0.488244,0.337103,0.857238,-0.0859428,1.95846,2.08719,0.908625,0.528166,0.096767,-2.98909,-0.130911,0.723189,0.115287,0.691461,-0.367776
0.23647,-0.199013,-0.211296,0.505211,0.0160842,-0.379039,-3.50479,-1.04663,0.334151,0.0708827,-0.668548,-0.687421,-2.00709,-1.70124,-0.156564,-0.793597,-1.15381,-2.01405,-1.07351,0.409272
0.38762,1.16669,-0.27956,3.29937,0.933084,-0.251635,-0.06535,-0.21485,-0.0765687,-0.553818,0.703476,-0.431002,-3.86294,0.417398,0.527038,-0.25433,1.81209,3.05561,-2.21338,0.852111
0.203798,1.0489,-1.83368,0.865774,0.6514,0.641332,-1.07956,-0.361367,-0.168159,-0.132424,-0.183456,0.2847,-1.18852,-1.48223,-0.0190471,-3.16847,-0.117264,1.3056,-1.69344,-0.13848
0.763582,2.36356,-1.88272,1.25021,0.578379,0.0266376,-1.76065,0.0607973,0.169584,-2.20828,-0.562196,-1.12368,-2.82046,-0.154305,1.28319,-1.57539,-0.267353,1.50643,-3.89822,0.109284
-0.148579,0.595087,-0.00365099,4.43227,-0.206135,0.635906,-0.315425,0.403956,-0.261535,1.18384,1.52786,-0.244248,-1.81738,0.601565,2.00073,2.54868,0.933971,0.809772,-0.367548,-0.495048
0.465946,-0.364626,-0.500529,-0.736335,2.4787,0.453401,0.546139,-1.63384,-0.128269,0.0219859,-1.94173,0.0226672,-0.731231,0.766524,0.280603,-0.458582,0.362836,-0.266654,0.383838,3.57661
0.600222,0.865486,-0.296799,0.336638,1.7386,0.607329,-0.372111,-0.0986279,0.530175,-0.109192,-0.390098,1.19645,-0.220457,0.0828091,0.132511,-1.79647,0.305165,1.60156,-0.853002,0.613798
0.117791,-0.325204,-1.63717,-0.298703,0.44358,0.610939,3.10671,-4.61018,-1.36542,0.234345,-1.56667,-0.160419,-0.226203,-0.386151,0.329645,0.120417,0.8826,0.746293,0.945702,2.44811
0.721281,1.87788,-1.24906,0.957133,1.39667,1.73488,-0.515186,-0.358616,0.0374702,-0.851038,-1.24143,0.417071,-0.507544,0.00786777,3.8105,-0.231078,-0.144835,0.903481,-0.793158,0.28815
0.528347,-0.443657,-3.75087,0.232438,0.176048,1.99283,1.64614,-1.71549,-0.993959,-0.881835,-0.923765,0.21024,0.741509,-0.31225,0.748604,-0.379234,0.0800839,-0.0842927,0.898912,1.43879
-1.34428,-0.395223,1.7092,0.981617,-0.339671,-1.00127,0.506091,2.56276,-1.11247,1.33727,1.96859,-0.890109,-1.3284,0.633015,-1.02358,0.836047,1.27434,-0.686468,0.187105,0.153447
-1.95322,-1.09222,1.984,0.939449,-0.113343,-0.614006,0.974397,0.142688,-1.12894,4.55264,1.26904,-0.179516,0.692144,-0.371766,-1.1562,0.423726,0.347827,-1.33863,1.85677,0.148224
0.901248,1.06202,0.155945,1.49835,1.74162,-0.579329,-2.66027,0.745445,1.15647,-1.21981,-0.556526,-0.75561,-3.03053,1.04412,0.442736,-0.133185,-0.069276,0.63134,-2.80026,1.45499