-0.813019,0.867038,0.177825,0.537187,-0.492798,-1.85484,-1.40928,1.2266,-0.356319,-0.335374,-0.264943,-3.38768,-3.27927,0.368506,0.270329,0.077131,-0.481051,-0.582249,-2.79336,0.500102
-0.598971,-1.17944,0.814221,1.26676,-0.295535,-0.48696,0.338842,0.863288,-0.0859769,1.95851,2.08722,0.910902,0.528194,0.0944212,-2.98908,-0.130881,0.726809,0.11436,0.697464,-0.370212
0.236698,-0.198995,-0.214326,0.505192,0.0186478,-0.380916,-3.50479,-1.04664,0.334709,0.0677585,-0.671987,-0.692183,-2.00712,-1.70123,-0.156564,-0.798259,-1.15383,-2.01404,-1.07436,0.412096
0.390096,1.17513,-0.280266,3.29938,0.936967,-0.2476,-0.0671377,-0.21592,-0.0765753,-0.555473,0.701476,-0.430444,-3.86294,0.417699,0.532819,-0.255166,1.81211,3.05561,-2.21851,0.852926
0.206188,1.0511,-1.83368,0.865794,0.654951,0.643219,-1.08127,-0.361376,-0.165722,-0.13548,-0.183669,0.286091,-1.18592,-1.48224,-0.0145091,-3.16849,-0.116997,1.30558,-1.69347,-0.138067
0.763693,2.36362,-1.88272,1.25293,0.57812,0.0260825,-1.76068,0.0591699,0.169588,-2.20826,-0.565366,-1.12825,-2.82051,-0.15587,1.29363,-1.57633,-0.267345,1.50646,-3.89818,0.109976
-0.149443,0.600066,-0.00629838,4.4323,-0.205674,0.635135,-0.31445,0.410168,-0.264776,1.18383,1.52788,-0.247854,-1.82291,0.603578,2.00075,2.54866,0.936335,0.811285,-0.377892,-0.494895
0.46853,-0.365492,-0.501867,-0.738101,2.47871,0.453222,0.54517,-1.63762,-0.127315,0.0198879,-1.94173,0.0232024,-0.733219,0.766183,0.279598,-0.460738,0.362825,-0.267556,0.38384,3.57661
0.601393,0.86551,-0.298235,0.338511,1.7386,0.609258,-0.372887,-0.101389,0.532041,-0.109214,-0.390739,1.19643,-0.221483,0.080989,0.135513,-1.79649,0.305124,1.6016,-0.852976,0.613813
0.120218,-0.32323,-1.63718,-0.304585,0.447645,0.611814,3.10671,-4.61018,-1.36541,0.230443,-1.56669,-0.160017,-0.228412,-0.386241,0.334588,0.121496,0.882596,0.747955,0.945688,2.4481
0.726694,1.87791,-1.26224,0.960099,1.39669,1.73487,-0.51588,-0.365607,0.0393355,-0.855441,-1.24364,0.4132,-0.513956,0.00822461,3.8105,-0.23515,-0.145904,0.912122,-0.805446,0.290778
0.529591,-0.443615,-3.75085,0.229432,0.178418,1.99289,1.64613,-1.71747,-0.993978,-0.88255,-0.923774,0.21176,0.741102,-0.312269,0.756117,-0.37735,0.080515,-0.0842927,0.898938,1.43879
-1.34429,-0.396808,1.70919,0.990547,-0.341922,-1.00133,0.506102,2.56276,-1.11246,1.34004,1.96861,-0.892813,-1.32842,0.636095,-1.0301,0.840021,1.27432,-0.686479,0.186862,0.153447
-1.95323,-1.09277,1.98402,0.941267,-0.113359,-0.614021,0.974749,0.148826,-1.12894,4.55263,1.27063,-0.179518,0.69069,-0.368771,-1.16388,0.427522,0.348997,-1.33864,1.85679,0.146452
0.901238,1.06468,0.157337,1.49837,1.74165,-0.578614,-2.66028,0.747372,1.15644,-1.22116,-0.55984,-0.757314,-3.03054,1.04413,0.45037,-0.136495,-0.0681922,0.629505,-2.80025,1.455