-0.813032,0.870902,0.180759,0.540477,-0.492686,-1.85478,-1.41344,1.22661,-0.360159,-0.334424,-0.264952,-3.3877,-3.27926,0.368472,0.275069,0.0771722,-0.481053,-0.588248,-2.79339,0.500099
-0.601705,-1.17924,0.820149,1.26672,-0.29551,-0.485704,0.340364,0.869159,-0.0860079,1.95856,2.08725,0.913114,0.528222,0.0921565,-2.98907,-0.130852,0.730198,0.113372,0.703217,-0.372603
0.23692,-0.198977,-0.217164,0.505174,0.0211403,-0.382689,-3.5048,-1.04665,0.335258,0.064786,-0.67525,-0.696682,-2.00714,-1.70122,-0.156564,-0.802665,-1.15385,-2.01403,-1.07514,0.414827
0.392458,1.18308,-0.280895,3.2994,0.940691,-0.243693,-0.0688092,-0.216962,-0.0765834,-0.557037,0.699533,-0.429846,-3.86293,0.417968,0.53848,-0.255947,1.81212,3.0556,-2.22334,0.853737
0.208472,1.05306,-1.83368,0.865814,0.65833,0.645032,-1.08291,-0.361385,-0.163313,-0.13845,-0.183927,0.287382,-1.18345,-1.48226,-0.0101275,-3.16852,-0.116789,1.30556,-1.69351,-0.137668
0.763827,2.36367,-1.88273,1.25553,0.577885,0.0256457,-1.7607,0.05753,0.169592,-2.20824,-0.568322,-1.13253,-2.82056,-0.157344,1.30375,-1.57711,-0.267338,1.50648,-3.89814,0.110622
-0.150292,0.604827,-0.0088469,4.43233,-0.205263,0.634405,-0.31356,0.416157,-0.267885,1.18382,1.5279,-0.251334,-1.8282,0.605541,2.00077,2.54864,0.93854,0.812743,-0.38776,-0.494767
0.470992,-0.366369,-0.503127,-0.739813,2.47872,0.452999,0.544161,-1.64115,-0.126357,0.0179157,-1.94172,0.0237266,-0.735203,0.76585,0.278648,-0.462798,0.362815,-0.268416,0.383842,3.57661
0.602509,0.865466,-0.299603,0.340266,1.7386,0.611121,-0.373624,-0.104023,0.533855,-0.109235,-0.391379,1.19642,-0.222472,0.0792662,0.138394,-1.79651,0.305061,1.60165,-0.85295,0.613828
0.122553,-0.321285,-1.63719,-0.310347,0.451504,0.612608,3.10672,-4.61019,-1.3654,0.226644,-1.56671,-0.159592,-0.230537,-0.386291,0.339397,0.122548,0.882593,0.749551,0.945674,2.44809
0.731845,1.87794,-1.27498,0.962935,1.39672,1.73486,-0.516532,-0.372343,0.0411196,-0.859677,-1.24572,0.409441,-0.52014,0.00861883,3.81049,-0.239026,-0.146926,0.920412,-0.817301,0.293327
0.530742,-0.443574,-3.75084,0.226539,0.180719,1.99294,1.64612,-1.71925,-0.993997,-0.883239,-0.923783,0.213184,0.740708,-0.312288,0.76343,-0.375562,0.0809543,-0.0842918,0.898964,1.43879
-1.34431,-0.398304,1.70918,0.999064,-0.344084,-1.00139,0.506112,2.56277,-1.11244,1.34268,1.96862,-0.89537,-1.32844,0.63906,-1.03637,0.843871,1.2743,-0.68649,0.186683,0.153446
-1.95324,-1.09322,1.98403,0.943041,-0.113374,-0.614036,0.975031,0.154744,-1.12893,4.55262,1.27211,-0.179519,0.689263,-0.365809,-1.17121,0.431177,0.350076,-1.33864,1.85681,0.144759
0.901231,1.0672,0.158699,1.49838,1.74168,-0.577901,-2.66029,0.749158,1.15641,-1.22236,-0.563009,-0.758919,-3.03055,1.04413,0.457732,-0.139602,-0.0671981,0.627772,-2.80025,1.45501