-0.813045,0.874555,0.183559,0.54369,-0.492571,-1.85472,-1.41742,1.22662,-0.363829,-0.333436,-0.26496,-3.38773,-3.27925,0.368439,0.279686,0.077212,-0.481056,-0.593942,-2.79343,0.500096
-0.604312,-1.17899,0.825941,1.26668,-0.295486,-0.484478,0.341686,0.874858,-0.0860365,1.95861,2.08727,0.915261,0.528249,0.0899704,-2.98906,-0.130824,0.733373,0.112332,0.708733,-0.374946
0.237135,-0.19896,-0.219821,0.505156,0.0235612,-0.384365,-3.5048,-1.04665,0.3358,0.0619573,-0.678347,-0.700934,-2.00717,-1.70121,-0.156565,-0.806833,-1.15387,-2.01402,-1.07585,0.417471
0.39471,1.1906,-0.281456,3.29941,0.944262,-0.239912,-0.0703744,-0.217976,-0.0765925,-0.558511,0.697645,-0.429216,-3.86293,0.418212,0.544017,-0.256672,1.81214,3.0556,-2.22787,0.854546
0.210655,1.05481,-1.83368,0.865833,0.661547,0.646773,-1.0845,-0.361395,-0.160936,-0.141335,-0.184225,0.288578,-1.1811,-1.48227,-0.00589834,-3.16855,-0.116635,1.30553,-1.69354,-0.137285
0.76398,2.36373,-1.88274,1.25803,0.577673,0.0253153,-1.76072,0.0558827,0.169595,-2.20822,-0.571084,-1.13656,-2.8206,-0.15873,1.31355,-1.57772,-0.267331,1.50651,-3.89811,0.111227
-0.151127,0.609383,-0.0113022,4.43236,-0.2049,0.633714,-0.312748,0.421929,-0.270869,1.18382,1.52792,-0.254691,-1.83326,0.607454,2.00079,2.54862,0.940598,0.814145,-0.397179,-0.49466
0.473339,-0.367254,-0.504311,-0.741472,2.47872,0.452739,0.543118,-1.64444,-0.125396,0.016062,-1.94172,0.0242393,-0.737176,0.765526,0.277752,-0.464766,0.362805,-0.269234,0.383845,3.57661
0.603574,0.865364,-0.300906,0.341909,1.7386,0.612919,-0.374326,-0.106537,0.535617,-0.109256,-0.392015,1.1964,-0.223426,0.0776362,0.141157,-1.79653,0.304977,1.60169,-0.852925,0.613841
0.124799,-0.319376,-1.6372,-0.315987,0.455167,0.613327,3.10672,-4.61019,-1.36539,0.222945,-1.56672,-0.159146,-0.232581,-0.386308,0.344076,0.123569,0.882591,0.751085,0.94566,2.44808
0.73675,1.87797,-1.28729,0.965649,1.39675,1.73485,-0.517144,-0.378831,0.0428278,-0.863751,-1.24767,0.405794,-0.526103,0.00904578,3.81049,-0.242715,-0.147901,0.928368,-0.828735,0.2958
0.531807,-0.443534,-3.75083,0.223754,0.182952,1.993,1.6461,-1.72084,-0.994015,-0.883902,-0.923792,0.214518,0.740325,-0.312305,0.770548,-0.373864,0.0813974,-0.0842903,0.898989,1.43879
-1.34432,-0.399718,1.70917,1.00719,-0.346161,-1.00145,0.506123,2.56277,-1.11243,1.34518,1.96863,-0.897785,-1.32846,0.641916,-1.04239,0.8476,1.27428,-0.686502,0.186562,0.153445
-1.95325,-1.09359,1.98405,0.944769,-0.113388,-0.614051,0.975248,0.16045,-1.12893,4.55261,1.27349,-0.17952,0.687863,-0.362885,-1.1782,0.434698,0.351072,-1.33865,1.85683,0.143141
0.901224,1.06958,0.160029,1.4984,1.74171,-0.577191,-2.66029,0.750813,1.15638,-1.22342,-0.566041,-0.760434,-3.03056,1.04414,0.464827,-0.142519,-0.0662849,0.626135,-2.80025,1.45502