-0.813057,0.87801,0.186229,0.546827,-0.492452,-1.85466,-1.42122,1.22663,-0.367332,-0.332419,-0.264968,-3.38775,-3.27925,0.368407,0.28418,0.0772505,-0.481058,-0.599345,-2.79346,0.500093
-0.606799,-1.1787,0.8316,1.26664,-0.295463,-0.483283,0.342824,0.880393,-0.086063,1.95865,2.0873,0.917343,0.528276,0.0878601,-2.98905,-0.130796,0.736347,0.111248,0.714022,-0.377243
0.237346,-0.198944,-0.222308,0.50514,0.0259105,-0.385952,-3.5048,-1.04666,0.336334,0.0592652,-0.681286,-0.704955,-2.00719,-1.70121,-0.156566,-0.81078,-1.15389,-2.01401,-1.0765,0.420029
0.396856,1.19769,-0.281956,3.29942,0.947688,-0.236254,-0.0718419,-0.218964,-0.076602,-0.5599,0.695814,-0.428562,-3.86293,0.418435,0.549429,-0.257344,1.81215,3.05559,-2.23213,0.855353
0.212743,1.05636,-1.83367,0.865852,0.66461,0.648443,-1.08603,-0.361404,-0.158593,-0.144135,-0.184556,0.289686,-1.17887,-1.48229,-0.00181752,-3.16858,-0.116531,1.30551,-1.69357,-0.136915
0.764152,2.36378,-1.88274,1.26043,0.577481,0.02508,-1.76074,0.0542328,0.169598,-2.2082,-0.573667,-1.14035,-2.82064,-0.160036,1.32306,-1.5782,-0.267324,1.50653,-3.89808,0.111794
-0.151948,0.613746,-0.0136698,4.43238,-0.204583,0.63306,-0.31201,0.427493,-0.273732,1.18381,1.52793,-0.25793,-1.8381,0.609316,2.0008,2.5486,0.942519,0.815493,-0.406173,-0.494573
0.475575,-0.368142,-0.505424,-0.743081,2.47873,0.452445,0.542048,-1.64752,-0.124435,0.01432,-1.94172,0.0247399,-0.739133,0.765214,0.27691,-0.466648,0.362796,-0.270011,0.383848,3.57662
0.60459,0.865211,-0.30215,0.343447,1.7386,0.614653,-0.374995,-0.108937,0.537329,-0.109276,-0.392648,1.19638,-0.224344,0.0760937,0.143805,-1.79655,0.304876,1.60173,-0.852901,0.613854
0.126961,-0.317507,-1.6372,-0.321506,0.458645,0.613977,3.10673,-4.6102,-1.36538,0.219343,-1.56674,-0.158684,-0.234548,-0.386295,0.348629,0.124558,0.882588,0.752556,0.945646,2.44807
0.741421,1.87799,-1.2992,0.968248,1.39678,1.73484,-0.517718,-0.385081,0.0444651,-0.86767,-1.24951,0.402258,-0.531856,0.00950107,3.81049,-0.246227,-0.148832,0.936004,-0.839759,0.2982
0.532793,-0.443495,-3.75082,0.221072,0.185119,1.99306,1.64609,-1.72227,-0.994033,-0.884539,-0.9238,0.215769,0.739951,-0.312322,0.777475,-0.372251,0.0818408,-0.0842885,0.899013,1.43879
-1.34433,-0.401058,1.70916,1.01495,-0.348157,-1.00151,0.506133,2.56277,-1.11242,1.34757,1.96864,-0.900067,-1.32847,0.644665,-1.04819,0.851212,1.27427,-0.686514,0.186492,0.153444
-1.95326,-1.09388,1.98407,0.946452,-0.113402,-0.614065,0.975408,0.165953,-1.12892,4.5526,1.27476,-0.179521,0.686492,-0.360004,-1.18487,0.438091,0.351989,-1.33865,1.85685,0.141597
0.901217,1.07183,0.161328,1.49841,1.74173,-0.576486,-2.6603,0.752347,1.15635,-1.22434,-0.568944,-0.761863,-3.03057,1.04415,0.471664,-0.145261,-0.0654447,0.624584,-2.80024,1.45503