-0.81307,0.881278,0.188776,0.549889,-0.492332,-1.85461,-1.42487,1.22663,-0.370675,-0.331379,-0.264975,-3.38778,-3.27924,0.368376,0.288553,0.0772876,-0.481061,-0.604471,-2.79349,0.50009
-0.609172,-1.17838,0.837127,1.2666,-0.295441,-0.482122,0.343794,0.885768,-0.0860878,1.95869,2.08732,0.919359,0.528301,0.085823,-2.98904,-0.13077,0.739135,0.110128,0.719096,-0.379491
0.237552,-0.198929,-0.224635,0.505124,0.0281888,-0.387456,-3.5048,-1.04667,0.336861,0.0567027,-0.684075,-0.708759,-2.00721,-1.7012,-0.156568,-0.814519,-1.15391,-2.014,-1.07709,0.422503
0.398902,1.20439,-0.282402,3.29944,0.950974,-0.232717,-0.0732195,-0.219927,-0.0766115,-0.561208,0.694037,-0.427892,-3.86292,0.418641,0.554715,-0.257965,1.81216,3.05559,-2.23613,0.856157
0.214742,1.05773,-1.83367,0.86587,0.667528,0.650045,-1.0875,-0.361413,-0.156288,-0.146851,-0.184914,0.29071,-1.17674,-1.4823,0.00211943,-3.1686,-0.116473,1.30548,-1.69361,-0.136558
0.76434,2.36383,-1.88275,1.26274,0.577306,0.0249295,-1.76076,0.0525845,0.169601,-2.20818,-0.576088,-1.14391,-2.82068,-0.161267,1.33227,-1.57856,-0.267317,1.50656,-3.89804,0.112327
-0.152756,0.617926,-0.0159545,4.4324,-0.20431,0.63244,-0.311341,0.432856,-0.276481,1.1838,1.52795,-0.261052,-1.84273,0.611128,2.00082,2.54858,0.944313,0.816789,-0.414764,-0.494502
0.477705,-0.36903,-0.50647,-0.744641,2.47874,0.452122,0.540957,-1.65038,-0.123477,0.0126832,-1.94172,0.0252282,-0.741069,0.764913,0.27612,-0.468449,0.362788,-0.270749,0.38385,3.57662
0.60556,0.865015,-0.303338,0.344888,1.73861,0.616327,-0.375636,-0.111228,0.538989,-0.109296,-0.393273,1.19636,-0.225229,0.0746337,0.14634,-1.79656,0.304758,1.60177,-0.852877,0.613865
0.129041,-0.31568,-1.63721,-0.326903,0.461947,0.614563,3.10673,-4.6102,-1.36537,0.215834,-1.56676,-0.158209,-0.23644,-0.386256,0.353061,0.125513,0.882587,0.753969,0.945632,2.44807
0.745872,1.87802,-1.3107,0.970738,1.39681,1.73483,-0.518257,-0.391101,0.046036,-0.871439,-1.25124,0.398831,-0.537406,0.00998068,3.81048,-0.249571,-0.14972,0.943335,-0.850387,0.30053
0.533707,-0.443458,-3.75081,0.218488,0.187221,1.99311,1.64608,-1.72354,-0.994051,-0.885151,-0.923809,0.216944,0.739584,-0.312338,0.784216,-0.370715,0.0822817,-0.0842864,0.899036,1.43879
-1.34434,-0.40233,1.70915,1.02235,-0.350075,-1.00156,0.506142,2.56277,-1.1124,1.34985,1.96865,-0.902221,-1.32849,0.647312,-1.05376,0.85471,1.27426,-0.686525,0.186468,0.153444
-1.95327,-1.0941,1.98408,0.948089,-0.113414,-0.614079,0.975514,0.171263,-1.12891,4.55259,1.27594,-0.179523,0.685149,-0.35717,-1.19123,0.441361,0.352834,-1.33865,1.85686,0.140124
0.90121,1.07397,0.162595,1.49843,1.74176,-0.575789,-2.6603,0.753768,1.15632,-1.22515,-0.571722,-0.763211,-3.03058,1.04415,0.478249,-0.147839,-0.0646703,0.623113,-2.80024,1.45503