-0.813369,0.301978,0.1022,0.268805,-0.279622,-1.87397,-0.587358,1.22766,0.0114093,0.0113568,-0.261677,-3.37321,-3.27974,0.379945,0.0659377,0.0738328,-0.49871,-0.118933,-2.78965,0.499092
-0.299554,-0.685224,0.102214,1.2861,-0.316381,-0.29961,-0.0519483,0.224025,-0.0981359,1.94696,2.06945,0.549989,0.538088,0.198369,-2.99028,-0.142058,0.0509789,0.0414864,-0.0529631,-0.301104
0.107315,-0.210815,0.0422736,0.502307,-0.159547,0.165289,-3.50164,-1.04864,0.208044,0.265138,-0.23513,0.0439757,-2.00859,-1.69642,-0.152986,-0.155306,-1.16452,-2.01314,-0.447903,0.19539
0.0551221,-0.0947011,-0.219634,3.29668,0.433625,-0.263241,-0.0772957,-0.0594793,-0.0755413,-0.0466025,0.368603,0.0878832,-3.85972,0.177492,0.179694,0.0189163,1.81792,3.05103,-0.851117,0.468738
-0.0536942,0.220627,-1.83156,0.861282,0.312619,0.283741,-0.2085,-0.35513,-0.153074,-0.183977,-0.196521,0.0947528,-0.587038,-1.4902,0.0340578,-3.16445,-0.235844,1.31575,-1.6718,-0.157711
0.372286,2.35875,-1.87378,0.340804,0.432059,0.176615,-1.7468,0.0111182,0.183941,-2.20396,0.131948,-0.425795,-2.81726,0.0867725,0.37858,-0.699727,-0.260778,1.48709,-3.91407,-0.0580391
0.0898208,0.185316,0.320987,4.42255,-0.120759,0.428625,-0.119753,-0.0254265,0.0746508,1.18305,1.53364,-0.0779537,-0.366319,0.449991,2.00217,2.55539,0.525203,0.137724,0.266522,-0.283381
0.225283,-0.422702,-0.16763,-0.361765,2.46131,0.0796085,0.382589,-0.773574,-0.0885316,0.0577067,-1.94845,0.116685,-0.67012,0.495944,0.224313,-0.262581,0.382149,-0.212026,0.387444,3.57884
0.342731,0.642254,0.00496766,0.0132661,1.77231,0.353512,-0.350217,0.130618,0.429297,-0.113253,-0.29457,1.22375,-0.0243521,0.170909,-0.0330594,-1.78306,0.315024,1.61044,-0.860988,0.591913
-0.0362688,-0.0788517,-1.63703,0.0632033,0.088181,0.177773,3.10577,-4.60574,-1.37419,0.364684,-1.57043,-0.126173,0.0727863,-0.179602,0.0102757,0.0559647,0.875111,0.241212,0.946529,2.44955
-0.0769372,1.89184,-0.318107,0.324771,1.37815,1.71902,-0.296986,0.0856655,-0.0857579,-0.254123,-0.5523,0.335448,-0.0323622,0.151407,3.81216,0.221639,-0.0021557,0.116956,-0.112791,0.0468252
-0.00402948,-0.457465,-3.75695,0.0527268,-0.043614,1.98279,1.6502,-0.692461,-0.993247,-0.299422,-0.913953,-0.0613635,0.340759,-0.315522,0.11007,-0.245345,0.0946532,-0.0798028,0.894813,1.43443
-1.3459,-0.0714079,1.70756,0.194739,-0.209012,-0.99486,0.50256,2.56449,-1.11639,0.436984,1.96492,-0.344526,-1.32872,0.228449,-0.505463,0.260729,1.27354,-0.68102,0.108875,0.153964
-1.95333,-0.400976,1.98256,0.294296,-0.105649,-0.600896,0.338106,-0.336626,-1.11088,4.55814,0.556244,-0.187475,0.204502,-0.170572,-0.347424,0.141737,0.0311197,-1.34102,1.85042,0.0105238
0.891372,0.664205,0.13598,1.49674,1.7477,-0.349913,-2.66878,0.244635,1.17024,-0.581125,-0.168625,-0.317164,-3.02173,1.02408,-0.0437046,0.272421,-0.278724,0.666281,-2.79547,1.46296