-0.813081,0.884371,0.191204,0.552878,-0.49221,-1.85455,-1.42835,1.22664,-0.373863,-0.330321,-0.264982,-3.3878,-3.27923,0.368347,0.292808,0.0773233,-0.481065,-0.609332,-2.79351,0.500087
-0.611438,-1.17804,0.842524,1.26656,-0.295419,-0.480994,0.34461,0.890991,-0.086111,1.95873,2.08735,0.92131,0.528326,0.0838566,-2.98903,-0.130745,0.741747,0.108977,0.723965,-0.381693
0.237754,-0.198914,-0.226813,0.50511,0.030397,-0.388883,-3.50481,-1.04667,0.337381,0.0542631,-0.686723,-0.712357,-2.00723,-1.7012,-0.156571,-0.818064,-1.15393,-2.01399,-1.07764,0.424895
0.400852,1.21073,-0.2828,3.29945,0.954125,-0.229295,-0.0745139,-0.220864,-0.0766207,-0.562438,0.692315,-0.427211,-3.86292,0.418833,0.559872,-0.258536,1.81217,3.05559,-2.23989,0.856958
0.216655,1.05895,-1.83367,0.865887,0.670309,0.65158,-1.08893,-0.361421,-0.154023,-0.149484,-0.185295,0.291656,-1.17473,-1.48231,0.00591698,-3.16863,-0.116457,1.30546,-1.69363,-0.136212
0.764543,2.36388,-1.88275,1.26495,0.577147,0.0248542,-1.76078,0.0509416,0.169605,-2.20816,-0.578359,-1.14727,-2.82071,-0.162427,1.3412,-1.5788,-0.267311,1.50658,-3.89801,0.112829
-0.15355,0.621934,-0.0181612,4.43243,-0.204077,0.631851,-0.310736,0.438025,-0.279119,1.1838,1.52797,-0.264064,-1.84716,0.61289,2.00084,2.54856,0.94599,0.818033,-0.422975,-0.494448
0.479734,-0.369916,-0.507451,-0.746156,2.47874,0.451774,0.539851,-1.65306,-0.122523,0.0111457,-1.94172,0.0257041,-0.742982,0.764626,0.27538,-0.470172,0.36278,-0.27145,0.383853,3.57662
0.606488,0.864781,-0.304474,0.346236,1.73861,0.61794,-0.376249,-0.113417,0.540599,-0.109314,-0.393892,1.19634,-0.226082,0.0732515,0.148767,-1.79658,0.304625,1.6018,-0.852853,0.613876
0.131042,-0.313899,-1.63721,-0.33218,0.46508,0.615089,3.10673,-4.6102,-1.36536,0.212416,-1.56677,-0.157724,-0.23826,-0.386194,0.357374,0.126435,0.882585,0.755324,0.945618,2.44806
0.750114,1.87805,-1.32181,0.973125,1.39683,1.73482,-0.518761,-0.396898,0.0475443,-0.875062,-1.25288,0.395513,-0.542762,0.010481,3.81048,-0.252754,-0.150565,0.950375,-0.860631,0.302791
0.534553,-0.443421,-3.7508,0.215997,0.189261,1.99316,1.64606,-1.72466,-0.994067,-0.885739,-0.923817,0.218045,0.739224,-0.312354,0.790777,-0.369254,0.0827177,-0.0842842,0.899058,1.4388
-1.34435,-0.403539,1.70915,1.02943,-0.351919,-1.00162,0.506151,2.56277,-1.11239,1.35201,1.96866,-0.904255,-1.3285,0.649861,-1.05913,0.858097,1.27424,-0.686537,0.186486,0.153443
-1.95328,-1.09426,1.9841,0.94968,-0.113427,-0.614093,0.975572,0.176388,-1.12891,4.55259,1.27703,-0.179524,0.683836,-0.354385,-1.1973,0.444511,0.35361,-1.33866,1.85688,0.138719
0.901202,1.07599,0.163831,1.49844,1.74178,-0.5751,-2.66031,0.755086,1.1563,-1.22584,-0.574382,-0.764483,-3.03059,1.04416,0.48459,-0.150267,-0.0639553,0.621717,-2.80024,1.45504