-0.813092,0.8873,0.19352,0.555794,-0.492086,-1.8545,-1.43168,1.22665,-0.376902,-0.329251,-0.264988,-3.38782,-3.27922,0.368319,0.296946,0.0773576,-0.481068,-0.613941,-2.79354,0.500084
-0.613603,-1.17768,0.847793,1.26653,-0.295399,-0.4799,0.345284,0.896066,-0.0861327,1.95877,2.08737,0.923197,0.528351,0.0819585,-2.98902,-0.13072,0.744196,0.107802,0.728639,-0.383848
0.237954,-0.1989,-0.22885,0.505096,0.0325361,-0.390237,-3.50481,-1.04668,0.337895,0.0519404,-0.689236,-0.715762,-2.00725,-1.70119,-0.156573,-0.821428,-1.15395,-2.01398,-1.07814,0.427207
0.402709,1.21673,-0.283154,3.29946,0.957148,-0.225988,-0.0757311,-0.221777,-0.0766297,-0.563594,0.690646,-0.426523,-3.86292,0.419014,0.564901,-0.25906,1.81218,3.05559,-2.24342,0.857756
0.218488,1.06002,-1.83367,0.865904,0.672958,0.65305,-1.09031,-0.361429,-0.1518,-0.152036,-0.185693,0.292529,-1.17282,-1.48232,0.0095796,-3.16865,-0.116479,1.30544,-1.69366,-0.135878
0.764759,2.36392,-1.88276,1.26708,0.577004,0.0248454,-1.7608,0.0493075,0.169609,-2.20814,-0.580492,-1.15042,-2.82075,-0.163522,1.34986,-1.57894,-0.267305,1.5066,-3.89799,0.1133
-0.15433,0.625777,-0.0202941,4.43245,-0.203881,0.631293,-0.310191,0.443007,-0.281651,1.18379,1.52798,-0.266968,-1.85141,0.614602,2.00085,2.54855,0.947559,0.819226,-0.430824,-0.494407
0.481668,-0.370797,-0.508372,-0.747628,2.47875,0.451406,0.538734,-1.65556,-0.121576,0.00970175,-1.94171,0.0261674,-0.744869,0.764352,0.274688,-0.471823,0.362772,-0.272114,0.383855,3.57662
0.607375,0.864514,-0.305561,0.347499,1.73861,0.619497,-0.376839,-0.115508,0.542159,-0.109332,-0.394502,1.19633,-0.226903,0.071943,0.151088,-1.79659,0.30448,1.60184,-0.852831,0.613887
0.132968,-0.312164,-1.63722,-0.337336,0.468054,0.615561,3.10674,-4.61021,-1.36535,0.209086,-1.56679,-0.15723,-0.24001,-0.386114,0.361573,0.127322,0.882584,0.756625,0.945605,2.44805
0.75416,1.87807,-1.33256,0.975414,1.39685,1.73481,-0.519233,-0.402483,0.0489934,-0.878546,-1.25443,0.392302,-0.547931,0.0109989,3.81048,-0.255786,-0.15137,0.957136,-0.870504,0.304987
0.535338,-0.443386,-3.75079,0.213597,0.191238,1.99321,1.64605,-1.72566,-0.994083,-0.886304,-0.923825,0.21908,0.738869,-0.312368,0.797162,-0.367862,0.0831471,-0.084282,0.89908,1.4388
-1.34436,-0.404691,1.70914,1.03619,-0.353692,-1.00166,0.506158,2.56277,-1.11238,1.35408,1.96867,-0.906175,-1.32851,0.652316,-1.06428,0.861376,1.27423,-0.686547,0.18654,0.153443
-1.95329,-1.09438,1.98411,0.951225,-0.113438,-0.614106,0.975585,0.181335,-1.1289,4.55258,1.27804,-0.179525,0.682553,-0.351653,-1.20309,0.447549,0.354323,-1.33866,1.8569,0.137381
0.901194,1.07791,0.165035,1.49846,1.74181,-0.57442,-2.66031,0.756307,1.15628,-1.22644,-0.576929,-0.765683,-3.03059,1.04417,0.490695,-0.152553,-0.0632938,0.620391,-2.80023,1.45505