-0.813103,0.890074,0.195728,0.558638,-0.491961,-1.85445,-1.43487,1.22666,-0.379799,-0.328173,-0.264995,-3.38784,-3.27921,0.368292,0.300969,0.0773904,-0.481072,-0.618309,-2.79356,0.500081
-0.615672,-1.1773,0.852937,1.26649,-0.29538,-0.47884,0.34583,0.900999,-0.086153,1.9588,2.08739,0.925021,0.528374,0.0801266,-2.98901,-0.130697,0.746492,0.106609,0.733126,-0.385957
0.238151,-0.198887,-0.230755,0.505083,0.0346071,-0.391524,-3.50481,-1.04668,0.338402,0.0497286,-0.691623,-0.718985,-2.00727,-1.70118,-0.156576,-0.824623,-1.15396,-2.01397,-1.07861,0.429441
0.404478,1.2224,-0.28347,3.29947,0.960048,-0.222791,-0.0768765,-0.222666,-0.0766384,-0.56468,0.68903,-0.425834,-3.86292,0.419186,0.569802,-0.259539,1.81219,3.05558,-2.24673,0.858549
0.220244,1.06097,-1.83367,0.86592,0.675484,0.654458,-1.09165,-0.361436,-0.149622,-0.154507,-0.186106,0.293335,-1.171,-1.48233,0.0131117,-3.16867,-0.116536,1.30542,-1.69369,-0.135553
0.764987,2.36396,-1.88277,1.26913,0.576874,0.0248953,-1.76082,0.047685,0.169614,-2.20813,-0.582499,-1.1534,-2.82078,-0.164555,1.35826,-1.57898,-0.267299,1.50662,-3.89796,0.113745
-0.155097,0.629465,-0.0223571,4.43247,-0.20372,0.630763,-0.309702,0.44781,-0.284084,1.18379,1.52799,-0.269768,-1.85548,0.616263,2.00087,2.54853,0.949026,0.820371,-0.438332,-0.49438
0.483512,-0.371671,-0.509236,-0.749057,2.47875,0.45102,0.537611,-1.65789,-0.120636,0.008346,-1.94171,0.0266183,-0.746728,0.764091,0.274043,-0.473404,0.362765,-0.272744,0.383857,3.57662
0.608225,0.864221,-0.306602,0.348681,1.73862,0.620997,-0.377406,-0.117505,0.543671,-0.10935,-0.395103,1.19631,-0.227694,0.0707041,0.153307,-1.7966,0.304323,1.60187,-0.852809,0.613897
0.134822,-0.310477,-1.63722,-0.342374,0.470875,0.615982,3.10674,-4.61021,-1.36534,0.205843,-1.5668,-0.156732,-0.241693,-0.386017,0.365661,0.128176,0.882584,0.757873,0.945592,2.44804
0.758019,1.8781,-1.34294,0.97761,1.39687,1.7348,-0.519675,-0.407862,0.0503862,-0.881895,-1.25589,0.389196,-0.55292,0.0115314,3.81047,-0.258673,-0.152136,0.963631,-0.880017,0.30712
0.536065,-0.443351,-3.75078,0.211283,0.193154,1.99325,1.64604,-1.72655,-0.994099,-0.886846,-0.923833,0.220051,0.738519,-0.312382,0.803375,-0.366536,0.0835686,-0.0842797,0.899101,1.4388
-1.34437,-0.405789,1.70913,1.04266,-0.355399,-1.00171,0.506166,2.56277,-1.11237,1.35604,1.96867,-0.907986,-1.32852,0.65468,-1.06925,0.864551,1.27422,-0.686558,0.186626,0.153442
-1.9533,-1.09445,1.98412,0.952725,-0.113449,-0.614119,0.975559,0.186112,-1.12889,4.55257,1.27897,-0.179527,0.6813,-0.348975,-1.20862,0.450476,0.354978,-1.33866,1.85691,0.136107
0.901185,1.07972,0.166208,1.49847,1.74183,-0.573751,-2.66032,0.757441,1.15625,-1.22694,-0.579369,-0.766817,-3.0306,1.04417,0.496573,-0.154709,-0.0626808,0.619131,-2.80023,1.45506