-0.813113,0.892702,0.197834,0.561412,-0.491836,-1.8544,-1.43793,1.22667,-0.382558,-0.32709,-0.265001,-3.38786,-3.27921,0.368267,0.304878,0.0774218,-0.481075,-0.62245,-2.79358,0.500079
-0.617649,-1.17692,0.857956,1.26646,-0.295362,-0.477815,0.346257,0.905793,-0.086172,1.95884,2.08741,0.926783,0.528397,0.0783588,-2.989,-0.130674,0.748645,0.105402,0.737435,-0.388021
0.238347,-0.198874,-0.232537,0.505071,0.0366113,-0.392748,-3.50481,-1.04669,0.338903,0.0476221,-0.693888,-0.722038,-2.00729,-1.70118,-0.156579,-0.827659,-1.15398,-2.01396,-1.07905,0.4316
0.406164,1.22777,-0.283752,3.29948,0.962831,-0.219702,-0.0779547,-0.223531,-0.0766469,-0.565699,0.687464,-0.425146,-3.86291,0.419352,0.574575,-0.259976,1.8122,3.05558,-2.24984,0.859337
0.221927,1.06179,-1.83367,0.865935,0.677892,0.655806,-1.09294,-0.361444,-0.147491,-0.156899,-0.18653,0.294077,-1.16928,-1.48234,0.0165177,-3.16869,-0.116625,1.3054,-1.69371,-0.135237
0.765224,2.364,-1.88277,1.2711,0.576757,0.0249967,-1.76084,0.046077,0.16962,-2.20811,-0.584388,-1.1562,-2.82081,-0.165531,1.36639,-1.57895,-0.267293,1.50664,-3.89793,0.114164
-0.155849,0.633004,-0.0243539,4.43249,-0.203592,0.630258,-0.309265,0.452439,-0.28642,1.18378,1.52801,-0.272468,-1.85938,0.617876,2.00089,2.54852,0.950399,0.821469,-0.445515,-0.494365
0.48527,-0.372536,-0.510046,-0.750447,2.47876,0.45062,0.536487,-1.66006,-0.119706,0.00707345,-1.94171,0.0270568,-0.748557,0.763845,0.273442,-0.47492,0.362758,-0.273341,0.38386,3.57662
0.609039,0.863904,-0.307599,0.349788,1.73862,0.622442,-0.377952,-0.119414,0.545134,-0.109367,-0.395694,1.19629,-0.228456,0.0695313,0.155427,-1.79662,0.304156,1.6019,-0.852788,0.613906
0.136605,-0.308839,-1.63723,-0.347293,0.473551,0.616358,3.10674,-4.61021,-1.36534,0.202683,-1.56682,-0.15623,-0.243311,-0.385906,0.369641,0.128995,0.882583,0.759071,0.94558,2.44803
0.761702,1.87812,-1.35297,0.979717,1.39689,1.73479,-0.520089,-0.413043,0.0517254,-0.885114,-1.25728,0.386193,-0.557734,0.0120759,3.81047,-0.261423,-0.152864,0.969871,-0.889184,0.309193
0.536738,-0.443317,-3.75077,0.209052,0.195011,1.9933,1.64603,-1.72732,-0.994114,-0.887365,-0.923841,0.220963,0.738173,-0.312395,0.809422,-0.365273,0.0839813,-0.0842774,0.899122,1.4388
-1.34438,-0.406838,1.70913,1.04884,-0.357041,-1.00176,0.506172,2.56277,-1.11236,1.35792,1.96868,-0.909695,-1.32853,0.656957,-1.07403,0.867623,1.27421,-0.686568,0.186742,0.153442
-1.95331,-1.09448,1.98414,0.95418,-0.113458,-0.614131,0.975495,0.190726,-1.12889,4.55257,1.27983,-0.179528,0.680076,-0.346352,-1.21389,0.453298,0.355578,-1.33867,1.85692,0.134895
0.901177,1.08145,0.16735,1.49848,1.74185,-0.573093,-2.66032,0.758492,1.15623,-1.22736,-0.581707,-0.767887,-3.03061,1.04418,0.502229,-0.156743,-0.0621118,0.617932,-2.80023,1.45508