-0.813122,0.895194,0.199842,0.564116,-0.49171,-1.85435,-1.44084,1.22667,-0.385187,-0.326007,-0.265006,-3.38788,-3.2792,0.368243,0.308676,0.077452,-0.481079,-0.626375,-2.79361,0.500076
-0.619541,-1.17653,0.862853,1.26643,-0.295345,-0.476823,0.346577,0.910454,-0.0861897,1.95887,2.08743,0.928484,0.528419,0.0766529,-2.989,-0.130653,0.750664,0.104186,0.741575,-0.390039
0.238542,-0.198862,-0.234203,0.50506,0.0385498,-0.393912,-3.50482,-1.04669,0.339397,0.0456156,-0.69604,-0.724928,-2.0073,-1.70117,-0.156582,-0.830547,-1.15399,-2.01396,-1.07945,0.433684
0.407769,1.23286,-0.284003,3.29948,0.9655,-0.216717,-0.0789703,-0.224372,-0.0766552,-0.566655,0.685948,-0.424462,-3.86291,0.419512,0.579221,-0.260372,1.81221,3.05558,-2.25276,0.86012
0.22354,1.06251,-1.83366,0.865949,0.680188,0.657096,-1.09419,-0.36145,-0.145407,-0.159214,-0.186962,0.29476,-1.16765,-1.48236,0.0198017,-3.16871,-0.116741,1.30538,-1.69374,-0.134931
0.765471,2.36404,-1.88278,1.273,0.576651,0.0251431,-1.76085,0.0444855,0.169626,-2.2081,-0.586168,-1.15884,-2.82083,-0.166454,1.37428,-1.57885,-0.267287,1.50666,-3.89791,0.114559
-0.156588,0.636402,-0.0262877,4.43251,-0.203493,0.629778,-0.308877,0.456902,-0.288664,1.18378,1.52802,-0.275072,-1.86312,0.61944,2.0009,2.5485,0.951686,0.822522,-0.45239,-0.494361
0.486947,-0.373391,-0.510805,-0.751798,2.47877,0.450208,0.535366,-1.66208,-0.118786,0.00587935,-1.94171,0.027483,-0.750353,0.763612,0.272884,-0.476373,0.362751,-0.273906,0.383862,3.57662
0.60982,0.863568,-0.308555,0.350824,1.73863,0.623835,-0.378479,-0.121238,0.54655,-0.109383,-0.396274,1.19628,-0.22919,0.0684211,0.157453,-1.79663,0.303981,1.60193,-0.852767,0.613915
0.138322,-0.307249,-1.63723,-0.352097,0.476089,0.61669,3.10675,-4.61022,-1.36533,0.199605,-1.56683,-0.155727,-0.244866,-0.385784,0.373516,0.129782,0.882582,0.760221,0.945568,2.44802
0.765219,1.87814,-1.36267,0.98174,1.39691,1.73478,-0.520476,-0.418034,0.0530134,-0.888207,-1.25859,0.383291,-0.562382,0.0126301,3.81047,-0.264042,-0.153556,0.975866,-0.898015,0.311207
0.537362,-0.443285,-3.75076,0.2069,0.19681,1.99334,1.64602,-1.728,-0.994128,-0.887864,-0.923849,0.221819,0.737831,-0.312408,0.815306,-0.364067,0.0843842,-0.0842751,0.899141,1.4388
-1.34439,-0.40784,1.70912,1.05475,-0.358621,-1.0018,0.506179,2.56277,-1.11235,1.35971,1.96869,-0.911308,-1.32854,0.659151,-1.07862,0.870597,1.2742,-0.686578,0.186883,0.153442
-1.95332,-1.09448,1.98415,0.955591,-0.113467,-0.614143,0.975398,0.195184,-1.12888,4.55256,1.28063,-0.17953,0.678881,-0.343788,-1.21893,0.456017,0.356127,-1.33867,1.85694,0.133741
0.901168,1.08308,0.168461,1.4985,1.74187,-0.572447,-2.66033,0.759468,1.15621,-1.2277,-0.583946,-0.768897,-3.03062,1.04418,0.507673,-0.158664,-0.0615827,0.616792,-2.80022,1.45509