-0.813132,0.897557,0.201756,0.566753,-0.491585,-1.85431,-1.44364,1.22668,-0.387691,-0.324925,-0.265012,-3.3879,-3.27919,0.36822,0.312365,0.0774808,-0.481083,-0.630093,-2.79363,0.500073
-0.62135,-1.17614,0.86763,1.2664,-0.295329,-0.475865,0.346798,0.914986,-0.0862062,1.9589,2.08745,0.930126,0.528441,0.0750069,-2.98899,-0.130632,0.752558,0.102964,0.745552,-0.392012
0.238735,-0.19885,-0.235761,0.50505,0.0404241,-0.39502,-3.50482,-1.0467,0.339884,0.0437041,-0.698083,-0.727667,-2.00732,-1.70117,-0.156586,-0.833295,-1.15401,-2.01395,-1.07983,0.435696
0.409298,1.23767,-0.284228,3.29949,0.968061,-0.213834,-0.0799274,-0.22519,-0.0766634,-0.56755,0.68448,-0.423787,-3.86291,0.419669,0.583741,-0.260731,1.81221,3.05557,-2.2555,0.860895
0.225088,1.06314,-1.83366,0.865963,0.682379,0.658329,-1.0954,-0.361457,-0.143373,-0.161453,-0.1874,0.295389,-1.1661,-1.48237,0.0229681,-3.16873,-0.116884,1.30537,-1.69376,-0.134632
0.765725,2.36408,-1.88278,1.27482,0.576557,0.0253287,-1.76087,0.0429129,0.169632,-2.20808,-0.587848,-1.16133,-2.82086,-0.167326,1.38192,-1.57868,-0.267282,1.50668,-3.89789,0.114932
-0.157313,0.639665,-0.0281616,4.43253,-0.203421,0.629321,-0.308533,0.461204,-0.29082,1.18377,1.52803,-0.277583,-1.8667,0.620955,2.00092,2.54849,0.952891,0.82353,-0.458973,-0.494367
0.488546,-0.374234,-0.511516,-0.753113,2.47877,0.449787,0.53425,-1.66397,-0.117878,0.0047592,-1.9417,0.0278973,-0.752117,0.763393,0.272367,-0.477767,0.362745,-0.274442,0.383864,3.57662
0.610569,0.863215,-0.309471,0.351794,1.73863,0.625176,-0.378989,-0.122981,0.54792,-0.109399,-0.396843,1.19626,-0.229897,0.0673704,0.159388,-1.79664,0.303798,1.60196,-0.852747,0.613924
0.139974,-0.305707,-1.63724,-0.356785,0.478496,0.616984,3.10675,-4.61022,-1.36532,0.196606,-1.56684,-0.155225,-0.246362,-0.385651,0.377289,0.130537,0.882582,0.761325,0.945556,2.44801
0.768578,1.87817,-1.37205,0.983682,1.39693,1.73478,-0.520838,-0.422843,0.0542525,-0.89118,-1.25984,0.380488,-0.566867,0.0131918,3.81046,-0.266537,-0.154213,0.981628,-0.906522,0.313165
0.537941,-0.443253,-3.75075,0.204824,0.198551,1.99339,1.64601,-1.72859,-0.994142,-0.888342,-0.923856,0.222623,0.737493,-0.31242,0.821031,-0.362918,0.0847771,-0.0842727,0.89916,1.4388
-1.3444,-0.4088,1.70912,1.06042,-0.360142,-1.00184,0.506185,2.56277,-1.11234,1.36142,1.9687,-0.912828,-1.32855,0.661263,-1.08305,0.873474,1.27419,-0.686587,0.187047,0.153442
-1.95333,-1.09445,1.98416,0.956958,-0.113475,-0.614155,0.975271,0.199492,-1.12887,4.55256,1.28136,-0.179532,0.677715,-0.341281,-1.22374,0.458639,0.35663,-1.33867,1.85695,0.132644
0.901159,1.08464,0.169542,1.49851,1.7419,-0.571813,-2.66034,0.760373,1.15619,-1.22798,-0.586093,-0.769852,-3.03062,1.04419,0.512911,-0.160478,-0.0610901,0.615706,-2.80022,1.45509