-0.813141,0.899799,0.203581,0.569322,-0.49146,-1.85426,-1.44631,1.22669,-0.390076,-0.323847,-0.265017,-3.38792,-3.27919,0.368198,0.315946,0.0775086,-0.481086,-0.633616,-2.79364,0.500071
-0.623081,-1.17575,0.872288,1.26637,-0.295314,-0.47494,0.346931,0.919392,-0.0862215,1.95894,2.08747,0.93171,0.528462,0.073419,-2.98898,-0.130612,0.754336,0.101741,0.749375,-0.393941
0.238927,-0.198839,-0.237218,0.50504,0.0422354,-0.396075,-3.50482,-1.0467,0.340364,0.0418828,-0.700023,-0.730262,-2.00733,-1.70116,-0.156589,-0.835912,-1.15402,-2.01394,-1.08019,0.437637
0.410755,1.24224,-0.284429,3.2995,0.970519,-0.21105,-0.0808297,-0.225984,-0.0766715,-0.568389,0.683059,-0.42312,-3.86291,0.419822,0.588135,-0.261055,1.81222,3.05557,-2.25808,0.861663
0.226573,1.06367,-1.83366,0.865976,0.684469,0.659508,-1.09658,-0.361463,-0.141388,-0.163618,-0.187841,0.295966,-1.16464,-1.48237,0.0260209,-3.16875,-0.117049,1.30535,-1.69378,-0.134342
0.765985,2.36412,-1.88278,1.27658,0.576472,0.0255482,-1.76088,0.0413607,0.169639,-2.20807,-0.589435,-1.16369,-2.82089,-0.168152,1.38932,-1.57845,-0.267276,1.50669,-3.89787,0.115284
-0.158024,0.642799,-0.0299784,4.43255,-0.203375,0.628885,-0.308232,0.465352,-0.292892,1.18377,1.52805,-0.280005,-1.87014,0.622424,2.00093,2.54847,0.954021,0.824496,-0.465278,-0.494382
0.490072,-0.375065,-0.512182,-0.754393,2.47878,0.44936,0.533142,-1.66572,-0.116983,0.00370875,-1.9417,0.0282998,-0.753845,0.763188,0.271889,-0.479104,0.36274,-0.274949,0.383866,3.57663
0.611288,0.86285,-0.31035,0.352703,1.73863,0.626467,-0.379482,-0.124647,0.549246,-0.109414,-0.397401,1.19625,-0.230578,0.0663758,0.161236,-1.79665,0.303608,1.60199,-0.852728,0.613932
0.141564,-0.304214,-1.63724,-0.361361,0.480778,0.617242,3.10675,-4.61022,-1.36531,0.193685,-1.56686,-0.154726,-0.247799,-0.385511,0.380962,0.13126,0.882582,0.762384,0.945545,2.448
0.771787,1.87819,-1.3811,0.985547,1.39695,1.73477,-0.521176,-0.427476,0.0554449,-0.894037,-1.26102,0.37778,-0.571197,0.013759,3.81046,-0.268914,-0.154837,0.987166,-0.914718,0.315068
0.538476,-0.443222,-3.75075,0.202821,0.200237,1.99343,1.646,-1.7291,-0.994155,-0.8888,-0.923863,0.223378,0.737157,-0.312431,0.826602,-0.36182,0.0851595,-0.0842703,0.899179,1.4388
-1.34441,-0.40972,1.70911,1.06584,-0.361607,-1.00188,0.50619,2.56277,-1.11233,1.36304,1.9687,-0.914263,-1.32856,0.663298,-1.08731,0.876259,1.27418,-0.686597,0.18723,0.153442
-1.95333,-1.0944,1.98417,0.958282,-0.113483,-0.614166,0.975116,0.203656,-1.12886,4.55255,1.28204,-0.179534,0.676578,-0.338833,-1.22833,0.461166,0.357089,-1.33867,1.85696,0.131601
0.901151,1.08611,0.170593,1.49852,1.74192,-0.571193,-2.66034,0.761215,1.15617,-1.22819,-0.58815,-0.770754,-3.03063,1.0442,0.517951,-0.162193,-0.0606307,0.614673,-2.80021,1.4551