-0.813149,0.901927,0.20532,0.571826,-0.491336,-1.85422,-1.44887,1.22669,-0.392348,-0.322776,-0.265022,-3.38794,-3.27918,0.368176,0.319422,0.0775352,-0.48109,-0.636953,-2.79366,0.500068
-0.624739,-1.17537,0.876831,1.26634,-0.2953,-0.474047,0.346982,0.923676,-0.0862357,1.95896,2.08749,0.933238,0.528483,0.0718873,-2.98897,-0.130593,0.756004,0.100519,0.75305,-0.395826
0.239118,-0.198828,-0.23858,0.505031,0.0439852,-0.397081,-3.50482,-1.04671,0.340837,0.0401472,-0.701867,-0.732721,-2.00735,-1.70116,-0.156593,-0.838405,-1.15403,-2.01393,-1.08053,0.439511
0.412141,1.24657,-0.284608,3.29951,0.972877,-0.208362,-0.0816808,-0.226756,-0.0766795,-0.569173,0.681685,-0.422466,-3.86291,0.419974,0.592407,-0.261345,1.81223,3.05557,-2.26049,0.862423
0.227998,1.06413,-1.83366,0.865989,0.686465,0.660635,-1.09772,-0.361469,-0.139453,-0.165711,-0.188284,0.296495,-1.16324,-1.48238,0.0289643,-3.16876,-0.117235,1.30534,-1.6938,-0.134058
0.76625,2.36415,-1.88279,1.27827,0.576395,0.0257967,-1.76089,0.0398306,0.169646,-2.20805,-0.590934,-1.16591,-2.82091,-0.168934,1.3965,-1.57818,-0.267271,1.50671,-3.89785,0.115618
-0.158721,0.64581,-0.0317405,4.43256,-0.203352,0.62847,-0.307969,0.469352,-0.294884,1.18376,1.52806,-0.282341,-1.87344,0.623846,2.00094,2.54846,0.95508,0.825421,-0.471318,-0.494406
0.491528,-0.375882,-0.512805,-0.755638,2.47878,0.448927,0.532045,-1.66736,-0.116101,0.00272396,-1.9417,0.0286907,-0.755539,0.762996,0.271447,-0.480387,0.362735,-0.275429,0.383868,3.57663
0.611979,0.862474,-0.311192,0.353554,1.73864,0.62771,-0.37996,-0.126239,0.550527,-0.109428,-0.397947,1.19623,-0.231234,0.0654346,0.163001,-1.79666,0.303413,1.60201,-0.85271,0.61394
0.143095,-0.302768,-1.63724,-0.365825,0.482942,0.617468,3.10675,-4.61023,-1.3653,0.190839,-1.56687,-0.154229,-0.24918,-0.385365,0.384539,0.131953,0.882582,0.763401,0.945534,2.44799
0.774854,1.87821,-1.38986,0.987338,1.39697,1.73476,-0.521491,-0.431941,0.0565926,-0.896782,-1.26214,0.375166,-0.575376,0.0143298,3.81046,-0.271178,-0.155429,0.99249,-0.922613,0.316918
0.538972,-0.443193,-3.75074,0.200889,0.201869,1.99347,1.64599,-1.72953,-0.994168,-0.889238,-0.92387,0.224087,0.736823,-0.312442,0.832023,-0.360772,0.0855313,-0.0842679,0.899197,1.4388
-1.34441,-0.410603,1.70911,1.07103,-0.363018,-1.00191,0.506195,2.56277,-1.11233,1.3646,1.96871,-0.915616,-1.32857,0.665259,-1.09141,0.878953,1.27417,-0.686606,0.187431,0.153442
-1.95334,-1.09433,1.98418,0.959565,-0.11349,-0.614177,0.974936,0.207681,-1.12886,4.55255,1.28267,-0.179536,0.675468,-0.336445,-1.23272,0.463603,0.357507,-1.33868,1.85698,0.130609
0.901142,1.08752,0.171615,1.49853,1.74194,-0.570587,-2.66035,0.761996,1.15615,-1.22834,-0.590122,-0.771607,-3.03064,1.0442,0.522799,-0.163816,-0.0602018,0.613689,-2.80021,1.45511