-0.813158,0.903947,0.206979,0.574266,-0.491214,-1.85418,-1.45131,1.2267,-0.394512,-0.321714,-0.265026,-3.38796,-3.27918,0.368156,0.322796,0.0775607,-0.481094,-0.640115,-2.79368,0.500066
-0.626327,-1.17499,0.881259,1.26631,-0.295287,-0.473187,0.34696,0.927841,-0.0862489,1.95899,2.0875,0.93471,0.528502,0.0704097,-2.98896,-0.130575,0.757569,0.0993011,0.756584,-0.397668
0.239309,-0.198818,-0.239853,0.505022,0.0456749,-0.39804,-3.50483,-1.04671,0.341302,0.0384931,-0.703617,-0.735052,-2.00736,-1.70116,-0.156597,-0.840783,-1.15405,-2.01393,-1.08085,0.441318
0.413462,1.25068,-0.28477,3.29951,0.975141,-0.205767,-0.0824839,-0.227505,-0.0766874,-0.569907,0.680354,-0.421824,-3.86291,0.420125,0.596556,-0.261604,1.81223,3.05557,-2.26276,0.863174
0.229366,1.06451,-1.83366,0.866002,0.688369,0.661711,-1.09883,-0.361475,-0.137569,-0.167733,-0.188728,0.29698,-1.16192,-1.48239,0.031802,-3.16878,-0.117439,1.30532,-1.69382,-0.133783
0.766518,2.36419,-1.88279,1.27991,0.576327,0.0260701,-1.76091,0.0383239,0.169652,-2.20804,-0.592353,-1.16801,-2.82093,-0.169675,1.40345,-1.57786,-0.267266,1.50672,-3.89783,0.115933
-0.159405,0.648704,-0.0334504,4.43258,-0.203351,0.628073,-0.307742,0.473209,-0.296798,1.18376,1.52807,-0.284595,-1.87661,0.625223,2.00096,2.54845,0.956075,0.826307,-0.477107,-0.494437
0.492918,-0.376683,-0.513388,-0.756851,2.47879,0.448492,0.530961,-1.66888,-0.115233,0.001801,-1.9417,0.0290705,-0.757196,0.762817,0.271041,-0.481619,0.36273,-0.275883,0.38387,3.57663
0.612644,0.86209,-0.312001,0.354351,1.73864,0.628907,-0.380423,-0.127761,0.551766,-0.109442,-0.398482,1.19622,-0.231866,0.0645437,0.164686,-1.79667,0.303214,1.60204,-0.852692,0.613948
0.144568,-0.301369,-1.63725,-0.37018,0.484994,0.617664,3.10676,-4.61023,-1.3653,0.188067,-1.56688,-0.153738,-0.250508,-0.385214,0.388022,0.132616,0.882582,0.764377,0.945523,2.44798
0.777787,1.87823,-1.39832,0.989059,1.39698,1.73475,-0.521784,-0.436243,0.0576973,-0.89942,-1.2632,0.372643,-0.57941,0.0149026,3.81046,-0.273336,-0.155991,0.997607,-0.930218,0.318717
0.539431,-0.443164,-3.75073,0.199024,0.203448,1.9935,1.64598,-1.7299,-0.99418,-0.889659,-0.923877,0.224753,0.736492,-0.312452,0.837298,-0.359771,0.0858923,-0.0842655,0.899214,1.4388
-1.34442,-0.41145,1.7091,1.07601,-0.364377,-1.00195,0.5062,2.56277,-1.11232,1.36608,1.96872,-0.916893,-1.32858,0.667147,-1.09536,0.881559,1.27417,-0.686615,0.187646,0.153442
-1.95335,-1.09425,1.98419,0.960806,-0.113496,-0.614187,0.974734,0.211574,-1.12885,4.55254,1.28324,-0.179537,0.674387,-0.334117,-1.23692,0.465951,0.357889,-1.33868,1.85699,0.129666
0.901134,1.08885,0.172607,1.49854,1.74196,-0.569994,-2.66035,0.762723,1.15614,-1.22844,-0.592013,-0.772413,-3.03064,1.0442,0.527463,-0.165353,-0.0598008,0.612751,-2.8002,1.45512