-0.813166,0.905866,0.20856,0.576642,-0.491093,-1.85414,-1.45365,1.2267,-0.396572,-0.320662,-0.265031,-3.38797,-3.27917,0.368137,0.326068,0.0775852,-0.481097,-0.64311,-2.79369,0.500064
-0.627849,-1.17461,0.885575,1.26629,-0.295275,-0.472358,0.346872,0.931892,-0.0862611,1.95902,2.08752,0.936129,0.528522,0.0689847,-2.98896,-0.130557,0.759039,0.09809,0.759983,-0.399467
0.239499,-0.198808,-0.241044,0.505014,0.047306,-0.398955,-3.50483,-1.04672,0.34176,0.0369164,-0.705281,-0.737262,-2.00738,-1.70115,-0.1566,-0.843051,-1.15406,-2.01392,-1.08116,0.443061
0.41472,1.25458,-0.284915,3.29952,0.977313,-0.203263,-0.0832422,-0.228232,-0.0766951,-0.570592,0.679067,-0.421196,-3.86291,0.420276,0.600586,-0.261834,1.81224,3.05556,-2.2649,0.863916
0.23068,1.06484,-1.83366,0.866014,0.690188,0.662739,-1.0999,-0.36148,-0.135735,-0.169687,-0.189171,0.297423,-1.16067,-1.4824,0.034538,-3.1688,-0.117659,1.30531,-1.69384,-0.133514
0.76679,2.36422,-1.8828,1.28148,0.576266,0.0263643,-1.76092,0.0368416,0.169659,-2.20803,-0.593697,-1.16999,-2.82095,-0.170378,1.41019,-1.5775,-0.267261,1.50674,-3.89781,0.116232
-0.160074,0.651485,-0.0351102,4.43259,-0.20337,0.627693,-0.307548,0.476929,-0.298638,1.18376,1.52808,-0.286768,-1.87965,0.626555,2.00097,2.54844,0.957008,0.827155,-0.482657,-0.494475
0.494245,-0.37747,-0.513932,-0.758033,2.47879,0.448055,0.529892,-1.6703,-0.11438,0.000936268,-1.94169,0.0294394,-0.758816,0.762652,0.270667,-0.482802,0.362725,-0.276312,0.383871,3.57663
0.613282,0.8617,-0.312777,0.355097,1.73865,0.630058,-0.380874,-0.129215,0.552964,-0.109456,-0.399004,1.19621,-0.232474,0.0637005,0.166294,-1.79668,0.30301,1.60206,-0.852674,0.613955
0.145987,-0.300016,-1.63725,-0.374427,0.48694,0.617832,3.10676,-4.61023,-1.36529,0.185367,-1.5669,-0.153252,-0.251785,-0.385059,0.391413,0.13325,0.882582,0.765314,0.945512,2.44798
0.780592,1.87825,-1.4065,0.990712,1.397,1.73475,-0.522058,-0.44039,0.0587609,-0.901954,-1.26422,0.370209,-0.583303,0.015476,3.81045,-0.275393,-0.156524,1.00253,-0.937544,0.320467
0.539856,-0.443136,-3.75072,0.197225,0.204975,1.99354,1.64597,-1.7302,-0.994193,-0.890061,-0.923884,0.225377,0.736163,-0.312462,0.842429,-0.358814,0.0862426,-0.084263,0.899231,1.4388
-1.34443,-0.412264,1.7091,1.08078,-0.365685,-1.00198,0.506205,2.56277,-1.11231,1.3675,1.96872,-0.918097,-1.32858,0.668967,-1.09917,0.884081,1.27416,-0.686623,0.187874,0.153442
-1.95336,-1.09415,1.9842,0.962007,-0.113502,-0.614197,0.97451,0.21534,-1.12884,4.55254,1.28377,-0.179539,0.673332,-0.331848,-1.24093,0.468215,0.358235,-1.33868,1.857,0.12877
0.901125,1.09012,0.173571,1.49855,1.74198,-0.569416,-2.66036,0.763398,1.15612,-1.22849,-0.593826,-0.773175,-3.03065,1.04421,0.531949,-0.166808,-0.0594255,0.611857,-2.8002,1.45513