-0.809032,0.328737,0.0828052,0.307112,-0.323632,-1.87168,-0.663741,1.23068,-0.0287907,-0.0463156,-0.271543,-3.37516,-3.27651,0.377701,0.0735807,0.0727515,-0.486687,-0.137393,-2.79095,0.498538
-0.316016,-0.728278,0.140512,1.28638,-0.320748,-0.383525,-0.0549935,0.270751,-0.096282,1.94662,2.07151,0.63265,0.537119,0.219957,-2.99159,-0.143907,0.090653,0.0259828,-0.0312566,-0.286176
0.125206,-0.204594,0.0317373,0.505847,-0.162725,0.102351,-3.50111,-1.0461,0.20807,0.284534,-0.263022,0.0224036,-2.00603,-1.69802,-0.156603,-0.181209,-1.15404,-2.01802,-0.509308,0.205174
0.0774813,-0.0315613,-0.241756,3.29703,0.449804,-0.296341,-0.0761036,-0.060553,-0.0753575,-0.0606184,0.418816,0.0677603,-3.86017,0.207964,0.210132,0.0157779,1.81372,3.05224,-0.978368,0.519468
-0.0508432,0.284257,-1.83176,0.856575,0.349609,0.328227,-0.263608,-0.358459,-0.149406,-0.205608,-0.215647,0.0835659,-0.655415,-1.48877,-0.0250478,-3.16296,-0.219927,1.3239,-1.67003,-0.168081
0.46445,2.35324,-1.87548,0.385955,0.466015,0.230254,-1.74749,0.00481544,0.183837,-2.20429,0.129458,-0.493923,-2.81868,0.109743,0.428046,-0.797512,-0.26243,1.48853,-3.91413,-0.0666344
0.0794624,0.177341,0.338725,4.42222,-0.127867,0.497835,-0.125406,-0.0291435,0.0853782,1.18501,1.52881,-0.110321,-0.502943,0.467563,2.00142,2.55611,0.546612,0.17689,0.287647,-0.331695
0.260035,-0.448107,-0.182207,-0.390695,2.4625,0.147616,0.419146,-0.858667,-0.0815404,0.0641557,-1.93921,0.0955823,-0.701368,0.566238,0.249749,-0.30575,0.371559,-0.25544,0.38877,3.58106
0.359166,0.64112,-0.0145407,0.0417885,1.7676,0.371837,-0.351013,0.129949,0.437136,-0.106682,-0.300612,1.22089,-0.0389013,0.191942,-0.0154139,-1.7816,0.292319,1.58923,-0.869451,0.584327
-0.0451969,-0.0953718,-1.63692,0.0704622,0.103253,0.19548,3.10515,-4.60443,-1.37373,0.360246,-1.57222,-0.125957,0.082256,-0.21845,0.0155946,0.0702309,0.877702,0.28971,0.946105,2.44839
-0.0435178,1.89456,-0.370544,0.392049,1.37416,1.72286,-0.345014,0.090803,-0.134096,-0.295455,-0.646362,0.41888,-0.0071679,0.134709,3.80991,0.222871,-0.0212815,0.152949,-0.148985,0.0786542
0.0482531,-0.454091,-3.75776,0.071423,-0.0355669,1.98172,1.64927,-0.786848,-0.992206,-0.347101,-0.92045,-0.0521392,0.385927,-0.314911,0.139355,-0.259844,0.0927503,-0.0846898,0.891551,1.43122
-1.3468,-0.0768643,1.70603,0.234941,-0.187799,-0.996601,0.502816,2.56381,-1.1171,0.511203,1.96537,-0.40946,-1.32871,0.243079,-0.533841,0.31219,1.27307,-0.681558,0.128553,0.152161
-1.95564,-0.467114,1.98048,0.318329,-0.102843,-0.603638,0.396584,-0.319708,-1.11271,4.55623,0.641972,-0.184515,0.232713,-0.199802,-0.388915,0.159716,0.054816,-1.34048,1.84979,0.032227
0.889845,0.727081,0.132718,1.49503,1.75097,-0.397406,-2.66877,0.29539,1.16422,-0.647476,-0.212935,-0.374369,-3.02269,1.0272,-0.0568571,0.301762,-0.285891,0.707514,-2.79313,1.46326