-0.813173,0.90769,0.210067,0.578957,-0.490975,-1.8541,-1.45589,1.22671,-0.398535,-0.319622,-0.265035,-3.38799,-3.27917,0.368118,0.329243,0.0776087,-0.481101,-0.645947,-2.79371,0.500062
-0.629308,-1.17424,0.889781,1.26626,-0.295263,-0.47156,0.346723,0.935831,-0.0862725,1.95905,2.08754,0.937497,0.52854,0.0676102,-2.98895,-0.13054,0.760419,0.096888,0.763252,-0.401224
0.239688,-0.198798,-0.242158,0.505007,0.04888,-0.399828,-3.50483,-1.04672,0.342209,0.0354133,-0.706861,-0.739358,-2.00739,-1.70115,-0.156604,-0.845216,-1.15407,-2.01391,-1.08145,0.444742
0.415918,1.25828,-0.285046,3.29952,0.979399,-0.200847,-0.0839584,-0.228936,-0.0767027,-0.571232,0.677822,-0.420584,-3.86291,0.420426,0.604498,-0.262037,1.81225,3.05556,-2.2669,0.864648
0.231941,1.0651,-1.83366,0.866025,0.691926,0.663721,-1.10094,-0.361485,-0.133951,-0.171573,-0.189611,0.297828,-1.15948,-1.48241,0.0371759,-3.16881,-0.117893,1.30529,-1.69386,-0.133252
0.767064,2.36425,-1.8828,1.28299,0.576212,0.0266759,-1.76093,0.0353849,0.169666,-2.20802,-0.59497,-1.17187,-2.82097,-0.171045,1.41672,-1.57711,-0.267257,1.50675,-3.89779,0.116516
-0.16073,0.654158,-0.0367219,4.43261,-0.203407,0.62733,-0.307385,0.480517,-0.300407,1.18375,1.52809,-0.288865,-1.88258,0.627844,2.00098,2.54843,0.957885,0.827966,-0.487979,-0.494519
0.495513,-0.37824,-0.514441,-0.759184,2.47879,0.447619,0.528839,-1.67161,-0.113542,0.000126322,-1.94169,0.0297978,-0.760399,0.762499,0.270325,-0.483939,0.362721,-0.276717,0.383873,3.57663
0.613897,0.861306,-0.313521,0.355796,1.73865,0.631166,-0.381312,-0.130605,0.554121,-0.109469,-0.399515,1.19619,-0.23306,0.0629023,0.16783,-1.79669,0.302804,1.60208,-0.852658,0.613963
0.147353,-0.298707,-1.63725,-0.378568,0.488784,0.617976,3.10676,-4.61023,-1.36528,0.182736,-1.56691,-0.152774,-0.253012,-0.384902,0.394714,0.133857,0.882582,0.766213,0.945502,2.44797
0.783276,1.87826,-1.41441,0.992301,1.39701,1.73474,-0.522312,-0.444388,0.059785,-0.904389,-1.26518,0.367859,-0.587061,0.0160485,3.81045,-0.277353,-0.157029,1.00726,-0.9446,0.322168
0.540249,-0.443108,-3.75072,0.195488,0.206452,1.99358,1.64597,-1.73045,-0.994204,-0.890446,-0.92389,0.225963,0.735836,-0.312472,0.847422,-0.3579,0.0865824,-0.0842605,0.899247,1.4388
-1.34443,-0.413047,1.70909,1.08535,-0.366946,-1.00202,0.506209,2.56277,-1.1123,1.36886,1.96873,-0.919233,-1.32859,0.67072,-1.10283,0.88652,1.27415,-0.686631,0.188113,0.153442
-1.95336,-1.09404,1.98421,0.963169,-0.113507,-0.614207,0.974268,0.218982,-1.12883,4.55253,1.28426,-0.179541,0.672304,-0.329638,-1.24476,0.470396,0.358549,-1.33868,1.85701,0.127919
0.901117,1.09132,0.174506,1.49856,1.742,-0.568852,-2.66036,0.764027,1.15611,-1.22851,-0.595566,-0.773897,-3.03065,1.04421,0.536263,-0.168187,-0.0590738,0.611005,-2.80019,1.45514