-0.813181,0.909423,0.211503,0.581211,-0.490859,-1.85406,-1.45803,1.22672,-0.400404,-0.318595,-0.265039,-3.38801,-3.27917,0.368101,0.332321,0.0776312,-0.481105,-0.648634,-2.79372,0.50006
-0.630707,-1.17388,0.89388,1.26624,-0.295252,-0.470792,0.346521,0.939661,-0.086283,1.95907,2.08755,0.938814,0.528558,0.0662848,-2.98894,-0.130524,0.761716,0.095697,0.766397,-0.40294
0.239876,-0.198789,-0.2432,0.504999,0.0503984,-0.400661,-3.50483,-1.04673,0.34265,0.0339803,-0.708363,-0.741345,-2.0074,-1.70114,-0.156608,-0.847283,-1.15408,-2.01391,-1.08173,0.446361
0.417059,1.2618,-0.285165,3.29953,0.9814,-0.198515,-0.0846351,-0.229618,-0.0767102,-0.571828,0.676618,-0.419988,-3.86291,0.420576,0.608294,-0.262214,1.81225,3.05556,-2.26878,0.86537
0.233153,1.06531,-1.83366,0.866036,0.693586,0.664658,-1.10195,-0.36149,-0.132217,-0.173395,-0.190048,0.298197,-1.15836,-1.48242,0.0397193,-3.16882,-0.118138,1.30528,-1.69387,-0.132997
0.767339,2.36428,-1.8828,1.28445,0.576163,0.0270017,-1.76094,0.0339544,0.169673,-2.208,-0.596177,-1.17364,-2.82099,-0.171678,1.42304,-1.57668,-0.267252,1.50676,-3.89777,0.116785
-0.161372,0.656729,-0.0382875,4.43262,-0.203461,0.626983,-0.30725,0.483978,-0.302108,1.18375,1.5281,-0.290889,-1.88538,0.629091,2.001,2.54842,0.95871,0.828743,-0.493084,-0.494569
0.496724,-0.378993,-0.514917,-0.760306,2.4788,0.447184,0.527804,-1.67283,-0.11272,-0.000632075,-1.94169,0.0301459,-0.761944,0.762358,0.270013,-0.485031,0.362717,-0.2771,0.383875,3.57663
0.614488,0.860908,-0.314235,0.35645,1.73866,0.632231,-0.381738,-0.131933,0.55524,-0.109482,-0.400013,1.19618,-0.233624,0.0621468,0.169296,-1.7967,0.302596,1.60211,-0.852642,0.613969
0.148669,-0.297443,-1.63725,-0.382605,0.490532,0.618098,3.10676,-4.61024,-1.36528,0.180175,-1.56692,-0.152303,-0.254192,-0.384743,0.397929,0.134438,0.882582,0.767075,0.945492,2.44796
0.785844,1.87828,-1.42205,0.993828,1.39702,1.73474,-0.522549,-0.448242,0.0607712,-0.906728,-1.2661,0.365593,-0.590688,0.0166189,3.81045,-0.279221,-0.157508,1.01181,-0.951397,0.323824
0.540613,-0.443082,-3.75071,0.193811,0.207881,1.99361,1.64596,-1.73065,-0.994216,-0.890814,-0.923897,0.226513,0.73551,-0.312481,0.852279,-0.357024,0.0869116,-0.084258,0.899262,1.4388
-1.34444,-0.413801,1.70909,1.08974,-0.36816,-1.00205,0.506213,2.56277,-1.1123,1.37015,1.96874,-0.920305,-1.3286,0.672409,-1.10637,0.88888,1.27415,-0.68664,0.188361,0.153442
-1.95337,-1.09392,1.98422,0.964292,-0.113512,-0.614216,0.974009,0.222507,-1.12883,4.55253,1.2847,-0.179543,0.671301,-0.327487,-1.24843,0.4725,0.358834,-1.33868,1.85702,0.127109
0.901109,1.09247,0.175414,1.49857,1.74202,-0.568303,-2.66037,0.764612,1.15609,-1.22848,-0.597235,-0.774579,-3.03066,1.04422,0.540413,-0.169496,-0.0587438,0.610192,-2.80019,1.45515