-0.813188,0.911072,0.212872,0.583405,-0.490745,-1.85402,-1.46008,1.22672,-0.402185,-0.317582,-0.265043,-3.38802,-3.27916,0.368084,0.335305,0.0776529,-0.481108,-0.651179,-2.79374,0.500058
-0.63205,-1.17353,0.897872,1.26621,-0.295241,-0.470052,0.346271,0.943385,-0.0862928,1.95909,2.08757,0.940083,0.528576,0.0650066,-2.98893,-0.130508,0.762933,0.0945187,0.769424,-0.404615
0.240064,-0.19878,-0.244174,0.504993,0.0518627,-0.401456,-3.50483,-1.04673,0.343082,0.0326138,-0.70979,-0.743231,-2.00741,-1.70114,-0.156612,-0.849259,-1.15409,-2.0139,-1.082,0.447923
0.418146,1.26514,-0.285273,3.29953,0.983322,-0.196267,-0.0852748,-0.230279,-0.0767175,-0.572385,0.675453,-0.419408,-3.86291,0.420727,0.611976,-0.262368,1.81226,3.05556,-2.27055,0.86608
0.234317,1.06547,-1.83366,0.866047,0.695172,0.665552,-1.10293,-0.361494,-0.130533,-0.175153,-0.190481,0.298533,-1.15729,-1.48243,0.0421716,-3.16884,-0.118395,1.30527,-1.69389,-0.132749
0.767615,2.36431,-1.88281,1.28586,0.576119,0.027339,-1.76095,0.0325508,0.16968,-2.20799,-0.597322,-1.17532,-2.82101,-0.17228,1.42916,-1.57624,-0.267248,1.50677,-3.89776,0.117041
-0.162,0.6592,-0.0398087,4.43264,-0.203531,0.62665,-0.307141,0.487317,-0.303744,1.18375,1.52811,-0.292841,-1.88808,0.630296,2.00101,2.54841,0.959485,0.829485,-0.497982,-0.494624
0.497881,-0.379729,-0.51536,-0.761399,2.4788,0.446752,0.526787,-1.67397,-0.111914,-0.00134199,-1.94168,0.0304841,-0.76345,0.762228,0.269729,-0.486081,0.362713,-0.277461,0.383877,3.57663
0.615058,0.86051,-0.314921,0.357063,1.73866,0.633255,-0.382152,-0.133202,0.556321,-0.109494,-0.400499,1.19617,-0.234168,0.0614316,0.170695,-1.79671,0.302386,1.60213,-0.852626,0.613976
0.149936,-0.296221,-1.63725,-0.38654,0.49219,0.618198,3.10676,-4.61024,-1.36527,0.177679,-1.56693,-0.15184,-0.255326,-0.384583,0.401059,0.134992,0.882583,0.767903,0.945483,2.44795
0.788304,1.8783,-1.42944,0.995296,1.39704,1.73473,-0.522768,-0.451958,0.0617209,-0.908976,-1.26698,0.363407,-0.594189,0.0171862,3.81045,-0.281002,-0.157961,1.01618,-0.957945,0.325434
0.540949,-0.443056,-3.75071,0.192192,0.209263,1.99364,1.64595,-1.73081,-0.994226,-0.891166,-0.923903,0.227028,0.735187,-0.312489,0.857004,-0.356186,0.0872306,-0.0842556,0.899278,1.4388
-1.34445,-0.414526,1.70909,1.09395,-0.369329,-1.00208,0.506216,2.56277,-1.11229,1.37139,1.96874,-0.921316,-1.3286,0.674037,-1.10977,0.891162,1.27414,-0.686647,0.188617,0.153442
-1.95338,-1.0938,1.98423,0.965379,-0.113517,-0.614225,0.973735,0.225918,-1.12882,4.55252,1.28511,-0.179546,0.670324,-0.325394,-1.25193,0.474527,0.359091,-1.33868,1.85703,0.12634
0.9011,1.09356,0.176294,1.49858,1.74203,-0.567768,-2.66037,0.765157,1.15608,-1.22841,-0.598836,-0.775226,-3.03066,1.04422,0.544404,-0.170738,-0.0584339,0.609416,-2.80019,1.45515