-0.813195,0.91264,0.214177,0.585542,-0.490635,-1.85399,-1.46204,1.22673,-0.403882,-0.316584,-0.265046,-3.38803,-3.27916,0.368068,0.338197,0.0776737,-0.481112,-0.653589,-2.79375,0.500056
-0.633338,-1.17319,0.90176,1.26619,-0.295231,-0.469341,0.345977,0.947007,-0.0863019,1.95912,2.08758,0.941306,0.528593,0.0637741,-2.98893,-0.130493,0.764078,0.0933546,0.772337,-0.40625
0.24025,-0.198771,-0.245085,0.504986,0.0532745,-0.402216,-3.50484,-1.04674,0.343506,0.0313106,-0.711146,-0.74502,-2.00742,-1.70114,-0.156616,-0.851147,-1.1541,-2.01389,-1.08226,0.449427
0.419181,1.26831,-0.285372,3.29954,0.985167,-0.194098,-0.0858796,-0.230918,-0.0767246,-0.572903,0.674326,-0.418845,-3.86291,0.420878,0.615547,-0.2625,1.81226,3.05556,-2.27221,0.86678
0.235436,1.06559,-1.83366,0.866057,0.696688,0.666405,-1.10388,-0.361499,-0.128897,-0.176849,-0.19091,0.298839,-1.15628,-1.48243,0.0445363,-3.16885,-0.11866,1.30525,-1.69391,-0.132507
0.76789,2.36434,-1.88281,1.28722,0.57608,0.0276851,-1.76096,0.0311745,0.169687,-2.20798,-0.59841,-1.17692,-2.82103,-0.172852,1.43509,-1.57577,-0.267244,1.50678,-3.89774,0.117285
-0.162615,0.661577,-0.0412871,4.43265,-0.203614,0.626331,-0.307056,0.490539,-0.305318,1.18375,1.52812,-0.294726,-1.89067,0.631461,2.00102,2.5484,0.960214,0.830196,-0.502682,-0.494683
0.498988,-0.380447,-0.515774,-0.762465,2.4788,0.446323,0.525789,-1.67502,-0.111124,-0.00200632,-1.94168,0.0308127,-0.764919,0.762111,0.269471,-0.487091,0.362709,-0.277801,0.383878,3.57663
0.615606,0.860112,-0.315578,0.357637,1.73867,0.634239,-0.382556,-0.134414,0.557365,-0.109506,-0.400973,1.19616,-0.234691,0.0607545,0.172031,-1.79672,0.302175,1.60215,-0.852611,0.613982
0.151157,-0.29504,-1.63726,-0.390376,0.493761,0.618281,3.10676,-4.61024,-1.36526,0.175249,-1.56695,-0.151386,-0.256417,-0.384423,0.404106,0.135523,0.882583,0.768697,0.945474,2.44794
0.790659,1.87831,-1.43658,0.996706,1.39705,1.73473,-0.52297,-0.455542,0.0626356,-0.911135,-1.26781,0.361299,-0.597567,0.0177493,3.81045,-0.2827,-0.158391,1.02039,-0.964252,0.327
0.541259,-0.443031,-3.7507,0.190629,0.210598,1.99368,1.64594,-1.73092,-0.994237,-0.891502,-0.923909,0.22751,0.734866,-0.312498,0.8616,-0.355384,0.0875396,-0.0842531,0.899292,1.4388
-1.34445,-0.415226,1.70908,1.09799,-0.370456,-1.0021,0.50622,2.56277,-1.11229,1.37258,1.96875,-0.92227,-1.32861,0.675606,-1.11305,0.893369,1.27414,-0.686655,0.188878,0.153443
-1.95338,-1.09366,1.98424,0.966429,-0.113521,-0.614234,0.973448,0.22922,-1.12881,4.55252,1.28549,-0.179548,0.669372,-0.323359,-1.25528,0.47648,0.359322,-1.33869,1.85704,0.125608
0.901092,1.0946,0.177148,1.49859,1.74205,-0.567247,-2.66038,0.765665,1.15606,-1.22832,-0.600373,-0.775838,-3.03067,1.04423,0.548242,-0.171918,-0.0581426,0.608676,-2.80018,1.45516