-0.813201,0.914132,0.21542,0.587621,-0.490527,-1.85395,-1.46392,1.22673,-0.405499,-0.315601,-0.26505,-3.38805,-3.27915,0.368052,0.341,0.0776937,-0.481115,-0.655872,-2.79376,0.500054
-0.634575,-1.17286,0.905547,1.26617,-0.295222,-0.468658,0.345645,0.950529,-0.0863103,1.95914,2.08759,0.942483,0.528609,0.0625857,-2.98892,-0.130478,0.765153,0.0922062,0.775141,-0.407846
0.240435,-0.198763,-0.245937,0.50498,0.0546352,-0.402942,-3.50484,-1.04674,0.343921,0.0300676,-0.712435,-0.746718,-2.00743,-1.70113,-0.15662,-0.852952,-1.15411,-2.01389,-1.08251,0.450876
0.420167,1.27133,-0.285463,3.29954,0.986938,-0.192007,-0.0864518,-0.231536,-0.0767316,-0.573384,0.673237,-0.4183,-3.86291,0.421029,0.619009,-0.262612,1.81226,3.05555,-2.27377,0.867468
0.236511,1.06566,-1.83366,0.866067,0.698138,0.667219,-1.1048,-0.361503,-0.12731,-0.178486,-0.191333,0.299115,-1.15531,-1.48244,0.0468166,-3.16886,-0.118933,1.30524,-1.69392,-0.132271
0.768165,2.36437,-1.88281,1.28853,0.576045,0.028038,-1.76097,0.0298261,0.169694,-2.20797,-0.599443,-1.17843,-2.82104,-0.173396,1.44084,-1.57529,-0.26724,1.50679,-3.89773,0.117516
-0.163217,0.663863,-0.0427243,4.43266,-0.20371,0.626025,-0.306993,0.493648,-0.306831,1.18375,1.52813,-0.296545,-1.89316,0.632586,2.00103,2.54839,0.960901,0.830875,-0.507195,-0.494746
0.500045,-0.381148,-0.516159,-0.763505,2.47881,0.445898,0.524813,-1.676,-0.110351,-0.00262781,-1.94168,0.031132,-0.76635,0.762003,0.269238,-0.488063,0.362706,-0.278122,0.38388,3.57664
0.616134,0.859714,-0.316209,0.358173,1.73867,0.635186,-0.38295,-0.135572,0.558373,-0.109517,-0.401435,1.19615,-0.235195,0.0601134,0.173306,-1.79673,0.301963,1.60216,-0.852596,0.613988
0.152333,-0.2939,-1.63726,-0.394114,0.49525,0.618347,3.10677,-4.61024,-1.36526,0.172882,-1.56696,-0.150942,-0.257465,-0.384264,0.407073,0.13603,0.882584,0.769458,0.945465,2.44793
0.792916,1.87833,-1.44348,0.998062,1.39706,1.73472,-0.523158,-0.458998,0.0635167,-0.91321,-1.26861,0.359266,-0.600828,0.0183075,3.81044,-0.284319,-0.158799,1.02444,-0.970327,0.328523
0.541546,-0.443007,-3.7507,0.189121,0.211889,1.99371,1.64594,-1.731,-0.994247,-0.891824,-0.923915,0.227962,0.734546,-0.312506,0.866071,-0.354615,0.0878388,-0.0842507,0.899306,1.4388
-1.34446,-0.4159,1.70908,1.10186,-0.371542,-1.00213,0.506223,2.56277,-1.11228,1.37371,1.96875,-0.923171,-1.32861,0.677118,-1.11621,0.895504,1.27413,-0.686662,0.189145,0.153443
-1.95339,-1.09353,1.98424,0.967444,-0.113524,-0.614243,0.973148,0.232417,-1.1288,4.55251,1.28583,-0.17955,0.668445,-0.321382,-1.25849,0.478363,0.35953,-1.33869,1.85705,0.124913
0.901084,1.0956,0.177976,1.4986,1.74207,-0.566741,-2.66038,0.766138,1.15605,-1.2282,-0.601848,-0.776418,-3.03067,1.04423,0.551933,-0.173039,-0.0578684,0.607969,-2.80018,1.45517