-0.813208,0.915552,0.216605,0.589645,-0.490422,-1.85392,-1.46571,1.22674,-0.407039,-0.314636,-0.265053,-3.38806,-3.27915,0.368038,0.343716,0.0777129,-0.481118,-0.658035,-2.79377,0.500052
-0.635763,-1.17253,0.909233,1.26615,-0.295213,-0.468001,0.345278,0.953953,-0.0863181,1.95916,2.08761,0.943616,0.528625,0.0614398,-2.98891,-0.130464,0.766164,0.0910745,0.77784,-0.409402
0.240619,-0.198755,-0.246735,0.504975,0.0559465,-0.403635,-3.50484,-1.04674,0.344326,0.028882,-0.71366,-0.74833,-2.00744,-1.70113,-0.156624,-0.85468,-1.15412,-2.01388,-1.08275,0.452271
0.421106,1.27419,-0.285547,3.29955,0.988638,-0.18999,-0.0869932,-0.232134,-0.0767385,-0.573833,0.672183,-0.417773,-3.86291,0.421181,0.622364,-0.262705,1.81227,3.05555,-2.27523,0.868144
0.237544,1.06571,-1.83366,0.866076,0.699523,0.667995,-1.10569,-0.361507,-0.12577,-0.180064,-0.19175,0.299366,-1.1544,-1.48245,0.0490154,-3.16887,-0.119211,1.30523,-1.69393,-0.132041
0.768439,2.36439,-1.88282,1.28979,0.576014,0.0283956,-1.76098,0.0285056,0.169701,-2.20796,-0.600425,-1.17986,-2.82106,-0.173914,1.4464,-1.57479,-0.267236,1.5068,-3.89771,0.117737
-0.163805,0.666062,-0.0441218,4.43268,-0.203818,0.62573,-0.30695,0.496649,-0.308288,1.18374,1.52814,-0.298301,-1.89556,0.633674,2.00104,2.54838,0.961548,0.831525,-0.511527,-0.494813
0.501057,-0.381831,-0.516518,-0.764518,2.47881,0.445479,0.523857,-1.67691,-0.109594,-0.00320904,-1.94168,0.0314423,-0.767744,0.761907,0.269028,-0.488998,0.362703,-0.278425,0.383881,3.57664
0.616643,0.859319,-0.316814,0.358676,1.73868,0.636095,-0.383334,-0.136678,0.559348,-0.109528,-0.401885,1.19613,-0.235679,0.0595065,0.174523,-1.79674,0.301752,1.60218,-0.852582,0.613994
0.153465,-0.292799,-1.63726,-0.397756,0.496662,0.618397,3.10677,-4.61024,-1.36525,0.170577,-1.56697,-0.150508,-0.258474,-0.384106,0.409961,0.136514,0.882584,0.770189,0.945456,2.44792
0.795078,1.87834,-1.45016,0.999365,1.39707,1.73472,-0.523331,-0.462332,0.0643653,-0.915204,-1.26936,0.357306,-0.603974,0.0188598,3.81044,-0.285863,-0.159185,1.02833,-0.976179,0.330006
0.54181,-0.442984,-3.75069,0.187664,0.213136,1.99374,1.64593,-1.73104,-0.994257,-0.892131,-0.923921,0.228385,0.734228,-0.312513,0.87042,-0.353879,0.0881285,-0.0842483,0.89932,1.4388
-1.34446,-0.41655,1.70907,1.10559,-0.372588,-1.00216,0.506226,2.56277,-1.11228,1.3748,1.96876,-0.924021,-1.32862,0.678574,-1.11926,0.897569,1.27413,-0.68667,0.189415,0.153443
-1.95339,-1.09339,1.98425,0.968425,-0.113528,-0.614251,0.972838,0.235512,-1.1288,4.55251,1.28614,-0.179552,0.66754,-0.31946,-1.26156,0.480178,0.359716,-1.33869,1.85706,0.124252
0.901076,1.09654,0.178778,1.49861,1.74209,-0.56625,-2.66038,0.76658,1.15604,-1.22805,-0.603265,-0.776967,-3.03068,1.04423,0.555482,-0.174104,-0.0576102,0.607294,-2.80017,1.45517