-0.813214,0.916904,0.217734,0.591615,-0.49032,-1.85388,-1.46743,1.22674,-0.408508,-0.313687,-0.265056,-3.38808,-3.27915,0.368023,0.346346,0.0777313,-0.481121,-0.660083,-2.79378,0.50005
-0.636905,-1.17222,0.912822,1.26613,-0.295205,-0.46737,0.344882,0.957283,-0.0863253,1.95918,2.08762,0.944708,0.528641,0.0603351,-2.98891,-0.130451,0.767115,0.0899606,0.78044,-0.410921
0.240802,-0.198748,-0.247481,0.50497,0.0572098,-0.404297,-3.50484,-1.04675,0.344723,0.0277509,-0.714824,-0.74986,-2.00745,-1.70113,-0.156628,-0.856333,-1.15412,-2.01388,-1.08298,0.453615
0.422001,1.27692,-0.285624,3.29955,0.99027,-0.188047,-0.0875057,-0.232711,-0.0767452,-0.574249,0.671164,-0.417263,-3.86291,0.421334,0.625615,-0.262781,1.81227,3.05555,-2.27661,0.868808
0.238538,1.06572,-1.83366,0.866086,0.700849,0.668735,-1.10656,-0.361511,-0.124277,-0.181587,-0.19216,0.299591,-1.15353,-1.48245,0.0511359,-3.16888,-0.119495,1.30522,-1.69395,-0.131817
0.76871,2.36442,-1.88282,1.29101,0.575987,0.028756,-1.76099,0.0272134,0.169708,-2.20795,-0.601359,-1.18122,-2.82107,-0.174408,1.45178,-1.57427,-0.267232,1.50681,-3.8977,0.117948
-0.16438,0.668178,-0.0454808,4.43269,-0.203936,0.625447,-0.306925,0.499546,-0.309689,1.18374,1.52815,-0.299996,-1.89786,0.634724,2.00106,2.54837,0.962157,0.832146,-0.515688,-0.494883
0.502024,-0.382496,-0.516851,-0.765507,2.47881,0.445065,0.522922,-1.67775,-0.108854,-0.00375245,-1.94167,0.0317439,-0.769099,0.76182,0.26884,-0.489898,0.3627,-0.278709,0.383883,3.57664
0.617133,0.858927,-0.317395,0.359146,1.73868,0.636969,-0.383708,-0.137734,0.560289,-0.109539,-0.402323,1.19612,-0.236146,0.0589318,0.175685,-1.79674,0.301541,1.6022,-0.852568,0.613999
0.154557,-0.291736,-1.63726,-0.401304,0.498,0.618434,3.10677,-4.61024,-1.36525,0.168333,-1.56698,-0.150084,-0.259443,-0.383949,0.412773,0.136978,0.882585,0.770889,0.945447,2.44792
0.797151,1.87836,-1.45661,1.00062,1.39708,1.73471,-0.52349,-0.465549,0.0651827,-0.917119,-1.27009,0.355415,-0.60701,0.0194057,3.81044,-0.287336,-0.15955,1.03208,-0.981816,0.331448
0.542054,-0.442961,-3.75069,0.186257,0.214341,1.99377,1.64592,-1.73106,-0.994267,-0.892424,-0.923926,0.22878,0.733912,-0.312521,0.87465,-0.353172,0.088409,-0.0842459,0.899333,1.43879
-1.34447,-0.417177,1.70907,1.10917,-0.373596,-1.00218,0.506228,2.56277,-1.11227,1.37584,1.96876,-0.924823,-1.32862,0.679978,-1.1222,0.899565,1.27412,-0.686676,0.189688,0.153443
-1.9534,-1.09325,1.98426,0.969373,-0.113531,-0.614259,0.972518,0.23851,-1.12879,4.55251,1.28642,-0.179554,0.666659,-0.317594,-1.2645,0.481927,0.359881,-1.33869,1.85706,0.123623
0.901068,1.09744,0.179555,1.49862,1.7421,-0.565772,-2.66039,0.766993,1.15603,-1.22788,-0.604625,-0.777488,-3.03068,1.04424,0.558895,-0.175119,-0.0573667,0.60665,-2.80017,1.45518