-0.81322,0.918192,0.21881,0.593531,-0.490222,-1.85385,-1.46907,1.22675,-0.409908,-0.312755,-0.265059,-3.38809,-3.27914,0.36801,0.348894,0.077749,-0.481125,-0.662023,-2.79379,0.500049
-0.638002,-1.17192,0.916316,1.26611,-0.295197,-0.466764,0.344458,0.960521,-0.0863319,1.9592,2.08763,0.945759,0.528656,0.05927,-2.9889,-0.130438,0.768009,0.0888653,0.782943,-0.412402
0.240983,-0.19874,-0.24818,0.504965,0.0584265,-0.404931,-3.50485,-1.04675,0.34511,0.0266718,-0.715932,-0.751312,-2.00746,-1.70112,-0.156632,-0.857916,-1.15413,-2.01387,-1.08321,0.454909
0.422853,1.27952,-0.285697,3.29955,0.991838,-0.186174,-0.087991,-0.233268,-0.0767517,-0.574635,0.670179,-0.416771,-3.86292,0.421487,0.628765,-0.262841,1.81227,3.05555,-2.27791,0.86946
0.239493,1.06571,-1.83366,0.866094,0.702116,0.66944,-1.1074,-0.361514,-0.122829,-0.183055,-0.192564,0.299794,-1.15271,-1.48246,0.0531809,-3.16889,-0.119782,1.30521,-1.69396,-0.131599
0.76898,2.36444,-1.88282,1.29218,0.575962,0.0291178,-1.761,0.0259495,0.169715,-2.20794,-0.602248,-1.18251,-2.82108,-0.174878,1.457,-1.57375,-0.267228,1.50682,-3.89769,0.118149
-0.164941,0.670213,-0.0468028,4.4327,-0.204064,0.625175,-0.306918,0.502343,-0.311037,1.18374,1.52816,-0.301633,-1.90008,0.635738,2.00107,2.54837,0.962732,0.832739,-0.519685,-0.494957
0.50295,-0.383142,-0.517162,-0.766471,2.47881,0.444658,0.52201,-1.67853,-0.108131,-0.00426035,-1.94167,0.032037,-0.770418,0.761743,0.268673,-0.490764,0.362697,-0.278977,0.383884,3.57664
0.617605,0.858538,-0.317952,0.359586,1.73869,0.637808,-0.384074,-0.138743,0.561198,-0.109549,-0.40275,1.19611,-0.236595,0.0583877,0.176794,-1.79675,0.301331,1.60222,-0.852555,0.614004
0.155609,-0.290709,-1.63726,-0.404761,0.499268,0.618459,3.10677,-4.61025,-1.36524,0.166147,-1.56699,-0.14967,-0.260376,-0.383795,0.41551,0.13742,0.882586,0.771561,0.945439,2.44791
0.799138,1.87837,-1.46284,1.00182,1.39709,1.73471,-0.523636,-0.468652,0.0659701,-0.91896,-1.27078,0.353593,-0.609939,0.0199445,3.81044,-0.288741,-0.159896,1.03568,-0.987247,0.332851
0.542278,-0.442939,-3.75068,0.184899,0.215506,1.99379,1.64592,-1.73104,-0.994276,-0.892704,-0.923932,0.229149,0.733598,-0.312528,0.878764,-0.352494,0.0886805,-0.0842436,0.899346,1.43879
-1.34448,-0.417783,1.70907,1.11261,-0.374567,-1.0022,0.506231,2.56277,-1.11227,1.37683,1.96877,-0.92558,-1.32862,0.681332,-1.12503,0.901496,1.27412,-0.686683,0.189962,0.153443
-1.9534,-1.09312,1.98426,0.970289,-0.113533,-0.614266,0.972189,0.241413,-1.12878,4.5525,1.28668,-0.179556,0.665801,-0.315782,-1.26731,0.483612,0.360029,-1.33869,1.85707,0.123025
0.90106,1.0983,0.180309,1.49863,1.74212,-0.565309,-2.66039,0.767378,1.15602,-1.22769,-0.605932,-0.777981,-3.03069,1.04424,0.562178,-0.176084,-0.057137,0.606035,-2.80016,1.45519