-0.813225,0.919419,0.219834,0.595396,-0.490126,-1.85382,-1.47064,1.22675,-0.411244,-0.311842,-0.265061,-3.3881,-3.27914,0.367997,0.351361,0.077766,-0.481128,-0.663861,-2.7938,0.500047
-0.639056,-1.17163,0.919716,1.26609,-0.29519,-0.466182,0.344012,0.96367,-0.086338,1.95922,2.08764,0.94677,0.52867,0.0582431,-2.98889,-0.130425,0.76885,0.0877893,0.785354,-0.413847
0.241163,-0.198733,-0.248834,0.50496,0.0595982,-0.405536,-3.50485,-1.04676,0.345487,0.0256421,-0.716985,-0.752691,-2.00747,-1.70112,-0.156636,-0.859432,-1.15414,-2.01387,-1.08343,0.456154
0.423665,1.28199,-0.285766,3.29955,0.993343,-0.184368,-0.0884506,-0.233806,-0.0767581,-0.574993,0.669226,-0.416296,-3.86292,0.42164,0.631815,-0.262886,1.81228,3.05555,-2.27913,0.8701
0.240411,1.06566,-1.83366,0.866103,0.703329,0.670113,-1.10822,-0.361518,-0.121427,-0.18447,-0.19296,0.299976,-1.15193,-1.48246,0.0551532,-3.1689,-0.120072,1.3052,-1.69397,-0.131386
0.769247,2.36446,-1.88282,1.29331,0.575939,0.0294795,-1.76101,0.0247139,0.169722,-2.20793,-0.603095,-1.18374,-2.8211,-0.175327,1.46204,-1.57322,-0.267225,1.50683,-3.89768,0.118341
-0.16549,0.672171,-0.0480889,4.43271,-0.204199,0.624913,-0.306925,0.505043,-0.312334,1.18374,1.52816,-0.303214,-1.90221,0.636717,2.00108,2.54836,0.963274,0.833307,-0.523525,-0.495033
0.503837,-0.383772,-0.51745,-0.767412,2.47882,0.444258,0.521119,-1.67924,-0.107425,-0.00473493,-1.94167,0.032322,-0.7717,0.761675,0.268525,-0.491598,0.362695,-0.279229,0.383885,3.57664
0.618061,0.858154,-0.318486,0.359998,1.73869,0.638614,-0.38443,-0.139707,0.562076,-0.109559,-0.403165,1.1961,-0.237028,0.0578724,0.177853,-1.79676,0.301123,1.60223,-0.852542,0.614009
0.156623,-0.289717,-1.63726,-0.408127,0.500471,0.618473,3.10677,-4.61025,-1.36523,0.164019,-1.567,-0.149267,-0.261273,-0.383643,0.418175,0.137843,0.882586,0.772205,0.945431,2.4479
0.801044,1.87838,-1.46888,1.00298,1.3971,1.7347,-0.523769,-0.471648,0.0667286,-0.920728,-1.27144,0.351836,-0.612766,0.0204757,3.81044,-0.290081,-0.160224,1.03915,-0.992479,0.334216
0.542485,-0.442917,-3.75068,0.183587,0.21663,1.99382,1.64591,-1.731,-0.994285,-0.892971,-0.923937,0.229494,0.733286,-0.312535,0.882765,-0.351843,0.0889435,-0.0842412,0.899358,1.43879
-1.34448,-0.418368,1.70907,1.11591,-0.375503,-1.00223,0.506233,2.56277,-1.11227,1.37779,1.96877,-0.926295,-1.32863,0.682636,-1.12777,0.903363,1.27411,-0.68669,0.190238,0.153444
-1.95341,-1.09298,1.98427,0.971174,-0.113536,-0.614274,0.971854,0.244225,-1.12877,4.5525,1.28691,-0.179558,0.664965,-0.314023,-1.27001,0.485236,0.360158,-1.33869,1.85708,0.122456
0.901053,1.09913,0.181038,1.49864,1.74213,-0.56486,-2.6604,0.767739,1.15601,-1.22748,-0.607187,-0.778449,-3.03069,1.04424,0.565334,-0.177003,-0.0569201,0.605447,-2.80016,1.45519