-0.813231,0.920589,0.22081,0.597209,-0.490034,-1.85379,-1.47214,1.22675,-0.412517,-0.310946,-0.265064,-3.38811,-3.27914,0.367985,0.353749,0.0777823,-0.481131,-0.665601,-2.79381,0.500046
-0.640071,-1.17134,0.923024,1.26607,-0.295183,-0.465623,0.343545,0.966731,-0.0863437,1.95923,2.08765,0.947744,0.528684,0.0572532,-2.98889,-0.130413,0.769641,0.0867333,0.787676,-0.415255
0.24134,-0.198726,-0.249447,0.504956,0.0607263,-0.406115,-3.50485,-1.04676,0.345855,0.0246595,-0.717986,-0.754001,-2.00748,-1.70112,-0.15664,-0.860884,-1.15415,-2.01386,-1.08365,0.457352
0.424439,1.28434,-0.285832,3.29956,0.994788,-0.182629,-0.0888861,-0.234324,-0.0767644,-0.575324,0.668305,-0.415839,-3.86292,0.421794,0.634768,-0.262919,1.81228,3.05555,-2.28028,0.870727
0.241295,1.0656,-1.83366,0.866111,0.704489,0.670753,-1.10901,-0.361521,-0.120067,-0.185834,-0.19335,0.300138,-1.15118,-1.48247,0.0570554,-3.16891,-0.120364,1.30519,-1.69398,-0.131179
0.769511,2.36449,-1.88283,1.29441,0.575919,0.02984,-1.76101,0.0235066,0.169729,-2.20792,-0.603901,-1.1849,-2.82111,-0.175755,1.46693,-1.57269,-0.267221,1.50684,-3.89767,0.118524
-0.166026,0.674055,-0.0493402,4.43272,-0.204343,0.624661,-0.306947,0.507651,-0.313583,1.18374,1.52817,-0.304741,-1.90426,0.637663,2.00109,2.54835,0.963785,0.833849,-0.527216,-0.495111
0.504685,-0.384383,-0.517717,-0.76833,2.47882,0.443865,0.520251,-1.67991,-0.106736,-0.00517822,-1.94167,0.032599,-0.772945,0.761615,0.268396,-0.492402,0.362692,-0.279465,0.383887,3.57664
0.6185,0.857774,-0.318997,0.360383,1.73869,0.639388,-0.384779,-0.140627,0.562925,-0.109568,-0.403568,1.19609,-0.237444,0.0573844,0.178864,-1.79676,0.300916,1.60225,-0.85253,0.614014
0.1576,-0.28876,-1.63726,-0.411406,0.50161,0.618477,3.10677,-4.61025,-1.36523,0.161947,-1.56701,-0.148875,-0.262136,-0.383494,0.420769,0.138247,0.882587,0.772823,0.945424,2.44789
0.802872,1.8784,-1.47471,1.00409,1.39711,1.7347,-0.523891,-0.474538,0.0674593,-0.922428,-1.27207,0.350141,-0.615493,0.0209988,3.81043,-0.291361,-0.160535,1.04249,-0.997519,0.335544
0.542675,-0.442897,-3.75067,0.182321,0.217717,1.99385,1.6459,-1.73095,-0.994293,-0.893226,-0.923942,0.229816,0.732976,-0.312541,0.886656,-0.351217,0.0891981,-0.0842389,0.89937,1.43879
-1.34449,-0.418933,1.70906,1.11909,-0.376404,-1.00225,0.506236,2.56277,-1.11226,1.3787,1.96877,-0.92697,-1.32863,0.683893,-1.1304,0.905168,1.27411,-0.686696,0.190513,0.153444
-1.95341,-1.09284,1.98428,0.972029,-0.113538,-0.614281,0.971512,0.24695,-1.12877,4.5525,1.28712,-0.17956,0.66415,-0.312317,-1.27259,0.4868,0.360273,-1.33869,1.85709,0.121915
0.901045,1.09991,0.181745,1.49864,1.74215,-0.564425,-2.6604,0.768077,1.156,-1.22725,-0.608393,-0.778893,-3.0307,1.04425,0.56837,-0.17788,-0.0567151,0.604886,-2.80016,1.4552