-0.805822,0.358737,0.0685505,0.346585,-0.36503,-1.86629,-0.730332,1.23144,-0.0692154,-0.0964475,-0.274038,-3.37961,-3.276,0.376395,0.0781634,0.0705244,-0.481041,-0.160156,-2.79052,0.500417
-0.321759,-0.754631,0.185936,1.28443,-0.317735,-0.450952,-0.0543434,0.316919,-0.0907421,1.94733,2.07518,0.69633,0.533639,0.237901,-2.99326,-0.143903,0.129096,0.0139971,-0.00260493,-0.265193
0.143306,-0.200408,0.0217655,0.507655,-0.163574,0.0465783,-3.50088,-1.04533,0.206981,0.299777,-0.293057,-0.00172091,-2.00507,-1.69886,-0.158318,-0.207669,-1.15003,-2.01992,-0.56706,0.211874
0.102661,0.0332713,-0.257203,3.29703,0.463727,-0.320856,-0.0735423,-0.0630276,-0.0740899,-0.0770969,0.463552,0.0413546,-3.86176,0.238565,0.235962,0.00695971,1.81206,3.05233,-1.09305,0.564883
-0.0499906,0.34352,-1.83384,0.854517,0.381059,0.366265,-0.321911,-0.35992,-0.14709,-0.224169,-0.224002,0.0717387,-0.717134,-1.48877,-0.071912,-3.16118,-0.211557,1.32682,-1.67084,-0.169835
0.539644,2.34862,-1.87917,0.426627,0.49419,0.279332,-1.74799,-0.00435347,0.181491,-2.20496,0.124537,-0.552589,-2.81912,0.131302,0.477842,-0.886204,-0.265724,1.49045,-3.91632,-0.0777492
0.0651363,0.165637,0.348219,4.42268,-0.12972,0.555251,-0.130716,-0.0317826,0.0917741,1.18617,1.52727,-0.132105,-0.630872,0.483061,2.00299,2.55596,0.568697,0.213943,0.297123,-0.378282
0.291019,-0.469154,-0.192433,-0.421203,2.4696,0.213853,0.45155,-0.938949,-0.0715229,0.0697169,-1.93362,0.0731574,-0.728942,0.6281,0.273625,-0.34744,0.365236,-0.289157,0.386946,3.57864
0.375715,0.639962,-0.0387938,0.069534,1.7541,0.381969,-0.34503,0.130343,0.43742,-0.10388,-0.319284,1.21654,-0.0535148,0.208108,-0.00325285,-1.78566,0.281806,1.5831,-0.870536,0.591459
-0.0509647,-0.109742,-1.63581,0.07706,0.117219,0.210422,3.10457,-4.60431,-1.37278,0.355888,-1.5733,-0.124605,0.0887879,-0.253416,0.0200411,0.0835711,0.880312,0.333937,0.947031,2.44923
-0.00104066,1.89478,-0.414175,0.460153,1.37741,1.72963,-0.387439,0.0968961,-0.175301,-0.336792,-0.73314,0.480487,0.0145929,0.118641,3.8071,0.214346,-0.038594,0.189977,-0.173649,0.116502
0.0917524,-0.449844,-3.75663,0.0893889,-0.0213276,1.98237,1.64786,-0.871244,-0.992436,-0.391627,-0.924617,-0.0384908,0.428146,-0.313549,0.168702,-0.269952,0.0931495,-0.0863832,0.891366,1.43282
-1.34685,-0.0852605,1.7056,0.271166,-0.169895,-0.997712,0.502429,2.56422,-1.118,0.581373,1.96499,-0.465104,-1.32785,0.256196,-0.560483,0.361663,1.27364,-0.681786,0.146422,0.152459
-1.95743,-0.533989,1.97879,0.34004,-0.102399,-0.60874,0.450476,-0.305235,-1.11676,4.55507,0.721829,-0.180703,0.259721,-0.227212,-0.426721,0.179667,0.0771006,-1.33994,1.8493,0.0482266
0.890856,0.781178,0.12509,1.49646,1.75163,-0.441649,-2.67056,0.343342,1.15878,-0.70862,-0.248099,-0.426566,-3.02249,1.02999,-0.0657532,0.32902,-0.292948,0.750674,-2.79155,1.46247