-0.813236,0.921703,0.22174,0.598973,-0.489946,-1.85377,-1.47358,1.22676,-0.413732,-0.310068,-0.265066,-3.38812,-3.27914,0.367973,0.356061,0.077798,-0.481134,-0.66725,-2.79382,0.500044
-0.641046,-1.17107,0.926243,1.26605,-0.295176,-0.465087,0.343061,0.969708,-0.0863489,1.95925,2.08766,0.948682,0.528698,0.0562989,-2.98888,-0.130402,0.770386,0.0856977,0.789913,-0.416628
0.241516,-0.19872,-0.250021,0.504952,0.0618121,-0.406669,-3.50485,-1.04676,0.346213,0.0237218,-0.718938,-0.755246,-2.00748,-1.70111,-0.156644,-0.862276,-1.15415,-2.01386,-1.08386,0.458506
0.425176,1.28658,-0.285894,3.29956,0.996175,-0.180953,-0.0892989,-0.234823,-0.0767705,-0.575631,0.667414,-0.415399,-3.86292,0.421947,0.637627,-0.262939,1.81228,3.05554,-2.28136,0.871341
0.242144,1.06552,-1.83366,0.866119,0.705599,0.671364,-1.10978,-0.361524,-0.118751,-0.187148,-0.193731,0.300281,-1.15048,-1.48248,0.05889,-3.16892,-0.120657,1.30518,-1.69399,-0.130978
0.769771,2.36451,-1.88283,1.29546,0.575901,0.0301981,-1.76102,0.0223274,0.169736,-2.20791,-0.604669,-1.18601,-2.82112,-0.176164,1.47166,-1.57215,-0.267218,1.50685,-3.89765,0.118699
-0.16655,0.675867,-0.0505578,4.43273,-0.204493,0.624417,-0.306981,0.510169,-0.314786,1.18374,1.52818,-0.306216,-1.90623,0.638575,2.0011,2.54834,0.964268,0.834367,-0.530763,-0.495191
0.505497,-0.384976,-0.517965,-0.769225,2.47882,0.443479,0.519405,-1.68052,-0.106063,-0.00559218,-1.94166,0.0328684,-0.774154,0.761564,0.268283,-0.493176,0.36269,-0.279687,0.383888,3.57664
0.618924,0.8574,-0.319488,0.360743,1.7387,0.640132,-0.385119,-0.141505,0.563744,-0.109577,-0.403961,1.19608,-0.237845,0.0569224,0.17983,-1.79677,0.300711,1.60226,-0.852518,0.614018
0.158542,-0.287835,-1.63726,-0.414599,0.50269,0.618473,3.10677,-4.61025,-1.36522,0.159929,-1.56702,-0.148494,-0.262966,-0.383348,0.423293,0.138634,0.882588,0.773415,0.945416,2.44789
0.804627,1.87841,-1.48034,1.00516,1.39711,1.7347,-0.524002,-0.477329,0.0681632,-0.924062,-1.27268,0.348508,-0.618125,0.0215135,3.81043,-0.292582,-0.160829,1.0457,-1.00237,0.336836
0.542849,-0.442876,-3.75067,0.181098,0.218766,1.99387,1.6459,-1.73087,-0.994302,-0.893469,-0.923947,0.230115,0.732668,-0.312547,0.89044,-0.350617,0.0894446,-0.0842367,0.899382,1.43879
-1.34449,-0.419479,1.70906,1.12215,-0.377273,-1.00227,0.506238,2.56277,-1.11226,1.37958,1.96878,-0.927607,-1.32863,0.685105,-1.13295,0.906913,1.27411,-0.686702,0.190788,0.153444
-1.95342,-1.0927,1.98428,0.972855,-0.11354,-0.614288,0.971165,0.24959,-1.12876,4.5525,1.28731,-0.179562,0.663357,-0.310662,-1.27506,0.488308,0.360372,-1.3387,1.8571,0.121399
0.901038,1.10066,0.182429,1.49865,1.74216,-0.564003,-2.66041,0.768393,1.15599,-1.22701,-0.609553,-0.779314,-3.0307,1.04425,0.571289,-0.178715,-0.0565213,0.604349,-2.80015,1.45521