-0.813241,0.922766,0.222625,0.600689,-0.48986,-1.85374,-1.47496,1.22676,-0.414891,-0.309209,-0.265069,-3.38813,-3.27913,0.367961,0.358299,0.0778131,-0.481137,-0.668812,-2.79383,0.500042
-0.641985,-1.17081,0.929374,1.26603,-0.29517,-0.464573,0.342563,0.972602,-0.0863537,1.95927,2.08767,0.949585,0.528711,0.055379,-2.98888,-0.13039,0.771088,0.0846829,0.792069,-0.417967
0.24169,-0.198713,-0.250559,0.504948,0.062857,-0.407198,-3.50485,-1.04677,0.346562,0.0228267,-0.719843,-0.756428,-2.00749,-1.70111,-0.156648,-0.863611,-1.15416,-2.01386,-1.08406,0.459615
0.425879,1.28871,-0.285954,3.29956,0.997508,-0.179339,-0.0896903,-0.235305,-0.0767764,-0.575914,0.666554,-0.414976,-3.86292,0.422101,0.640394,-0.262947,1.81229,3.05554,-2.28238,0.871942
0.242961,1.06541,-1.83366,0.866127,0.706662,0.671945,-1.11052,-0.361527,-0.117477,-0.188414,-0.194105,0.300409,-1.14981,-1.48248,0.0606597,-3.16893,-0.120951,1.30517,-1.694,-0.130781
0.770028,2.36453,-1.88283,1.29648,0.575885,0.0305529,-1.76103,0.0211761,0.169743,-2.2079,-0.605402,-1.18707,-2.82113,-0.176555,1.47623,-1.57161,-0.267214,1.50685,-3.89764,0.118867
-0.167061,0.677612,-0.0517429,4.43274,-0.204649,0.624182,-0.307026,0.512602,-0.315943,1.18373,1.52819,-0.307641,-1.90813,0.639456,2.00111,2.54834,0.964724,0.834861,-0.534173,-0.495274
0.506275,-0.385552,-0.518195,-0.770099,2.47882,0.443102,0.518581,-1.68108,-0.105407,-0.00597861,-1.94166,0.0331304,-0.775328,0.76152,0.268186,-0.493922,0.362688,-0.279895,0.383889,3.57664
0.619332,0.857032,-0.319958,0.361079,1.7387,0.640845,-0.385451,-0.142343,0.564535,-0.109586,-0.404342,1.19607,-0.23823,0.0564847,0.180752,-1.79678,0.300508,1.60227,-0.852507,0.614023
0.15945,-0.286942,-1.63727,-0.417708,0.503714,0.61846,3.10678,-4.61025,-1.36522,0.157965,-1.56703,-0.148123,-0.263765,-0.383205,0.425751,0.139003,0.882589,0.773982,0.945409,2.44788
0.806311,1.87842,-1.48579,1.00619,1.39712,1.73469,-0.524102,-0.480022,0.0688412,-0.925632,-1.27326,0.346933,-0.620663,0.0220194,3.81043,-0.293747,-0.161108,1.04879,-1.00705,0.338093
0.543009,-0.442857,-3.75066,0.179917,0.219779,1.9939,1.64589,-1.73077,-0.99431,-0.893701,-0.923952,0.230393,0.732362,-0.312553,0.89412,-0.350039,0.0896834,-0.0842345,0.899393,1.43879
-1.34449,-0.420007,1.70906,1.12509,-0.37811,-1.00229,0.506239,2.56277,-1.11226,1.38042,1.96878,-0.928209,-1.32864,0.686273,-1.1354,0.908601,1.2741,-0.686708,0.191062,0.153445
-1.95342,-1.09257,1.98429,0.973653,-0.113542,-0.614294,0.970814,0.252149,-1.12875,4.55249,1.28748,-0.179564,0.662584,-0.309057,-1.27743,0.48976,0.360458,-1.3387,1.8571,0.120909
0.901031,1.10137,0.183091,1.49866,1.74218,-0.563594,-2.66041,0.76869,1.15598,-1.22676,-0.610667,-0.779714,-3.0307,1.04425,0.574097,-0.179512,-0.0563378,0.603836,-2.80015,1.45521