-0.813246,0.92378,0.223468,0.602357,-0.489778,-1.85371,-1.47628,1.22677,-0.415998,-0.308368,-0.265071,-3.38815,-3.27913,0.367951,0.360465,0.0778277,-0.481139,-0.670292,-2.79384,0.500041
-0.642889,-1.17055,0.93242,1.26602,-0.295165,-0.46408,0.342052,0.975416,-0.0863581,1.95928,2.08768,0.950455,0.528723,0.0544922,-2.98887,-0.13038,0.771748,0.0836892,0.794146,-0.419272
0.241862,-0.198707,-0.251063,0.504945,0.0638624,-0.407705,-3.50485,-1.04677,0.346901,0.0219724,-0.720704,-0.757551,-2.0075,-1.70111,-0.156651,-0.864891,-1.15417,-2.01385,-1.08426,0.460682
0.426548,1.29074,-0.286013,3.29956,0.998787,-0.177783,-0.0900615,-0.235768,-0.0767822,-0.576175,0.665721,-0.414569,-3.86292,0.422255,0.643072,-0.262946,1.81229,3.05554,-2.28334,0.87253
0.243747,1.0653,-1.83366,0.866134,0.707679,0.672499,-1.11124,-0.36153,-0.116243,-0.189634,-0.194472,0.30052,-1.14917,-1.48249,0.0623666,-3.16894,-0.121244,1.30516,-1.69401,-0.13059
0.770282,2.36455,-1.88283,1.29746,0.57587,0.0309037,-1.76103,0.0200526,0.169749,-2.2079,-0.6061,-1.18807,-2.82114,-0.176928,1.48066,-1.57107,-0.267211,1.50686,-3.89763,0.119027
-0.167559,0.67929,-0.0528963,4.43275,-0.20481,0.623956,-0.307082,0.514952,-0.317058,1.18373,1.52819,-0.309018,-1.90996,0.640305,2.00111,2.54833,0.965155,0.835334,-0.537451,-0.495358
0.507021,-0.386111,-0.518407,-0.770951,2.47882,0.442732,0.517779,-1.6816,-0.104767,-0.00633926,-1.94166,0.0333852,-0.776468,0.761484,0.268104,-0.494641,0.362686,-0.280091,0.38389,3.57664
0.619726,0.85667,-0.320409,0.361394,1.73871,0.64153,-0.385775,-0.143143,0.565299,-0.109595,-0.404713,1.19607,-0.238601,0.0560703,0.181632,-1.79678,0.300308,1.60229,-0.852496,0.614027
0.160326,-0.28608,-1.63727,-0.420736,0.504684,0.618441,3.10678,-4.61025,-1.36521,0.156052,-1.56704,-0.147764,-0.264534,-0.383065,0.428143,0.139356,0.88259,0.774526,0.945402,2.44787
0.807928,1.87843,-1.49107,1.00717,1.39713,1.73469,-0.524192,-0.482623,0.0694944,-0.927141,-1.27381,0.345415,-0.623113,0.0225163,3.81043,-0.29486,-0.161372,1.05176,-1.01156,0.339316
0.543155,-0.442838,-3.75066,0.178776,0.220757,1.99392,1.64589,-1.73066,-0.994318,-0.893922,-0.923957,0.230652,0.732058,-0.312559,0.897698,-0.349483,0.0899146,-0.0842323,0.899404,1.43879
-1.3445,-0.420518,1.70906,1.12792,-0.378916,-1.00231,0.506241,2.56277,-1.11225,1.38123,1.96878,-0.928778,-1.32864,0.687399,-1.13777,0.910233,1.2741,-0.686714,0.191334,0.153445
-1.95343,-1.09244,1.98429,0.974424,-0.113544,-0.614301,0.970459,0.254628,-1.12875,4.55249,1.28764,-0.179566,0.661831,-0.307501,-1.27971,0.491159,0.360532,-1.3387,1.85711,0.120442
0.901024,1.10205,0.183732,1.49866,1.74219,-0.563198,-2.66041,0.768969,1.15597,-1.2265,-0.611739,-0.780093,-3.03071,1.04425,0.576797,-0.180273,-0.056164,0.603346,-2.80014,1.45522