-0.813251,0.924747,0.224271,0.60398,-0.4897,-1.85369,-1.47753,1.22677,-0.417054,-0.307545,-0.265073,-3.38816,-3.27913,0.36794,0.36256,0.0778416,-0.481142,-0.671693,-2.79384,0.50004
-0.643759,-1.17031,0.935382,1.266,-0.295159,-0.463607,0.341531,0.978152,-0.0863621,1.9593,2.08769,0.951292,0.528735,0.0536373,-2.98886,-0.130369,0.772371,0.0827169,0.796147,-0.420543
0.242032,-0.198701,-0.251535,0.504941,0.0648296,-0.40819,-3.50486,-1.04677,0.34723,0.0211569,-0.721524,-0.758618,-2.00751,-1.70111,-0.156655,-0.866118,-1.15417,-2.01385,-1.08446,0.461709
0.427186,1.29268,-0.28607,3.29957,1.00002,-0.176286,-0.0904137,-0.236214,-0.0767879,-0.576416,0.664917,-0.414179,-3.86292,0.422408,0.645663,-0.262935,1.81229,3.05554,-2.28425,0.873106
0.244503,1.06516,-1.83366,0.866141,0.708653,0.673026,-1.11194,-0.361532,-0.115049,-0.190809,-0.19483,0.300617,-1.14856,-1.48249,0.0640131,-3.16894,-0.121536,1.30516,-1.69402,-0.130404
0.770531,2.36457,-1.88284,1.2984,0.575856,0.0312497,-1.76104,0.0189566,0.169756,-2.20789,-0.606767,-1.18902,-2.82115,-0.177286,1.48494,-1.57052,-0.267208,1.50687,-3.89763,0.119181
-0.168046,0.680906,-0.0540191,4.43276,-0.204976,0.623737,-0.307148,0.517223,-0.318131,1.18373,1.5282,-0.310349,-1.91172,0.641125,2.00112,2.54833,0.965563,0.835785,-0.540605,-0.495443
0.507735,-0.386652,-0.518603,-0.771783,2.47882,0.442371,0.517,-1.68208,-0.104143,-0.00667572,-1.94166,0.0336329,-0.777573,0.761454,0.268035,-0.495335,0.362684,-0.280274,0.383892,3.57664
0.620106,0.856314,-0.32084,0.361687,1.73871,0.642188,-0.386091,-0.143907,0.566038,-0.109603,-0.405073,1.19606,-0.238957,0.0556777,0.182473,-1.79679,0.300111,1.6023,-0.852485,0.614031
0.161171,-0.285248,-1.63727,-0.423683,0.505604,0.618416,3.10678,-4.61025,-1.36521,0.15419,-1.56705,-0.147416,-0.265273,-0.382929,0.430471,0.139693,0.882591,0.775048,0.945395,2.44786
0.80948,1.87844,-1.49616,1.00812,1.39714,1.73469,-0.524273,-0.485135,0.0701236,-0.928591,-1.27434,0.343951,-0.625475,0.0230039,3.81043,-0.295922,-0.161622,1.05462,-1.0159,0.340506
0.543289,-0.44282,-3.75066,0.177675,0.221701,1.99394,1.64588,-1.73054,-0.994325,-0.894133,-0.923961,0.230892,0.731757,-0.312565,0.901176,-0.348948,0.0901387,-0.0842301,0.899414,1.43879
-1.3445,-0.421012,1.70905,1.13065,-0.379693,-1.00233,0.506243,2.56277,-1.11225,1.38201,1.96879,-0.929315,-1.32864,0.688484,-1.14006,0.911811,1.2741,-0.686719,0.191603,0.153445
-1.95343,-1.09231,1.9843,0.975168,-0.113545,-0.614307,0.970102,0.257031,-1.12874,4.55249,1.28777,-0.179568,0.661097,-0.305992,-1.28188,0.492506,0.360594,-1.3387,1.85711,0.119997
0.901017,1.10271,0.184353,1.49867,1.74221,-0.562816,-2.66042,0.769231,1.15596,-1.22623,-0.612769,-0.780453,-3.03071,1.04426,0.579394,-0.181,-0.0559993,0.602878,-2.80014,1.45522