-0.813255,0.925669,0.225035,0.605557,-0.489624,-1.85366,-1.47874,1.22677,-0.418062,-0.306741,-0.265075,-3.38817,-3.27913,0.36793,0.364587,0.077855,-0.481145,-0.673021,-2.79385,0.500038
-0.644597,-1.17008,0.938263,1.26598,-0.295154,-0.463153,0.341002,0.980811,-0.0863658,1.95931,2.0877,0.952098,0.528747,0.0528133,-2.98886,-0.130359,0.772957,0.081766,0.798077,-0.421783
0.242199,-0.198696,-0.251978,0.504938,0.0657599,-0.408654,-3.50486,-1.04678,0.34755,0.0203783,-0.722303,-0.759633,-2.00751,-1.7011,-0.156659,-0.867296,-1.15418,-2.01384,-1.08465,0.462696
0.427794,1.29452,-0.286126,3.29957,1.0012,-0.174843,-0.0907478,-0.236642,-0.0767934,-0.576637,0.66414,-0.413805,-3.86292,0.42256,0.648169,-0.262916,1.81229,3.05554,-2.2851,0.873669
0.24523,1.06502,-1.83366,0.866148,0.709586,0.673528,-1.11262,-0.361535,-0.113894,-0.191941,-0.195181,0.300701,-1.14798,-1.4825,0.0656015,-3.16895,-0.121826,1.30515,-1.69403,-0.130223
0.770776,2.36459,-1.88284,1.29932,0.575844,0.0315903,-1.76105,0.0178877,0.169763,-2.20788,-0.607403,-1.18994,-2.82116,-0.177628,1.48909,-1.56999,-0.267205,1.50687,-3.89762,0.119328
-0.168521,0.682461,-0.0551121,4.43277,-0.205146,0.623525,-0.307221,0.519417,-0.319165,1.18373,1.5282,-0.311635,-1.91342,0.641916,2.00113,2.54832,0.965948,0.836217,-0.543637,-0.49553
0.50842,-0.387177,-0.518784,-0.772595,2.47883,0.442018,0.516242,-1.68252,-0.103535,-0.00698954,-1.94165,0.033874,-0.778644,0.761431,0.26798,-0.496003,0.362683,-0.280445,0.383893,3.57665
0.620472,0.855965,-0.321254,0.361962,1.73872,0.642819,-0.3864,-0.144635,0.566751,-0.109611,-0.405422,1.19605,-0.239301,0.0553059,0.183276,-1.79679,0.299916,1.60231,-0.852474,0.614035
0.161986,-0.284444,-1.63727,-0.426552,0.506475,0.618385,3.10678,-4.61025,-1.36521,0.152377,-1.56706,-0.147078,-0.265984,-0.382797,0.432736,0.140016,0.882591,0.775547,0.945388,2.44786
0.810971,1.87845,-1.50109,1.00903,1.39714,1.73469,-0.524345,-0.487561,0.0707298,-0.929986,-1.27485,0.34254,-0.627754,0.0234819,3.81043,-0.296937,-0.16186,1.05738,-1.02009,0.341664
0.543411,-0.442802,-3.75065,0.176611,0.222612,1.99397,1.64588,-1.7304,-0.994333,-0.894333,-0.923966,0.231114,0.731458,-0.31257,0.904559,-0.348433,0.0903557,-0.084228,0.899425,1.43879
-1.34451,-0.42149,1.70905,1.13327,-0.380441,-1.00234,0.506244,2.56277,-1.11225,1.38275,1.96879,-0.929822,-1.32864,0.689531,-1.14226,0.913336,1.27409,-0.686725,0.191871,0.153446
-1.95344,-1.09218,1.9843,0.975888,-0.113547,-0.614313,0.969742,0.259361,-1.12873,4.55249,1.28789,-0.17957,0.660383,-0.304531,-1.28397,0.493804,0.360646,-1.3387,1.85712,0.119573
0.90101,1.10333,0.184953,1.49868,1.74222,-0.562445,-2.66042,0.769478,1.15595,-1.22596,-0.61376,-0.780794,-3.03071,1.04426,0.581891,-0.181694,-0.0558431,0.602431,-2.80014,1.45523