-0.81326,0.92655,0.225762,0.60709,-0.489552,-1.85364,-1.47989,1.22678,-0.419026,-0.305955,-0.265077,-3.38818,-3.27913,0.367921,0.366548,0.0778679,-0.481147,-0.674279,-2.79386,0.500037
-0.645405,-1.16985,0.941064,1.26597,-0.295149,-0.462718,0.340467,0.983397,-0.0863691,1.95933,2.08771,0.952874,0.528758,0.0520189,-2.98885,-0.13035,0.77351,0.0808368,0.799936,-0.42299
0.242364,-0.19869,-0.252394,0.504935,0.0666544,-0.409097,-3.50486,-1.04678,0.347861,0.019635,-0.723045,-0.760597,-2.00752,-1.7011,-0.156662,-0.868426,-1.15418,-2.01384,-1.08484,0.463645
0.428374,1.29628,-0.286181,3.29957,1.00233,-0.173454,-0.0910651,-0.237054,-0.0767988,-0.576841,0.663388,-0.413446,-3.86292,0.422712,0.650593,-0.26289,1.81229,3.05554,-2.2859,0.874219
0.24593,1.06486,-1.83366,0.866155,0.710479,0.674007,-1.11328,-0.361537,-0.112776,-0.193031,-0.195523,0.300773,-1.14743,-1.4825,0.0671337,-3.16896,-0.122114,1.30514,-1.69404,-0.130046
0.771016,2.3646,-1.88284,1.3002,0.575832,0.031925,-1.76105,0.0168457,0.169769,-2.20787,-0.608011,-1.1908,-2.82117,-0.177956,1.4931,-1.56945,-0.267202,1.50688,-3.89761,0.119469
-0.168983,0.683958,-0.0561761,4.43278,-0.205319,0.62332,-0.307302,0.521538,-0.320162,1.18373,1.52821,-0.312879,-1.91506,0.642679,2.00114,2.54831,0.966313,0.836628,-0.546555,-0.495617
0.509077,-0.387686,-0.51895,-0.773388,2.47883,0.441674,0.515506,-1.68292,-0.102943,-0.00728215,-1.94165,0.0341084,-0.779683,0.761414,0.267936,-0.496649,0.362681,-0.280605,0.383894,3.57665
0.620826,0.855623,-0.321649,0.362218,1.73872,0.643424,-0.386702,-0.14533,0.56744,-0.109619,-0.405762,1.19604,-0.239631,0.0549537,0.184043,-1.7968,0.299724,1.60232,-0.852464,0.614038
0.162772,-0.283667,-1.63727,-0.429345,0.507301,0.61835,3.10678,-4.61026,-1.3652,0.150613,-1.56707,-0.146752,-0.266669,-0.382668,0.434941,0.140324,0.882592,0.776026,0.945382,2.44785
0.812404,1.87846,-1.50586,1.00991,1.39715,1.73468,-0.524409,-0.489904,0.0713138,-0.931327,-1.27534,0.341179,-0.629952,0.0239504,3.81043,-0.297906,-0.162085,1.06003,-1.02412,0.34279
0.543522,-0.442784,-3.75065,0.175584,0.223492,1.99399,1.64587,-1.73026,-0.99434,-0.894525,-0.92397,0.23132,0.731162,-0.312575,0.907847,-0.347936,0.090566,-0.0842259,0.899434,1.43879
-1.34451,-0.421952,1.70905,1.1358,-0.381163,-1.00236,0.506246,2.56277,-1.11224,1.38347,1.96879,-0.930301,-1.32865,0.69054,-1.14439,0.914811,1.27409,-0.68673,0.192135,0.153446
-1.95344,-1.09206,1.98431,0.976583,-0.113548,-0.614318,0.969381,0.26162,-1.12873,4.55248,1.288,-0.179572,0.659688,-0.303115,-1.28597,0.495054,0.360688,-1.3387,1.85713,0.119169
0.901003,1.10393,0.185534,1.49868,1.74223,-0.562087,-2.66042,0.76971,1.15594,-1.22568,-0.614713,-0.781118,-3.03072,1.04426,0.584293,-0.182357,-0.0556948,0.602003,-2.80013,1.45523