-0.813264,0.92739,0.226454,0.608581,-0.489483,-1.85361,-1.481,1.22678,-0.419946,-0.305186,-0.265078,-3.38818,-3.27912,0.367912,0.368445,0.0778803,-0.48115,-0.675471,-2.79386,0.500036
-0.646182,-1.16963,0.943787,1.26595,-0.295145,-0.462301,0.339927,0.985911,-0.0863722,1.95934,2.08772,0.953621,0.528769,0.0512533,-2.98885,-0.130341,0.774031,0.0799291,0.801729,-0.424166
0.242527,-0.198685,-0.252784,0.504932,0.0675145,-0.409522,-3.50486,-1.04678,0.348162,0.0189252,-0.72375,-0.761514,-2.00752,-1.7011,-0.156666,-0.869511,-1.15419,-2.01384,-1.08503,0.464557
0.428927,1.29796,-0.286236,3.29957,1.00342,-0.172117,-0.0913663,-0.23745,-0.076804,-0.577027,0.662662,-0.413103,-3.86292,0.422864,0.652937,-0.262856,1.8123,3.05554,-2.28666,0.874756
0.246603,1.0647,-1.83366,0.866161,0.711334,0.674461,-1.11392,-0.361539,-0.111695,-0.19408,-0.195858,0.300833,-1.14691,-1.4825,0.0686119,-3.16896,-0.1224,1.30513,-1.69405,-0.129874
0.771253,2.36462,-1.88284,1.30105,0.575821,0.0322533,-1.76106,0.0158301,0.169775,-2.20787,-0.608592,-1.19163,-2.82118,-0.17827,1.49698,-1.56892,-0.267199,1.50688,-3.8976,0.119605
-0.169435,0.685398,-0.0572121,4.43279,-0.205495,0.623122,-0.30739,0.523588,-0.321121,1.18373,1.52822,-0.314081,-1.91663,0.643415,2.00115,2.54831,0.966658,0.837021,-0.549362,-0.495706
0.509706,-0.388178,-0.519104,-0.774161,2.47883,0.441338,0.514792,-1.68328,-0.102367,-0.0075549,-1.94165,0.0343364,-0.780689,0.761403,0.267903,-0.497271,0.36268,-0.280754,0.383895,3.57665
0.621167,0.855288,-0.322028,0.362457,1.73873,0.644005,-0.386997,-0.145993,0.568105,-0.109626,-0.406091,1.19603,-0.239948,0.0546201,0.184776,-1.7968,0.299535,1.60233,-0.852455,0.614042
0.16353,-0.282917,-1.63727,-0.432064,0.508084,0.618311,3.10678,-4.61026,-1.3652,0.148895,-1.56708,-0.146436,-0.267328,-0.382542,0.437087,0.140619,0.882593,0.776485,0.945376,2.44784
0.81378,1.87847,-1.51047,1.01075,1.39716,1.73468,-0.524465,-0.492168,0.0718764,-0.932616,-1.27581,0.339867,-0.632073,0.0244091,3.81042,-0.298832,-0.162298,1.06258,-1.02801,0.343886
0.543623,-0.442768,-3.75065,0.174593,0.22434,1.99401,1.64587,-1.7301,-0.994346,-0.894707,-0.923974,0.23151,0.730869,-0.31258,0.911045,-0.347458,0.0907699,-0.0842239,0.899444,1.43879
-1.34451,-0.4224,1.70905,1.13823,-0.381858,-1.00238,0.506247,2.56277,-1.11224,1.38416,1.9688,-0.930754,-1.32865,0.691512,-1.14645,0.916237,1.27409,-0.686735,0.192395,0.153447
-1.95344,-1.09194,1.98431,0.977254,-0.113549,-0.614324,0.969019,0.26381,-1.12872,4.55248,1.28809,-0.179573,0.659011,-0.301743,-1.2879,0.496258,0.360722,-1.3387,1.85713,0.118784
0.900997,1.1045,0.186096,1.49869,1.74224,-0.561741,-2.66043,0.769929,1.15594,-1.22539,-0.61563,-0.781426,-3.03072,1.04426,0.586604,-0.182992,-0.0555541,0.601594,-2.80013,1.45524