-0.813268,0.928193,0.227113,0.61003,-0.489417,-1.85359,-1.48205,1.22678,-0.420825,-0.304436,-0.26508,-3.38819,-3.27912,0.367903,0.370279,0.0778922,-0.481152,-0.6766,-2.79387,0.500034
-0.646932,-1.16943,0.946434,1.26594,-0.295141,-0.461901,0.339384,0.988356,-0.0863749,1.95935,2.08773,0.954341,0.52878,0.0505152,-2.98884,-0.130332,0.774523,0.0790429,0.803457,-0.425312
0.242687,-0.19868,-0.25315,0.50493,0.0683414,-0.409929,-3.50486,-1.04678,0.348454,0.0182475,-0.724422,-0.762386,-2.00753,-1.7011,-0.15667,-0.870553,-1.15419,-2.01383,-1.08521,0.465434
0.429454,1.29956,-0.286291,3.29957,1.00446,-0.170829,-0.0916525,-0.23783,-0.0768091,-0.577198,0.661959,-0.412774,-3.86292,0.423014,0.655204,-0.262817,1.8123,3.05554,-2.28738,0.87528
0.24725,1.06452,-1.83366,0.866167,0.712153,0.674895,-1.11453,-0.361542,-0.110649,-0.195089,-0.196185,0.300883,-1.14641,-1.48251,0.0700379,-3.16897,-0.122683,1.30513,-1.69406,-0.129707
0.771484,2.36464,-1.88284,1.30187,0.575811,0.032575,-1.76106,0.0148405,0.169781,-2.20786,-0.609146,-1.19242,-2.82119,-0.178571,1.50073,-1.56839,-0.267197,1.50689,-3.89759,0.119734
-0.169875,0.686784,-0.0582208,4.4328,-0.205673,0.62293,-0.307484,0.525569,-0.322046,1.18373,1.52822,-0.315243,-1.91815,0.644125,2.00116,2.5483,0.966984,0.837396,-0.552063,-0.495795
0.51031,-0.388654,-0.519244,-0.774916,2.47883,0.44101,0.514099,-1.68362,-0.101806,-0.00780907,-1.94165,0.0345583,-0.781664,0.761397,0.267881,-0.497872,0.362678,-0.280894,0.383896,3.57665
0.621496,0.85496,-0.322391,0.36268,1.73873,0.644562,-0.387285,-0.146626,0.568748,-0.109633,-0.40641,1.19602,-0.240253,0.0543042,0.185475,-1.79681,0.29935,1.60234,-0.852445,0.614045
0.164261,-0.282192,-1.63727,-0.434709,0.508826,0.618268,3.10678,-4.61026,-1.36519,0.147223,-1.56709,-0.14613,-0.267962,-0.382421,0.439175,0.140901,0.882594,0.776924,0.94537,2.44784
0.815103,1.87848,-1.51492,1.01156,1.39716,1.73468,-0.524513,-0.494355,0.0724184,-0.933856,-1.27626,0.338602,-0.634118,0.0248581,3.81042,-0.299717,-0.1625,1.06504,-1.03175,0.344952
0.543715,-0.442751,-3.75064,0.173635,0.225159,1.99403,1.64586,-1.72994,-0.994353,-0.89488,-0.923979,0.231684,0.730578,-0.312585,0.914153,-0.346996,0.0909674,-0.0842219,0.899453,1.43879
-1.34452,-0.422833,1.70904,1.14057,-0.382527,-1.00239,0.506248,2.56277,-1.11224,1.38482,1.9688,-0.931182,-1.32865,0.69245,-1.14844,0.917615,1.27409,-0.68674,0.192652,0.153447
-1.95345,-1.09183,1.98432,0.977903,-0.11355,-0.614329,0.968657,0.265933,-1.12871,4.55248,1.28817,-0.179575,0.658351,-0.300415,-1.28974,0.497417,0.360747,-1.3387,1.85714,0.118416
0.90099,1.10504,0.186639,1.4987,1.74226,-0.561406,-2.66043,0.770136,1.15593,-1.2251,-0.616513,-0.781718,-3.03072,1.04427,0.588826,-0.183598,-0.0554203,0.601203,-2.80013,1.45524