-0.813272,0.928959,0.227739,0.611439,-0.489354,-1.85357,-1.48306,1.22679,-0.421666,-0.303704,-0.265082,-3.3882,-3.27912,0.367894,0.372053,0.0779037,-0.481155,-0.67767,-2.79388,0.500033
-0.647655,-1.16923,0.949008,1.26593,-0.295137,-0.461518,0.338839,0.990732,-0.0863775,1.95937,2.08774,0.955035,0.52879,0.0498037,-2.98884,-0.130323,0.774987,0.0781783,0.805124,-0.426428
0.242844,-0.198675,-0.253494,0.504927,0.069136,-0.410318,-3.50486,-1.04679,0.348737,0.0176003,-0.725061,-0.763214,-2.00754,-1.7011,-0.156673,-0.871553,-1.1542,-2.01383,-1.08538,0.466277
0.429956,1.30109,-0.286346,3.29957,1.00546,-0.16959,-0.0919244,-0.238195,-0.0768141,-0.577354,0.661281,-0.412459,-3.86293,0.423164,0.657395,-0.262772,1.8123,3.05554,-2.28805,0.875792
0.247873,1.06434,-1.83366,0.866173,0.712938,0.675307,-1.11513,-0.361544,-0.109638,-0.196061,-0.196504,0.300924,-1.14594,-1.48251,0.0714137,-3.16898,-0.122963,1.30512,-1.69407,-0.129545
0.771711,2.36465,-1.88284,1.30266,0.575801,0.0328898,-1.76107,0.0138766,0.169787,-2.20785,-0.609677,-1.19318,-2.8212,-0.17886,1.50437,-1.56787,-0.267194,1.50689,-3.89758,0.119859
-0.170304,0.688119,-0.059203,4.4328,-0.205853,0.622745,-0.307583,0.527485,-0.322937,1.18373,1.52823,-0.316366,-1.91961,0.644809,2.00116,2.5483,0.967294,0.837754,-0.554662,-0.495885
0.510889,-0.389115,-0.519373,-0.775652,2.47883,0.440691,0.513426,-1.68392,-0.10126,-0.00804584,-1.94164,0.0347741,-0.782608,0.761396,0.267868,-0.498452,0.362677,-0.281024,0.383897,3.57665
0.621813,0.854639,-0.322737,0.362887,1.73873,0.645096,-0.387566,-0.147228,0.56937,-0.10964,-0.40672,1.19602,-0.240547,0.0540049,0.186144,-1.79681,0.299167,1.60235,-0.852436,0.614048
0.164967,-0.281492,-1.63727,-0.437284,0.509528,0.618223,3.10678,-4.61026,-1.36519,0.145595,-1.5671,-0.145835,-0.268572,-0.382303,0.441206,0.141171,0.882595,0.777345,0.945364,2.44783
0.816375,1.87849,-1.51923,1.01233,1.39717,1.73468,-0.524554,-0.496468,0.0729405,-0.935048,-1.27669,0.337382,-0.636091,0.0252971,3.81042,-0.300562,-0.162692,1.0674,-1.03536,0.345989
0.543798,-0.442736,-3.75064,0.172711,0.225949,1.99405,1.64586,-1.72977,-0.994359,-0.895045,-0.923983,0.231844,0.730289,-0.31259,0.917174,-0.346551,0.0911589,-0.08422,0.899462,1.43879
-1.34452,-0.423253,1.70904,1.14283,-0.383172,-1.00241,0.506249,2.56277,-1.11224,1.38546,1.9688,-0.931587,-1.32865,0.693355,-1.15036,0.918948,1.27408,-0.686744,0.192905,0.153447
-1.95345,-1.09171,1.98432,0.978529,-0.11355,-0.614334,0.968295,0.267993,-1.12871,4.55248,1.28824,-0.179577,0.657709,-0.299129,-1.29151,0.498533,0.360766,-1.3387,1.85714,0.118066
0.900984,1.10556,0.187165,1.4987,1.74227,-0.561083,-2.66043,0.770332,1.15592,-1.2248,-0.617362,-0.781996,-3.03073,1.04427,0.590963,-0.184179,-0.0552932,0.600829,-2.80012,1.45525