-0.813276,0.92969,0.228335,0.612807,-0.489294,-1.85355,-1.48403,1.22679,-0.422469,-0.302989,-0.265083,-3.38821,-3.27912,0.367886,0.373768,0.0779147,-0.481157,-0.678684,-2.79388,0.500032
-0.648351,-1.16903,0.951509,1.26591,-0.295133,-0.461151,0.338294,0.993042,-0.0863797,1.95938,2.08774,0.955703,0.5288,0.049118,-2.98883,-0.130315,0.775425,0.077335,0.80673,-0.427515
0.242999,-0.19867,-0.253818,0.504925,0.0698997,-0.410691,-3.50487,-1.04679,0.349011,0.0169823,-0.725669,-0.764003,-2.00754,-1.70109,-0.156676,-0.872514,-1.1542,-2.01383,-1.08556,0.467087
0.430435,1.30255,-0.2864,3.29957,1.00643,-0.168397,-0.0921828,-0.238545,-0.076819,-0.577496,0.660625,-0.412158,-3.86293,0.423312,0.659514,-0.262722,1.8123,3.05554,-2.28869,0.876291
0.248472,1.06415,-1.83366,0.866179,0.71369,0.675699,-1.11571,-0.361546,-0.108661,-0.196997,-0.196815,0.300955,-1.14549,-1.48252,0.072741,-3.16898,-0.12324,1.30511,-1.69407,-0.129386
0.771933,2.36467,-1.88285,1.30342,0.575791,0.0331973,-1.76107,0.0129379,0.169793,-2.20785,-0.610184,-1.19389,-2.8212,-0.179138,1.50788,-1.56735,-0.267191,1.5069,-3.89758,0.119979
-0.170722,0.689403,-0.0601594,4.43281,-0.206034,0.622565,-0.307687,0.529338,-0.323796,1.18373,1.52823,-0.317453,-1.92101,0.645469,2.00117,2.54829,0.967587,0.838095,-0.557165,-0.495976
0.511445,-0.38956,-0.519491,-0.776371,2.47883,0.440381,0.512774,-1.6842,-0.100729,-0.00826636,-1.94164,0.0349841,-0.783522,0.7614,0.267864,-0.499011,0.362676,-0.281146,0.383898,3.57665
0.622119,0.854325,-0.323069,0.363081,1.73874,0.645609,-0.38784,-0.147803,0.56997,-0.109647,-0.407021,1.19601,-0.240829,0.0537214,0.186782,-1.79682,0.298989,1.60236,-0.852427,0.614051
0.165648,-0.280816,-1.63727,-0.43979,0.510194,0.618175,3.10678,-4.61026,-1.36519,0.14401,-1.56711,-0.14555,-0.269159,-0.382189,0.443183,0.141429,0.882596,0.777748,0.945358,2.44783
0.817598,1.8785,-1.5234,1.01308,1.39717,1.73467,-0.524589,-0.49851,0.0734435,-0.936195,-1.2771,0.336205,-0.637993,0.0257264,3.81042,-0.30137,-0.162874,1.06968,-1.03884,0.346997
0.543872,-0.44272,-3.75064,0.171818,0.226712,1.99406,1.64585,-1.7296,-0.994366,-0.895202,-0.923986,0.231991,0.730004,-0.312594,0.920111,-0.346121,0.0913446,-0.084218,0.899471,1.43878
-1.34452,-0.42366,1.70904,1.14501,-0.383793,-1.00242,0.50625,2.56276,-1.11224,1.38607,1.96881,-0.931969,-1.32865,0.694227,-1.15221,0.920236,1.27408,-0.686749,0.193154,0.153448
-1.95346,-1.09161,1.98432,0.979135,-0.113551,-0.614339,0.967933,0.26999,-1.1287,4.55248,1.2883,-0.179579,0.657084,-0.297884,-1.29321,0.499608,0.360777,-1.33871,1.85715,0.117731
0.900978,1.10606,0.187673,1.49871,1.74228,-0.560771,-2.66044,0.770518,1.15591,-1.2245,-0.618179,-0.782259,-3.03073,1.04427,0.593019,-0.184736,-0.0551722,0.600472,-2.80012,1.45525