-0.804342,0.386054,0.0637992,0.378323,-0.392183,-1.84677,-0.783286,1.22263,-0.0953708,-0.140866,-0.257768,-3.39683,-3.28417,0.374081,0.0794022,0.0673443,-0.480356,-0.185634,-2.78572,0.494546
-0.319951,-0.779566,0.241014,1.27138,-0.293478,-0.480072,-0.0402803,0.348517,-0.0704408,1.94618,2.09837,0.724294,0.519124,0.250383,-2.99557,-0.1451,0.166542,0.00230482,0.0352389,-0.256137
0.160389,-0.200598,0.0146466,0.504685,-0.157278,0.00551179,-3.49895,-1.04911,0.212087,0.310117,-0.3163,-0.0361008,-2.00784,-1.70166,-0.159591,-0.235163,-1.15045,-2.01897,-0.617947,0.214553
0.127964,0.096922,-0.266418,3.29477,0.484217,-0.332979,-0.0675175,-0.0696221,-0.0692475,-0.0965324,0.507928,0.00556413,-3.86518,0.266202,0.256061,-0.00456658,1.8112,3.05259,-1.1946,0.600807
-0.0476687,0.396916,-1.83631,0.856965,0.402759,0.392572,-0.382827,-0.357835,-0.152103,-0.238065,-0.230453,0.0676358,-0.77165,-1.48316,-0.105271,-3.16289,-0.206783,1.32293,-1.67624,-0.165717
0.587113,2.36897,-1.89176,0.478602,0.506274,0.285619,-1.76184,0.00423787,0.158855,-2.20735,0.0872192,-0.581751,-2.79756,0.132375,0.520863,-0.946886,-0.271476,1.50539,-3.917,-0.072986
0.0426989,0.164218,0.345321,4.43158,-0.138291,0.581956,-0.144383,-0.0218957,0.0819124,1.1861,1.51135,-0.134226,-0.737169,0.487973,2.00137,2.56427,0.588142,0.25737,0.296853,-0.40944
0.304747,-0.470152,-0.210004,-0.442554,2.47202,0.248234,0.470758,-0.999632,-0.074623,0.0719928,-1.95458,0.064553,-0.736168,0.661279,0.288788,-0.366872,0.359001,-0.301728,0.387371,3.58815
0.393673,0.641403,-0.0612444,0.0931616,1.74832,0.396573,-0.334352,0.127824,0.439995,-0.104754,-0.336267,1.20445,-0.0692895,0.219223,0.00464393,-1.79089,0.278639,1.58656,-0.864875,0.6
-0.0475628,-0.131739,-1.63031,0.0764124,0.133269,0.240031,3.11021,-4.61325,-1.36294,0.352572,-1.55979,-0.131873,0.0831379,-0.275259,0.0271349,0.0863038,0.883509,0.368054,0.947173,2.44277
0.0536143,1.87544,-0.442108,0.512053,1.40132,1.76697,-0.410442,0.0840072,-0.18638,-0.377889,-0.783306,0.50058,0.0121429,0.111351,3.8077,0.187806,-0.0510607,0.217826,-0.186924,0.136973
0.132018,-0.450635,-3.75341,0.106228,-0.00717432,1.98765,1.64845,-0.948483,-0.991001,-0.432571,-0.922758,-0.0231224,0.465249,-0.307041,0.199956,-0.282591,0.0961543,-0.0894426,0.89149,1.43418
-1.34218,-0.100168,1.7076,0.302969,-0.159116,-0.993218,0.504344,2.56189,-1.11669,0.648697,1.96855,-0.513256,-1.33085,0.276118,-0.5823,0.402205,1.27551,-0.686353,0.160599,0.151419
-1.95968,-0.591922,1.97412,0.36842,-0.115099,-0.628765,0.493704,-0.282835,-1.13127,4.55517,0.779055,-0.165544,0.295119,-0.254252,-0.46175,0.204955,0.0976371,-1.33762,1.84674,0.0686355
0.907718,0.810623,0.121454,1.49179,1.74314,-0.464393,-2.66304,0.37849,1.16269,-0.760574,-0.265143,-0.475581,-3.03644,1.05844,-0.0608499,0.332301,-0.292472,0.776763,-2.79835,1.45251