-0.813279,0.930389,0.228902,0.614137,-0.489237,-1.85353,-1.48495,1.22679,-0.423237,-0.302291,-0.265084,-3.38822,-3.27912,0.367879,0.375427,0.0779253,-0.481159,-0.679645,-2.79389,0.500031
-0.649023,-1.16885,0.95394,1.2659,-0.29513,-0.460799,0.33775,0.995287,-0.0863818,1.95939,2.08775,0.956346,0.528809,0.048457,-2.98883,-0.130307,0.775838,0.0765129,0.80828,-0.428573
0.24315,-0.198665,-0.254122,0.504923,0.0706335,-0.411048,-3.50487,-1.04679,0.349276,0.016392,-0.726248,-0.764752,-2.00755,-1.70109,-0.15668,-0.873437,-1.15421,-2.01382,-1.08573,0.467866
0.430892,1.30394,-0.286456,3.29958,1.00735,-0.167248,-0.0924286,-0.23888,-0.0768237,-0.577626,0.659992,-0.41187,-3.86293,0.423459,0.661561,-0.262668,1.8123,3.05553,-2.28929,0.876778
0.249049,1.06396,-1.83366,0.866185,0.714411,0.676072,-1.11628,-0.361547,-0.107716,-0.197897,-0.197118,0.300979,-1.14506,-1.48252,0.0740216,-3.16899,-0.123512,1.30511,-1.69408,-0.129232
0.772151,2.36469,-1.88285,1.30416,0.575782,0.0334974,-1.76108,0.012024,0.169799,-2.20784,-0.610668,-1.19458,-2.82121,-0.179404,1.51128,-1.56684,-0.267189,1.5069,-3.89757,0.120093
-0.171129,0.69064,-0.0610907,4.43282,-0.206217,0.62239,-0.307794,0.53113,-0.324625,1.18373,1.52824,-0.318504,-1.92237,0.646106,2.00118,2.54829,0.967865,0.838421,-0.559573,-0.496067
0.511979,-0.389991,-0.519598,-0.777073,2.47883,0.440079,0.512142,-1.68445,-0.100212,-0.00847167,-1.94164,0.0351884,-0.784407,0.761408,0.267868,-0.499552,0.362675,-0.281258,0.383899,3.57665
0.622415,0.854019,-0.323386,0.363261,1.73874,0.6461,-0.388108,-0.148351,0.57055,-0.109653,-0.407312,1.196,-0.2411,0.0534529,0.187392,-1.79682,0.298813,1.60237,-0.852419,0.614054
0.166305,-0.280162,-1.63727,-0.442228,0.510826,0.618125,3.10679,-4.61026,-1.36518,0.142468,-1.56711,-0.145275,-0.269725,-0.382079,0.445107,0.141676,0.882597,0.778134,0.945353,2.44782
0.818773,1.87851,-1.52744,1.01379,1.39718,1.73467,-0.524618,-0.500484,0.0739281,-0.937298,-1.2775,0.335071,-0.639828,0.0261457,3.81042,-0.302143,-0.163046,1.07187,-1.04219,0.347978
0.54394,-0.442705,-3.75064,0.170956,0.227447,1.99408,1.64585,-1.72942,-0.994372,-0.895351,-0.92399,0.232125,0.729722,-0.312598,0.922966,-0.345706,0.0915247,-0.0842162,0.899479,1.43878
-1.34453,-0.424054,1.70904,1.14711,-0.384392,-1.00243,0.506251,2.56276,-1.11223,1.38666,1.96881,-0.93233,-1.32865,0.695067,-1.154,0.921482,1.27408,-0.686753,0.193399,0.153448
-1.95346,-1.0915,1.98433,0.97972,-0.113552,-0.614344,0.967573,0.271927,-1.1287,4.55247,1.28835,-0.179581,0.656475,-0.296679,-1.29484,0.500643,0.360783,-1.33871,1.85715,0.117412
0.900972,1.10654,0.188165,1.49871,1.74229,-0.56047,-2.66044,0.770694,1.15591,-1.2242,-0.618967,-0.78251,-3.03073,1.04427,0.594997,-0.185268,-0.055057,0.60013,-2.80012,1.45526