-0.813283,0.931057,0.229441,0.61543,-0.489183,-1.85351,-1.48584,1.2268,-0.423972,-0.301611,-0.265086,-3.38823,-3.27912,0.367871,0.37703,0.0779355,-0.481161,-0.680555,-2.79389,0.50003
-0.649672,-1.16867,0.956302,1.26589,-0.295126,-0.460462,0.337207,0.99747,-0.0863836,1.9594,2.08776,0.956966,0.528819,0.0478198,-2.98882,-0.130299,0.776228,0.0757118,0.809774,-0.429604
0.243299,-0.198661,-0.254407,0.504921,0.0713384,-0.411389,-3.50487,-1.0468,0.349532,0.0158282,-0.7268,-0.765466,-2.00755,-1.70109,-0.156683,-0.874324,-1.15421,-2.01382,-1.0859,0.468614
0.431328,1.30526,-0.286511,3.29958,1.00824,-0.166143,-0.0926623,-0.239202,-0.0768283,-0.577743,0.659379,-0.411596,-3.86293,0.423605,0.66354,-0.26261,1.8123,3.05553,-2.28986,0.877253
0.249604,1.06377,-1.83366,0.86619,0.715102,0.676426,-1.11682,-0.361549,-0.106802,-0.198763,-0.197414,0.300995,-1.14465,-1.48252,0.0752572,-3.16899,-0.123781,1.3051,-1.69409,-0.129083
0.772363,2.3647,-1.88285,1.30487,0.575773,0.03379,-1.76108,0.0111344,0.169805,-2.20784,-0.611132,-1.19524,-2.82122,-0.17966,1.51456,-1.56634,-0.267186,1.50691,-3.89756,0.120204
-0.171526,0.69183,-0.0619976,4.43283,-0.2064,0.622221,-0.307905,0.532863,-0.325423,1.18373,1.52824,-0.319521,-1.92368,0.646719,2.00118,2.54829,0.968128,0.838732,-0.561892,-0.496158
0.512491,-0.390407,-0.519695,-0.777757,2.47883,0.439785,0.511529,-1.68468,-0.0997098,-0.00866278,-1.94164,0.0353872,-0.785263,0.76142,0.267879,-0.500074,0.362674,-0.281363,0.3839,3.57665
0.6227,0.85372,-0.323689,0.363428,1.73875,0.646572,-0.388369,-0.148873,0.57111,-0.109659,-0.407595,1.196,-0.241361,0.0531985,0.187975,-1.79683,0.298642,1.60238,-0.852411,0.614057
0.16694,-0.27953,-1.63727,-0.444601,0.511423,0.618073,3.10679,-4.61026,-1.36518,0.140967,-1.56712,-0.14501,-0.270269,-0.381973,0.446979,0.141912,0.882598,0.778503,0.945347,2.44781
0.819904,1.87851,-1.53134,1.01448,1.39718,1.73467,-0.52464,-0.502392,0.074395,-0.938359,-1.27788,0.333977,-0.641597,0.0265552,3.81042,-0.302882,-0.16321,1.07398,-1.04542,0.348932
0.544,-0.442691,-3.75063,0.170124,0.228156,1.9941,1.64584,-1.72924,-0.994377,-0.895493,-0.923994,0.232246,0.729442,-0.312602,0.925741,-0.345305,0.0916994,-0.0842143,0.899487,1.43878
-1.34453,-0.424435,1.70904,1.14913,-0.384969,-1.00245,0.506252,2.56276,-1.11223,1.38723,1.96881,-0.932672,-1.32866,0.695878,-1.15573,0.922686,1.27408,-0.686758,0.193639,0.153449
-1.95346,-1.0914,1.98433,0.980286,-0.113552,-0.614349,0.967215,0.273806,-1.12869,4.55247,1.28839,-0.179582,0.655883,-0.295512,-1.2964,0.501639,0.360783,-1.33871,1.85716,0.117107
0.900966,1.107,0.18864,1.49872,1.7423,-0.560179,-2.66044,0.770861,1.1559,-1.2239,-0.619724,-0.782748,-3.03073,1.04428,0.5969,-0.185779,-0.0549474,0.599804,-2.80011,1.45526