-0.812301,0.411734,0.0641913,0.401782,-0.406277,-1.84568,-0.828842,1.22222,-0.110544,-0.180628,-0.255337,-3.39865,-3.28287,0.367098,0.0782881,0.073131,-0.481679,-0.206913,-2.78433,0.496387
-0.32543,-0.806943,0.296551,1.26665,-0.28506,-0.487649,-0.0196288,0.372515,-0.0671881,1.94686,2.0976,0.733542,0.520697,0.249531,-2.99461,-0.133361,0.200978,-0.002226,0.0765123,-0.253664
0.172636,-0.200004,0.00851312,0.504414,-0.145814,-0.0265454,-3.50165,-1.04901,0.221295,0.315478,-0.334544,-0.0765757,-2.00589,-1.70514,-0.160029,-0.260096,-1.15166,-2.0153,-0.662756,0.216958
0.147986,0.158537,-0.272807,3.29391,0.510305,-0.338351,-0.0604475,-0.0781738,-0.0695547,-0.11869,0.549963,-0.0333484,-3.86409,0.28766,0.271548,-0.0143779,1.81028,3.05528,-1.28618,0.630265
-0.0390102,0.443745,-1.83588,0.859218,0.414311,0.411849,-0.440778,-0.35757,-0.160847,-0.245773,-0.237891,0.0730656,-0.823399,-1.47608,-0.126952,-3.16679,-0.20295,1.31419,-1.68204,-0.160431
0.620226,2.37014,-1.88769,0.537332,0.513359,0.270984,-1.76451,0.0200741,0.156304,-2.21108,0.0376446,-0.605696,-2.7957,0.120444,0.556963,-0.993371,-0.271051,1.50826,-3.909,-0.0583802
0.0206836,0.172374,0.337317,4.43308,-0.149581,0.59319,-0.164046,-0.00563217,0.0618273,1.1852,1.51491,-0.13269,-0.827297,0.487764,1.9986,2.55934,0.606424,0.304298,0.293497,-0.429542
0.307886,-0.458983,-0.229312,-0.458515,2.47832,0.268736,0.480141,-1.04851,-0.0853075,0.0705885,-1.95151,0.0552217,-0.730461,0.673831,0.295221,-0.371708,0.358725,-0.297926,0.389452,3.58706
0.410752,0.648067,-0.0811842,0.113974,1.74613,0.412567,-0.325524,0.122538,0.44365,-0.107878,-0.348657,1.1951,-0.0822634,0.223127,0.00880821,-1.79179,0.279429,1.59401,-0.85652,0.607408
-0.039573,-0.157742,-1.63228,0.0705815,0.148918,0.275463,3.11072,-4.61238,-1.36122,0.350826,-1.56063,-0.139431,0.0696193,-0.288289,0.0373923,0.0832307,0.883799,0.394628,0.945314,2.44273
0.103561,1.86787,-0.464356,0.550458,1.40494,1.76158,-0.420957,0.0625886,-0.177145,-0.416089,-0.814191,0.50517,-0.00467935,0.103289,3.8089,0.159733,-0.0615212,0.243032,-0.199079,0.146749
0.170976,-0.450053,-3.75229,0.122511,0.00369175,1.98692,1.64905,-1.02013,-0.991635,-0.470035,-0.922669,-0.00549524,0.497396,-0.303989,0.231864,-0.298593,0.100919,-0.0905714,0.892579,1.43511
-1.33903,-0.118241,1.70823,0.333356,-0.156779,-0.994355,0.506038,2.56258,-1.11644,0.712925,1.96629,-0.551856,-1.3313,0.30221,-0.599585,0.434681,1.27639,-0.689744,0.169985,0.151805
-1.95212,-0.642808,1.97681,0.401877,-0.117682,-0.626806,0.530429,-0.257821,-1.1343,4.55443,0.823046,-0.168494,0.333494,-0.274379,-0.494213,0.227267,0.117557,-1.34124,1.84864,0.0893255
0.914647,0.823587,0.118374,1.49359,1.731,-0.481005,-2.65553,0.406622,1.16131,-0.801439,-0.277847,-0.506349,-3.04198,1.0697,-0.0422867,0.31466,-0.285347,0.78123,-2.80578,1.44784