1
0
0
0
0
0
0
0
0
0
0.15984
-0.00407047
0.0482935
-0.0333979
0.0539655
0.729543
0.160032
0.718366
0.761449
0.939351
0.0634168
-0.0186812
0.0300373
-0.0256928
0.0200191
0.876831
0.0886042
0.888585
0.920261
1.04374
0.0214814
-0.0156129
0.0166463
-0.0176824
0.00663533
0.933065
0.0456161
0.949774
0.967701
1.04062
0.00712188
-0.0100405
0.00927078
-0.0112595
0.00269559
0.961964
0.0242774
0.975959
0.985308
1.02673
0.0023398
-0.0059199
0.00519606
-0.00681448
0.00149388
0.978142
0.0133324
0.988056
0.992777
1.01605
0.000732665
-0.00337912
0.00291178
-0.00400498
0.000992063
0.987414
0.00746572
0.993906
0.996257
1.0093
0.000191998
-0.00190552
0.00162716
-0.00231627
0.000685972
0.99276
0.00422665
0.996828
0.997992
1.00532
1.73242e-05
-0.00106992
0.000906708
-0.00132831
0.000466976
0.995842
0.00240719
0.998323
0.998898
1.00302
-3.09896e-05
-0.00059999
0.000504244
-0.000758487
0.000309408
0.997616
0.00137532
0.999103
0.999386
1.00171
-3.71875e-05
-0.000336452
0.000280127
-0.0004322
0.000200013
0.998635
0.000787094
0.999515
0.999654
1.00097
-3.11527e-05
-0.00018879
0.000155571
-0.000245996
0.000126837
0.99922
0.000450859
0.999736
0.999804
1.00055
-2.31636e-05
-0.000106071
8.64073e-05
-0.000139871
7.93552e-05
0.999554
0.000258414
0.999855
0.999888
1.00031
-1.6353e-05
-5.97336e-05
4.80041e-05
-7.93961e-05
4.92578e-05
0.999746
0.000148208
0.99992
0.999936
1.00018
-1.13186e-05
-3.37743e-05
2.66691e-05
-4.49216e-05
3.05164e-05
0.999855
8.50903e-05
0.999956
0.999963
1.0001
-7.84931e-06
-1.92303e-05
1.48058e-05
-2.5256e-05
1.9004e-05
0.999917
4.89451e-05
0.999976
0.999978
1.00006
-5.55563e-06
-1.1081e-05
8.2018e-06
-1.40298e-05
1.20062e-05
0.999953
2.82511e-05
0.999987
0.999987
1.00003
-4.08006e-06
-6.51415e-06
4.52106e-06
-7.61659e-06
7.7875e-06
0.999973
1.64066e-05
0.999993
0.999992
1.00002
-3.14895e-06
-3.95458e-06
2.46703e-06
-3.95045e-06
5.26087e-06
0.999984
9.62927e-06
0.999996
0.999995
1.00001
-2.56978e-06
-2.51975e-06
1.31937e-06
-1.85345e-06
3.75561e-06
0.999991
5.75239e-06
0.999998
0.999997
1
-2.21348e-06
-1.71526e-06
6.77378e-07
-6.53376e-07
2.86272e-06
0.999995
3.53524e-06
0.999999
0.999998
1
-1.9962e-06
-1.26411e-06
3.17849e-07
3.36955e-08
2.33497e-06
0.999997
2.26758e-06
1
0.999998
1
-1.86463e-06
-1.01104e-06
1.16298e-07
4.27197e-07
2.02397e-06
0.999998
1.54293e-06
1
0.999999
0.999999
-1.78543e-06
-8.69046e-07
3.19983e-09
6.52627e-07
1.84118e-06
0.999999
1.12877e-06
1
0.999999
0.999999
-1.73799e-06
-7.8936e-07
-6.03198e-08
7.818e-07
1.73397e-06
0.999999
8.92088e-07
1
0.999999
0.999999
