-0.00369519,-0.228605,-1.93361,0.000386577,-0.00162733,0.00249742,2.69326,0.000654476,-1.31727,0.00362279,0.011049,-2.60127,1.23699,-0.00419734,-1.74363,-1.77745,1.48641,-2.30973,-1.87503,-0.00355711
2.97835,0.00247473,1.44114,2.24507,-0.00658451,0.00968675,-0.0139209,2.18235,0.0016447,-0.00634373,-2.58811,1.87635,-2.20713,0.0683824,-1.45527,0.00401642,-0.00519612,0.53837,1.10903,-0.00406257
0.00406554,1.05354,0.0084109,0.418065,-0.0108553,-0.00886988,0.00483264,1.99124,-1.94423,-0.00452855,0.00941116,0.00248996,0.00220818,-0.00770399,1.73915,0.00346532,-0.000466504,0.00404886,0.010496,-0.00362914
0.0206468,-0.00553161,0.591592,1.27033,-0.00370126,2.44004,0.715535,0.630571,0.0077627,2.31151,0.119468,-0.694076,0.00440716,0.00347164,-1.38806,0.0150781,0.000595188,-0.00203332,0.00344215,0.0167692
0.00235154,-0.0040745,-0.00382307,-0.00165609,-1.87652,0.00309968,0.00274115,1.59999,-1.30658,-0.00225873,0.357322,0.00150142,-1.13312,-1.38515,0.000477504,-0.000478096,1.11638,0.00373646,-0.00347127,-0.0104447
1.82085,0.00549211,0.00761971,0.0144772,0.000547432,2.12409,2.24281,1.88689,-0.00877729,9.4489e-05,2.20295,0.00463115,-0.00817075,-0.00682154,-1.26723,-0.00626489,0.00886994,1.75554,-1.14206,-1.93379
1.5728,-0.0100841,0.00613892,1.89855,0.00465283,-0.00350972,0.00744069,-0.00404388,2.56488,-2.2656,0.00412012,0.00430185,-1.36299,0.00415859,-0.00247244,0.00582001,-0.00432407,0.00425103,0.00783624,-2.06258
-0.00657335,-0.0055074,-0.00639727,1.5082,-1.83449,1.91314,-8.20723e-05,-0.0013505,0.000880974,0.0122327,-0.981383,0.00331463,2.64243,0.00496597,0.000438347,-0.000360769,-2.09574,-1.59585,-0.0053051,1.94088
-0.00531341,-0.483702,-1.01607,1.00278,0.00281744,-1.48005,-0.000797467,-0.00902738,-0.00459371,-0.0165335,-0.00697672,-0.279269,0.00735414,-0.00850637,-0.00416658,0.330393,-0.364646,-1.62062,-0.00231976,0.00307791
0.00670266,0.00222164,-0.762411,-0.00748438,-0.00220546,-2.18431,0.00771325,2.23038,-2.23958,-2.03025,0.00462583,0.000900779,-0.0046255,-2.221,0.0130224,-0.00255187,0.0121936,-0.00716474,-0.00308512,-1.69246
0.0764556,0.00395241,-0.011257,-0.127047,0.00177731,0.000347706,2.69544,0.0146356,0.00526775,-0.00448117,2.48684,1.71647,1.50638,-1.8027,1.80183,-0.000654851,-0.00308447,0.00478422,-2.3752,-2.11633
1.98796,0.00432501,0.00212612,0.924327,0.00233969,1.77744,-0.000771937,-0.0991323,0.0250671,-0.895602,-0.00792194,-0.674499,-2.14594,1.87358,-0.00822507,-0.00325835,0.0050508,0.409512,0.0034757,4.04124e-05
-0.00733323,0.00249557,0.595753,0.0024486,2.41985,-0.00481823,0.00177259,-0.00110263,-0.00350426,0.000965955,1.97563,-2.47338,-1.20896,-2.41512,-0.00342236,-0.000887712,0.00555266,-1.22077,-0.00401418,-0.0108859
0.811448,-0.00534298,0.010811,0.00314984,-0.00608972,-0.00291302,0.01022,-0.000446384,-0.00101296,0.00178398,-0.000734397,2.48286,-0.680652,-0.937984,-0.868302,0.00251873,-0.850367,0.00228582,-1.82039,1.0496
0.000798431,-1.92134,0.00654416,-0.720182,-1.64151,2.52345,0.000126588,-0.00240781,-0.00300591,0.000579087,-2.10535,0.00238165,0.00439803,-1.17031,-0.00997888,-0.00268897,7.39572e-05,0.0019289,0.00276113,0.00703522