0.67309,-3.00409,0.289723,0.381608,-0.787685,-1.8403,-1.57438,0.195348,-0.457265,-0.20903,-0.0823922,-2.01222,-0.330105,-0.81134,0.102057,0.226276,0.0398182,-1.07424,0.160342,-0.48147
0.202221,-0.310439,0.9563,0.508154,-0.500729,0.292677,-0.03589,0.176517,-0.329607,1.9517,1.94843,-1.46175,-0.033691,-0.59466,0.148318,0.403292,-0.317441,-0.249797,1.04161,0.767736
-0.200837,-0.90648,-0.608954,0.568341,0.196073,-0.00650827,-2.25999,-0.420371,-1.29892,0.0637084,-0.266958,-1.92179,-1.52449,-1.01414,0.0157118,0.118699,-0.93292,-0.256772,-0.308927,0.736618
0.784461,-0.129987,-0.427779,0.802954,1.9204,0.592524,-1.28279,1.85473,0.307496,0.350413,0.396139,0.674475,-2.44581,0.266826,1.64901,0.21589,-0.235067,0.640876,-2.46396,-0.249235
-2.14016,-0.252052,-1.92975,1.49795,2.197,0.355482,-1.79767,-0.957421,-0.358273,-2.55259,-2.71666,0.427038,-0.526769,-0.714156,-0.786358,-2.25793,0.168826,0.657678,-0.781308,0.0961582
-2.72521,-0.186136,-0.452947,0.238292,0.370423,0.371624,-2.19539,-2.02799,-0.630357,-1.61226,-1.91873,-0.501133,0.954085,-0.218639,-2.23711,-0.911671,0.118754,0.191217,0.0914861,0.385673
1.32527,-0.447226,1.9522,-0.166601,1.31377,-0.077923,-2.60366,0.122053,-0.0349777,2.27312,1.1997,-0.00900396,-1.07239,0.199233,0.136741,0.124736,0.177816,0.162774,-2.34262,0.135568
0.196551,2.29138,-0.445478,0.322653,2.05629,0.910845,0.91204,-1.03408,0.35658,-0.246556,-0.901397,2.61018,0.387856,-0.114102,-0.373779,-2.22604,0.599929,0.980729,-0.391799,0.215982
-2.50197,0.649295,-1.99174,0.171213,2.13777,2.62173,-1.89329,0.380666,0.696422,-0.454877,-0.915048,0.291804,-0.555601,0.279602,-0.245164,-1.7384,0.681331,2.49652,-2.51152,-0.0849184
-1.24307,2.21824,-0.263817,0.0697373,1.15209,0.372762,1.37084,-2.67181,-0.0553287,-0.681525,-1.51736,2.17274,1.2227,0.695307,-0.873836,-1.01881,-0.062609,0.477271,0.307175,1.39846
-0.0852583,0.472059,0.308306,0.739408,2.23876,1.81714,-1.89612,2.44675,0.950125,1.18874,1.75995,1.4634,-1.77738,1.40514,0.6417,1.28416,-0.00944819,0.77022,-1.73404,-0.137572
-1.82863,0.707386,-0.606724,0.884569,0.336532,1.79587,-0.493355,0.219826,-0.0171471,-0.165646,0.367453,-0.328853,-0.125351,-0.348708,-0.415155,-0.275902,0.0297668,0.928494,-0.10158,0.224724
-1.50402,-0.381064,0.30492,0.174648,-1.13947,0.623717,0.103876,2.12054,0.377612,-0.3466,1.08227,-0.840637,-0.379661,0.865111,0.323737,2.32864,-0.533692,-0.327184,0.363947,-0.409108
-1.77267,-0.450735,1.60832,1.64518,-0.359855,0.741771,-0.412416,1.23703,0.124142,0.748532,1.89305,-1.1236,-0.151947,-0.16875,-0.0192394,1.14654,-0.178487,-0.201795,0.261234,0.156531
2.38876,0.176018,0.753692,1.85471,0.769252,0.090476,0.285788,1.16269,0.17351,0.659058,1.94208,2.08368,-1.96305,0.417959,1.71738,2.13382,-0.273624,-0.431034,-1.06878,-0.0117686