0.677733,-3.00406,0.293351,0.38327,-0.790548,-1.84038,-1.57438,0.195919,-0.460383,-0.208984,-0.0822983,-2.01224,-0.33245,-0.811282,0.102854,0.226231,0.0395415,-1.07423,0.161057,-0.484375
0.200933,-0.310927,0.962622,0.508165,-0.506459,0.291444,-0.0341859,0.178516,-0.332395,1.95172,1.94838,-1.46176,-0.0359928,-0.594684,0.14777,0.408012,-0.319478,-0.253248,1.04161,0.767734
-0.201127,-0.910943,-0.608964,0.573271,0.196418,-0.00647794,-2.25999,-0.420378,-1.29893,0.0631746,-0.26854,-1.92177,-1.52452,-1.01415,0.0171082,0.118678,-0.932927,-0.255377,-0.309916,0.736624
0.788949,-0.131065,-0.429796,0.806997,1.9204,0.597106,-1.28821,1.85474,0.308782,0.353707,0.399616,0.677391,-2.4458,0.268329,1.64899,0.220161,-0.233161,0.643524,-2.46398,-0.251203
-2.14012,-0.25244,-1.92974,1.49799,2.19701,0.359349,-1.79768,-0.963224,-0.359616,-2.55256,-2.71676,0.434006,-0.52739,-0.714156,-0.789872,-2.25789,0.168138,0.662374,-0.786728,0.0983816
-2.72523,-0.189073,-0.455814,0.238013,0.373934,0.371661,-2.19538,-2.02799,-0.630356,-1.61226,-1.91872,-0.50528,0.953672,-0.219903,-2.23712,-0.92063,0.118725,0.194547,0.0903355,0.388027
1.3253,-0.449967,1.95221,-0.162704,1.31377,-0.07646,-2.60367,0.127573,-0.033498,2.27314,1.20523,-0.00730618,-1.07641,0.199431,0.140337,0.126142,0.177847,0.162827,-2.34261,0.135834
0.19764,2.29138,-0.449254,0.326717,2.05627,0.913022,0.912051,-1.04253,0.357235,-0.248752,-0.908447,2.6102,0.39116,-0.11408,-0.373829,-2.22608,0.604204,0.980754,-0.3956,0.218676
-2.502,0.655607,-1.99174,0.171982,2.13778,2.62172,-1.8933,0.383441,0.696427,-0.46027,-0.92012,0.294724,-0.558935,0.279566,-0.24778,-1.7384,0.681314,2.49652,-2.51152,-0.0862335
-1.24306,2.21828,-0.267093,0.0711735,1.1521,0.37588,1.37083,-2.67182,-0.0547212,-0.686423,-1.51734,2.17272,1.2227,0.695339,-0.879242,-1.02432,-0.0625924,0.478094,0.310796,1.39845
-0.0857145,0.475708,0.31277,0.745,2.23876,1.81714,-1.89611,2.44674,0.950127,1.18874,1.75996,1.4634,-1.7774,1.40514,0.647971,1.28416,-0.00813883,0.773689,-1.74796,-0.139176
-1.8286,0.708998,-0.606394,0.884635,0.340816,1.79585,-0.494238,0.221967,-0.017169,-0.163597,0.363755,-0.328678,-0.127153,-0.348587,-0.415423,-0.277378,0.0286094,0.928207,-0.102659,0.226811
-1.50401,-0.381907,0.303414,0.180172,-1.13949,0.625322,0.102107,2.12054,0.377605,-0.343847,1.08737,-0.84679,-0.377741,0.865161,0.327311,2.32863,-0.533672,-0.324948,0.365703,-0.410063
-1.7727,-0.451204,1.60831,1.64514,-0.360796,0.744494,-0.412419,1.23703,0.123646,0.750808,1.89309,-1.12356,-0.1515,-0.16448,-0.0201213,1.14655,-0.179632,-0.200932,0.264391,0.157364
2.38875,0.176282,0.758579,1.8547,0.775646,0.0889252,0.285442,1.17304,0.175316,0.665176,1.94207,2.0837,-1.96305,0.420257,1.7174,2.13382,-0.277244,-0.433007,-1.06878,-0.0120206