0.698595,-3.00546,0.309992,0.389449,-0.804883,-1.84065,-1.57407,0.198174,-0.477277,-0.210849,-0.0814553,-2.01013,-0.346971,-0.813374,0.104044,0.226183,0.0369904,-1.0742,0.163419,-0.497994
0.194966,-0.312792,0.994723,0.50869,-0.534744,0.286432,-0.0255424,0.188984,-0.345709,1.95173,1.94801,-1.46242,-0.0462093,-0.594069,0.145805,0.433018,-0.329754,-0.271003,1.04167,0.767517
-0.204401,-0.933915,-0.608982,0.594857,0.1976,-0.00792542,-2.25987,-0.420223,-1.29898,0.059563,-0.272627,-1.92087,-1.52468,-1.01509,0.0225618,0.118659,-0.933393,-0.247876,-0.314729,0.736887
0.810386,-0.136356,-0.439689,0.826185,1.9204,0.618454,-1.31382,1.85481,0.314291,0.369309,0.418513,0.692145,-2.44581,0.275023,1.64893,0.241012,-0.224757,0.656265,-2.46408,-0.260471
-2.13931,-0.252399,-1.9297,1.49909,2.19712,0.382688,-1.79791,-0.991562,-0.364745,-2.55269,-2.7173,0.465519,-0.527369,-0.712675,-0.804442,-2.25786,0.166767,0.684949,-0.811783,0.108656
-2.72522,-0.205182,-0.470133,0.234496,0.391257,0.370897,-2.19536,-2.028,-0.630331,-1.61223,-1.91887,-0.523414,0.950332,-0.228613,-2.23705,-0.965347,0.118753,0.211045,0.0833564,0.400204
1.32546,-0.461947,1.95218,-0.140047,1.31378,-0.0673803,-2.60372,0.155606,-0.0260066,2.27313,1.22928,-0.0012684,-1.0948,0.203434,0.158975,0.133602,0.179613,0.163172,-2.34256,0.136094
0.200234,2.28991,-0.469276,0.343314,2.05604,0.919371,0.912372,-1.08443,0.358729,-0.261881,-0.936408,2.61232,0.403335,-0.116126,-0.374304,-2.22615,0.62349,0.980821,-0.415588,0.233053
-2.50214,0.685785,-1.99172,0.173254,2.13781,2.62176,-1.89332,0.397161,0.696464,-0.487054,-0.943832,0.311502,-0.575788,0.279268,-0.260574,-1.73838,0.68113,2.49646,-2.51155,-0.0924106
-1.2435,2.21785,-0.283766,0.0787802,1.15209,0.389648,1.37094,-2.67168,-0.0522553,-0.711041,-1.51702,2.17345,1.2226,0.69456,-0.906195,-1.052,-0.0629636,0.481771,0.328535,1.39865
-0.0880414,0.49363,0.334766,0.772751,2.23877,1.81711,-1.89609,2.44669,0.950141,1.1887,1.76003,1.46342,-1.77748,1.40512,0.679117,1.2842,-0.00138111,0.790704,-1.81656,-0.147113
-1.82896,0.71958,-0.60451,0.88425,0.36105,1.79561,-0.499149,0.231986,-0.0173705,-0.154718,0.34531,-0.331879,-0.13562,-0.348965,-0.416368,-0.286747,0.0239934,0.927614,-0.10802,0.236078
-1.50458,-0.385531,0.295727,0.208134,-1.13967,0.632117,0.0936418,2.1208,0.377478,-0.329833,1.11297,-0.87758,-0.369631,0.864026,0.343289,2.32858,-0.534395,-0.31256,0.374094,-0.414231
-1.77267,-0.454527,1.60833,1.64514,-0.364509,0.756844,-0.41248,1.23703,0.12131,0.761855,1.89308,-1.12363,-0.149444,-0.146462,-0.0248786,1.14662,-0.186319,-0.197158,0.279742,0.16211
2.38885,0.176972,0.782772,1.85485,0.80752,0.0813941,0.283143,1.22426,0.18452,0.695962,1.94195,2.08349,-1.96302,0.430516,1.71754,2.13381,-0.295392,-0.442889,-1.06875,-0.013231