0.700538,-3.00567,0.313034,0.387835,-0.807713,-1.84057,-1.57412,0.199103,-0.480925,-0.210923,-0.0817539,-2.0097,-0.350472,-0.814357,0.103585,0.226695,0.0347623,-1.07425,0.163392,-0.499678
0.19446,-0.312351,1.00124,0.508924,-0.540343,0.285637,-0.0238876,0.190962,-0.34821,1.95171,1.948,-1.46264,-0.0479303,-0.593677,0.145594,0.43809,-0.331517,-0.274591,1.04164,0.767378
-0.205979,-0.939521,-0.608961,0.597741,0.197678,-0.00834728,-2.25989,-0.420141,-1.29889,0.0589561,-0.272738,-1.92066,-1.5246,-1.01547,0.0232557,0.118809,-0.933437,-0.246318,-0.315771,0.736984
0.814345,-0.137454,-0.441582,0.82966,1.92052,0.622487,-1.31862,1.85474,0.315183,0.372322,0.422517,0.695204,-2.44588,0.275992,1.64899,0.24522,-0.223072,0.658624,-2.46404,-0.262255
-2.13914,-0.25064,-1.92975,1.49932,2.19696,0.387851,-1.79791,-0.997477,-0.3655,-2.55283,-2.71708,0.469204,-0.526733,-0.712089,-0.806795,-2.2582,0.167623,0.689428,-0.81631,0.109985
-2.72515,-0.20839,-0.472922,0.233729,0.394723,0.370718,-2.19532,-2.02807,-0.630337,-1.61224,-1.91892,-0.527022,0.949448,-0.230349,-2.23706,-0.974225,0.118894,0.214253,0.0818351,0.402544
1.32546,-0.464013,1.95216,-0.134906,1.31376,-0.0653684,-2.60374,0.161281,-0.0245356,2.27314,1.2336,-0.000507389,-1.09815,0.204903,0.162716,0.135073,0.180111,0.163326,-2.34257,0.135902
0.198758,2.28971,-0.47342,0.343895,2.05617,0.920157,0.912349,-1.0921,0.358772,-0.264127,-0.940648,2.61265,0.405,-0.116925,-0.374172,-2.2257,0.62541,0.980836,-0.42001,0.236868
-2.5021,0.69143,-1.99172,0.173017,2.13779,2.6218,-1.89333,0.399974,0.696505,-0.492254,-0.948457,0.315416,-0.579072,0.279263,-0.263093,-1.73837,0.681031,2.49649,-2.51156,-0.0935183
-1.24366,2.21776,-0.287181,0.0793455,1.15217,0.392021,1.37092,-2.67166,-0.0519121,-0.715768,-1.51708,2.17366,1.22265,0.694116,-0.911642,-1.05732,-0.0629513,0.482395,0.331891,1.3987
-0.0885983,0.497105,0.339088,0.778125,2.23876,1.8171,-1.89609,2.44669,0.950131,1.18867,1.76009,1.46349,-1.77753,1.40503,0.685312,1.28422,8.97829e-05,0.794041,-1.83007,-0.148592
-1.82921,0.721293,-0.604214,0.883915,0.365007,1.79558,-0.500044,0.233958,-0.0173584,-0.153128,0.342289,-0.331905,-0.137429,-0.349451,-0.416521,-0.288779,0.0229348,0.927625,-0.109196,0.238039
-1.50466,-0.38756,0.294152,0.212513,-1.13961,0.633372,0.0922779,2.12089,0.377624,-0.326459,1.11821,-0.881752,-0.368226,0.863521,0.34586,2.32884,-0.53462,-0.309821,0.37547,-0.414535
-1.77263,-0.455146,1.60834,1.64515,-0.365082,0.759168,-0.412489,1.23705,0.120911,0.763935,1.8931,-1.12366,-0.149044,-0.143166,-0.0258281,1.14658,-0.187577,-0.196553,0.282783,0.163187
2.38893,0.177298,0.787573,1.85497,0.813836,0.0799629,0.282516,1.23433,0.186437,0.702115,1.94193,2.08339,-1.963,0.432908,1.71751,2.13374,-0.298934,-0.444842,-1.06877,-0.0136086