0.701646,-3.00542,0.316047,0.385094,-0.81018,-1.84058,-1.5742,0.200233,-0.484318,-0.210626,-0.0821365,-2.00997,-0.353849,-0.81466,0.103185,0.227185,0.0321692,-1.07419,0.163314,-0.500981
0.194275,-0.311594,1.00778,0.508945,-0.545968,0.284895,-0.0222112,0.192818,-0.35073,1.95165,1.94812,-1.46267,-0.0496267,-0.593513,0.145345,0.442976,-0.333266,-0.278178,1.04161,0.767312
-0.207839,-0.945445,-0.608953,0.60015,0.197797,-0.00877494,-2.25995,-0.420112,-1.29879,0.0584895,-0.272865,-1.92075,-1.52448,-1.01558,0.0239024,0.118969,-0.933348,-0.244715,-0.316805,0.737007
0.818174,-0.138544,-0.443405,0.832999,1.92061,0.626487,-1.32328,1.8547,0.315993,0.375347,0.426488,0.698211,-2.4459,0.276823,1.64903,0.249566,-0.221192,0.660906,-2.464,-0.264118
-2.13921,-0.24836,-1.92979,1.49924,2.19675,0.393067,-1.79786,-1.00349,-0.366363,-2.55292,-2.71677,0.472067,-0.526096,-0.711913,-0.809202,-2.25855,0.168585,0.693879,-0.820805,0.111072
-2.72513,-0.211497,-0.475655,0.233062,0.398256,0.37058,-2.19528,-2.02812,-0.630381,-1.61224,-1.91897,-0.530845,0.948462,-0.231856,-2.23703,-0.98305,0.118952,0.217442,0.0803297,0.404732
1.32545,-0.466017,1.95213,-0.129627,1.31373,-0.0633509,-2.60375,0.166989,-0.0230534,2.27311,1.2379,0.000200715,-1.10141,0.206543,0.166404,0.136459,0.180515,0.163495,-2.3426,0.135656
0.196671,2.28999,-0.47754,0.34357,2.05645,0.920915,0.912264,-1.09949,0.359092,-0.265991,-0.94505,2.61231,0.406794,-0.117121,-0.374012,-2.22524,0.626868,0.980929,-0.424456,0.240976
-2.50205,0.697017,-1.99171,0.17273,2.13783,2.6218,-1.89336,0.402827,0.696532,-0.497393,-0.953142,0.319403,-0.582228,0.279293,-0.265591,-1.73833,0.681035,2.4965,-2.51156,-0.0945992
-1.24365,2.21783,-0.290604,0.0794518,1.15226,0.394292,1.37089,-2.67165,-0.0514948,-0.720326,-1.51721,2.17361,1.22274,0.693949,-0.917009,-1.06231,-0.0628657,0.482977,0.335215,1.3987
-0.0892406,0.500481,0.343385,0.783372,2.23873,1.81711,-1.89609,2.44671,0.950116,1.1887,1.76008,1.46357,-1.77754,1.40496,0.691499,1.28423,0.00161775,0.797353,-1.84352,-0.149972
-1.82927,0.722759,-0.603944,0.883855,0.369067,1.79556,-0.500914,0.235917,-0.0172658,-0.151503,0.339447,-0.331456,-0.139297,-0.349652,-0.416527,-0.290594,0.0219308,0.92761,-0.11037,0.240106
-1.50454,-0.389988,0.292577,0.216474,-1.13943,0.634619,0.0909859,2.12086,0.377837,-0.322764,1.1232,-0.885283,-0.366639,0.863411,0.348322,2.32909,-0.534503,-0.306961,0.37677,-0.414702
-1.77263,-0.455736,1.60835,1.64515,-0.365656,0.761469,-0.412503,1.23709,0.120477,0.765959,1.8931,-1.12361,-0.14865,-0.139861,-0.0267829,1.14656,-0.188753,-0.195985,0.285823,0.164345
2.38895,0.177759,0.792357,1.85498,0.820083,0.0785669,0.281837,1.24431,0.188357,0.70822,1.94198,2.08335,-1.96301,0.435623,1.71751,2.13369,-0.302479,-0.446778,-1.06879,-0.0140704