0.106196,-3.00513,0.0376135,0.0823514,-0.134627,-1.83889,-1.57405,0.0442876,-0.0162934,-0.0265843,-0.0825927,-2.01122,-0.081916,-0.811521,-0.0217803,0.225626,0.0526917,-1.0737,0.0293225,-0.0713442
0.0414642,-0.102236,0.162633,0.507471,-0.0213326,0.110136,-0.0590935,0.0238291,-0.0853213,1.94991,1.94925,-1.46169,0.112457,-0.593672,0.104468,0.0417161,-0.156365,0.0183342,1.04259,0.768923
-0.0358511,-0.149566,-0.609712,0.115544,0.00154703,-0.0537745,-2.25896,-0.420501,-1.29849,0.0598788,-0.0455628,-1.92126,-1.5258,-1.01465,-0.110084,0.118909,-0.932393,-0.0634765,-0.0516033,0.736237
0.123069,-0.0382441,-0.0468917,0.0432162,1.92008,0.0627682,-0.198184,1.85448,0.0294783,-0.0491826,0.10241,0.115158,-2.44435,0.0127135,1.65037,0.00689572,-0.0833086,0.100726,-2.46284,0.000180223
-2.14027,-0.0640899,-1.92824,1.49804,2.19745,0.0569163,-1.79683,-0.135713,-0.0581249,-2.55249,-2.71668,0.0402536,-0.0411859,-0.713275,-0.0919398,-2.25796,-0.0343667,0.0955005,-0.103452,-0.00382426
-2.72409,-0.0170947,-0.046136,0.00730833,0.0747584,0.0609434,-2.19712,-2.02761,-0.630479,-1.61362,-1.91726,-0.058914,0.223589,-0.0329704,-2.23583,-0.0982319,0.117656,0.00540971,0.0357841,0.0883983
1.32433,-0.0753986,1.95298,-0.0961356,1.31359,0.00312886,-2.60281,-0.0157765,-0.0424282,2.27239,0.15821,-0.00965006,-0.134962,0.032891,0.0144713,0.0241587,0.00861456,0.0334522,-2.3432,0.0511113
0.0533409,2.29119,-0.0620971,0.0247372,2.05615,0.159596,0.912093,-0.119778,0.0932778,-0.0308912,-0.126301,2.61019,-0.00648087,-0.115479,-0.373731,-2.22595,0.146979,0.979172,-0.0503761,0.00764241
-2.5019,0.100924,-1.99203,0.0440514,2.13661,2.62125,-1.89244,0.0568676,0.696883,-0.0223936,-0.145467,0.0383101,-0.0925415,0.279178,-0.0448877,-1.73811,0.681879,2.49638,-2.51159,-0.0076177
-1.24373,2.2163,-0.00951323,0.0253488,1.15126,0.0612241,1.37161,-2.67171,0.0280456,-0.0285646,-1.51724,2.17358,1.22149,0.695583,-0.136962,-0.156348,-0.0630791,0.0663081,0.00995337,1.39886
-0.0251981,0.0560115,-0.000492995,0.098419,2.23891,1.81622,-1.8965,2.44729,0.949879,1.18909,1.75998,1.46362,-1.77627,1.40544,0.0424085,1.28375,0.00410695,0.122251,-0.202761,-0.0108865
-1.82693,0.15246,-0.104713,0.883839,0.0770929,1.79563,-0.0985381,0.0277796,-0.0173523,-0.0970156,0.0564469,-0.113407,0.0538178,-0.34763,-0.0677471,0.0187842,0.0837951,0.161062,-0.0104598,0.0337759
-1.50467,-0.0668105,0.111732,-0.000181188,-1.1385,0.141222,0.0359052,2.11963,0.37773,-0.11546,0.120483,-0.0863068,-0.0631073,0.864795,0.0144924,2.32817,-0.534305,-0.0719058,0.0566493,-0.053823
-1.77356,-0.0876689,1.60807,1.64582,-0.0951439,0.0656849,-0.411033,1.23698,0.0342194,0.198053,1.89142,-1.12293,-0.0913735,-0.0438593,-0.0257976,1.14549,0.02302,-0.0532462,0.0458476,-0.0229301
2.3892,0.0682845,0.118236,1.85517,0.0889298,0.0129611,0.055316,0.13851,0.00380286,0.0694281,1.94192,2.08332,-1.96218,0.0912379,1.71659,2.13441,-0.0321942,-0.0551783,-1.06873,0.0160602