0.702273,-3.00505,0.319048,0.381663,-0.812147,-1.84063,-1.57424,0.201472,-0.487369,-0.210039,-0.0823922,-2.01049,-0.356991,-0.814492,0.102852,0.227474,0.029505,-1.07409,0.16324,-0.502072
0.194284,-0.310648,1.01433,0.508819,-0.551611,0.284194,-0.020495,0.194542,-0.353298,1.95158,1.94827,-1.46257,-0.0513613,-0.593563,0.145079,0.447652,-0.335029,-0.281795,1.0416,0.767326
-0.20984,-0.951499,-0.608953,0.602269,0.198035,-0.00922749,-2.25997,-0.420125,-1.29875,0.0581398,-0.273096,-1.92097,-1.5244,-1.01551,0.0245163,0.119086,-0.933214,-0.243037,-0.317807,0.736961
0.821904,-0.139633,-0.445151,0.83625,1.92062,0.630458,-1.32783,1.85472,0.316719,0.37841,0.43038,0.701168,-2.44587,0.277545,1.64903,0.254037,-0.219192,0.663153,-2.464,-0.266066
-2.13938,-0.245832,-1.92981,1.49902,2.19659,0.398352,-1.79784,-1.00957,-0.36736,-2.55296,-2.71655,0.474522,-0.525583,-0.712027,-0.811677,-2.25876,0.169503,0.698216,-0.825306,0.112042
-2.72515,-0.21454,-0.478328,0.23246,0.401863,0.370484,-2.19527,-2.02813,-0.630427,-1.61223,-1.91898,-0.534828,0.947403,-0.233181,-2.237,-0.991814,0.118941,0.220633,0.0788404,0.406772
1.32543,-0.467966,1.95212,-0.124271,1.31373,-0.0613384,-2.60375,0.172709,-0.0215284,2.27307,1.24224,0.000872949,-1.10463,0.208311,0.170034,0.137748,0.180855,0.163648,-2.3426,0.135387
0.19429,2.29037,-0.481623,0.342707,2.05674,0.921582,0.912238,-1.10672,0.359753,-0.267607,-0.949734,2.61176,0.408816,-0.116949,-0.37396,-2.22493,0.628237,0.981048,-0.428859,0.245208
-2.50203,0.702602,-1.99171,0.172404,2.1379,2.62178,-1.89336,0.405686,0.696524,-0.502512,-0.957866,0.323373,-0.585254,0.279316,-0.268045,-1.73828,0.681107,2.4965,-2.51155,-0.0956817
-1.24356,2.21796,-0.294025,0.0792753,1.15233,0.396457,1.37087,-2.67166,-0.0509597,-0.724734,-1.51732,2.17345,1.2228,0.693993,-0.922305,-1.06694,-0.0627869,0.483548,0.338523,1.39866
-0.0899483,0.503746,0.347654,0.78854,2.23868,1.81713,-1.89609,2.44674,0.95011,1.18875,1.76002,1.46362,-1.77753,1.40495,0.697657,1.28424,0.00315538,0.800651,-1.85691,-0.151261
-1.8292,0.724093,-0.603689,0.883971,0.373178,1.79555,-0.501779,0.237876,-0.0171548,-0.149817,0.336654,-0.330703,-0.141198,-0.349598,-0.416434,-0.292215,0.0209665,0.927594,-0.111541,0.242255
-1.50439,-0.392525,0.291016,0.220172,-1.13921,0.635796,0.0897572,2.12076,0.377966,-0.318922,1.12798,-0.888606,-0.364874,0.863506,0.350714,2.32927,-0.534238,-0.303963,0.378039,-0.414813
-1.77264,-0.456329,1.60834,1.64516,-0.366251,0.763759,-0.412515,1.23713,0.119969,0.767988,1.89306,-1.12355,-0.148224,-0.136562,-0.0277437,1.14656,-0.189895,-0.195443,0.288859,0.165568
2.38892,0.178324,0.797123,1.85493,0.826277,0.077205,0.281119,1.2542,0.190263,0.714254,1.94204,2.08337,-1.96304,0.438594,1.71754,2.13367,-0.306005,-0.448713,-1.0688,-0.014599