0.703147,-3.00458,0.325068,0.374119,-0.81465,-1.84064,-1.57421,0.203977,-0.492701,-0.208444,-0.0825002,-2.0113,-0.362648,-0.813612,0.102135,0.227416,0.0245153,-1.07399,0.163122,-0.504182
0.194393,-0.308601,1.02745,0.508489,-0.562832,0.282804,-0.0169477,0.197716,-0.358578,1.95152,1.94844,-1.46226,-0.0549439,-0.593997,0.144627,0.456599,-0.338635,-0.28917,1.04157,0.767484
-0.213877,-0.963553,-0.608948,0.606194,0.198966,-0.0101803,-2.25993,-0.420209,-1.2988,0.0576801,-0.273942,-1.92133,-1.52442,-1.01515,0.0255723,0.1191,-0.933027,-0.239437,-0.319659,0.736793
0.82921,-0.141801,-0.44845,0.842662,1.92053,0.638291,-1.33668,1.85482,0.317994,0.384601,0.43795,0.70699,-2.44576,0.278808,1.64898,0.263119,-0.21521,0.667593,-2.46407,-0.27003
-2.1397,-0.240695,-1.92983,1.49858,2.19657,0.409107,-1.79787,-1.02179,-0.369599,-2.5529,-2.71643,0.479346,-0.52499,-0.712636,-0.816629,-2.25869,0.171047,0.706449,-0.834282,0.114001
-2.7252,-0.220563,-0.483543,0.231281,0.409221,0.37034,-2.19526,-2.02807,-0.630444,-1.61224,-1.91894,-0.542973,0.9452,-0.235612,-2.23699,-1.00918,0.11885,0.227039,0.0758196,0.410624
1.3254,-0.471752,1.95213,-0.113526,1.31379,-0.0573251,-2.60375,0.184136,-0.0183365,2.27303,1.25111,0.00216398,-1.11106,0.212017,0.177187,0.140145,0.181524,0.163863,-2.34256,0.134825
0.189478,2.29079,-0.489658,0.340387,2.05696,0.922598,0.912315,-1.12107,0.36173,-0.270619,-0.959802,2.61099,0.4134,-0.116234,-0.374075,-2.22489,0.631496,0.981164,-0.437498,0.253531
-2.50206,0.713828,-1.99171,0.171568,2.13803,2.62176,-1.89334,0.411321,0.696462,-0.51276,-0.967328,0.331134,-0.59102,0.279316,-0.272791,-1.73821,0.68123,2.49649,-2.51154,-0.0979404
-1.24338,2.21815,-0.300834,0.078672,1.15234,0.400531,1.37087,-2.67169,-0.0496014,-0.733238,-1.51739,2.17314,1.22282,0.694339,-0.932788,-1.0754,-0.0627095,0.484694,0.345105,1.39857
-0.0914276,0.509991,0.356107,0.798885,2.2386,1.81717,-1.8961,2.44673,0.950127,1.18882,1.75994,1.46361,-1.77755,1.40506,0.709827,1.2842,0.00613367,0.80723,-1.8835,-0.153691
-1.82896,0.726762,-0.603166,0.884328,0.381255,1.7956,-0.503588,0.241778,-0.0170568,-0.146334,0.330949,-0.328981,-0.145017,-0.349135,-0.416093,-0.295265,0.0190271,0.927633,-0.113888,0.246643
-1.50421,-0.397408,0.287983,0.227101,-1.13897,0.637878,0.0875946,2.12063,0.377895,-0.31129,1.13722,-0.895583,-0.36103,0.863813,0.355269,2.32937,-0.53385,-0.297556,0.380549,-0.415064
-1.77263,-0.457544,1.60833,1.6452,-0.367552,0.768322,-0.412534,1.23716,0.118736,0.772225,1.893,-1.12352,-0.147238,-0.129969,-0.0297113,1.14656,-0.192207,-0.194419,0.294915,0.168092
2.38883,0.179635,0.806601,1.85479,0.838616,0.0745468,0.2796,1.27371,0.194006,0.726103,1.9421,2.08345,-1.96306,0.444882,1.71761,2.13373,-0.312912,-0.452618,-1.0688,-0.0157706