0.703673,-3.0045,0.328102,0.370411,-0.81545,-1.8406,-1.57421,0.205161,-0.495216,-0.207607,-0.0824447,-2.01146,-0.365306,-0.813205,0.101667,0.227208,0.0222203,-1.07403,0.163054,-0.505347
0.19434,-0.307616,1.03401,0.508387,-0.568356,0.282054,-0.0151311,0.199262,-0.36125,1.95154,1.94843,-1.46215,-0.0567275,-0.594213,0.144472,0.461039,-0.340487,-0.292914,1.04155,0.767558
-0.215819,-0.969469,-0.608943,0.608153,0.199592,-0.0106369,-2.25993,-0.420249,-1.29884,0.0575047,-0.274491,-1.92141,-1.52447,-1.01497,0.0259902,0.11902,-0.933005,-0.237552,-0.320501,0.736734
0.832841,-0.142866,-0.450019,0.845877,1.92048,0.642146,-1.34103,1.85487,0.318584,0.387691,0.441656,0.709876,-2.44573,0.279409,1.64895,0.267621,-0.213333,0.669776,-2.46411,-0.271944
-2.13978,-0.238221,-1.92984,1.49846,2.19667,0.414518,-1.79787,-1.02789,-0.370737,-2.55285,-2.71648,0.481969,-0.524816,-0.71293,-0.819025,-2.25852,0.171713,0.710406,-0.83872,0.11507
-2.72522,-0.223575,-0.486106,0.230655,0.41291,0.370257,-2.19527,-2.02804,-0.630421,-1.61225,-1.91893,-0.547023,0.944092,-0.236842,-2.237,-1.01779,0.118816,0.230247,0.0742478,0.41255
1.32539,-0.473618,1.95213,-0.10819,1.31383,-0.0553181,-2.60375,0.189846,-0.0167067,2.27305,1.25559,0.00281268,-1.11426,0.213853,0.180737,0.141337,0.181909,0.163936,-2.34255,0.134528
0.187237,2.29084,-0.493608,0.339219,2.05687,0.923016,0.912329,-1.12825,0.362806,-0.272176,-0.965005,2.61088,0.415797,-0.115903,-0.374131,-2.22507,0.633439,0.98114,-0.441763,0.257515
-2.50208,0.71946,-1.99171,0.171029,2.13804,2.62175,-1.89334,0.414076,0.696447,-0.517896,-0.972022,0.334943,-0.593811,0.279315,-0.27508,-1.73822,0.68124,2.49648,-2.51154,-0.0991299
-1.24333,2.21819,-0.304209,0.078423,1.1523,0.402491,1.37087,-2.6717,-0.0488646,-0.737398,-1.51739,2.17307,1.22281,0.694497,-0.937999,-1.07942,-0.0627035,0.485242,0.348373,1.39854
-0.0921458,0.513009,0.360297,0.804132,2.23858,1.81719,-1.8961,2.44671,0.950137,1.18881,1.75993,1.46358,-1.77757,1.40512,0.715832,1.28419,0.00756157,0.810517,-1.89669,-0.154891
-1.82887,0.728194,-0.602876,0.884447,0.385139,1.79564,-0.504538,0.243701,-0.0170891,-0.144594,0.328001,-0.328245,-0.146913,-0.348923,-0.415878,-0.296868,0.0180355,0.927689,-0.115069,0.248804
-1.50419,-0.399724,0.286513,0.230423,-1.139,0.638824,0.0866795,2.12064,0.377802,-0.307575,1.14176,-0.89932,-0.359042,0.86394,0.357414,2.32929,-0.533806,-0.294206,0.381779,-0.415228
-1.77262,-0.45814,1.60833,1.64522,-0.368248,0.770587,-0.412543,1.23714,0.118066,0.77443,1.89301,-1.12354,-0.146702,-0.126646,-0.0307267,1.14656,-0.193401,-0.193933,0.297943,0.169344
2.38879,0.180336,0.811308,1.85474,0.844804,0.0732251,0.278806,1.28333,0.195851,0.731947,1.9421,2.08348,-1.96306,0.448024,1.71764,2.13376,-0.316276,-0.454582,-1.0688,-0.0163796