0.705033,-3.00449,0.33422,0.363459,-0.816972,-1.84053,-1.57428,0.207364,-0.500362,-0.206068,-0.0822967,-2.01144,-0.370594,-0.812743,0.100564,0.226803,0.0177972,-1.07415,0.162844,-0.507909
0.193909,-0.305781,1.04708,0.508342,-0.579199,0.280371,-0.0114431,0.202432,-0.36653,1.95162,1.94834,-1.46207,-0.0601641,-0.594421,0.144292,0.470142,-0.344291,-0.300444,1.04154,0.767616
-0.219505,-0.981065,-0.60894,0.612188,0.200837,-0.0114275,-2.25996,-0.420287,-1.29888,0.0571167,-0.275584,-1.92142,-1.52456,-1.01476,0.0266406,0.118828,-0.933038,-0.233756,-0.322031,0.736703
0.840095,-0.144931,-0.453003,0.85236,1.92044,0.649738,-1.34962,1.85492,0.31971,0.393818,0.448927,0.715621,-2.44572,0.280605,1.64893,0.27645,-0.209812,0.674032,-2.46415,-0.275524
-2.13982,-0.233492,-1.92985,1.49836,2.1969,0.42527,-1.79782,-1.03997,-0.372896,-2.55276,-2.71661,0.487631,-0.524446,-0.713273,-0.823689,-2.25821,0.173008,0.718237,-0.847445,0.117377
-2.72525,-0.229595,-0.491161,0.229321,0.420172,0.370031,-2.19528,-2.02803,-0.630374,-1.61224,-1.91896,-0.554965,0.941855,-0.23943,-2.23699,-1.03495,0.118799,0.236653,0.0709639,0.416534
1.32539,-0.477358,1.95212,-0.0976152,1.31388,-0.0512878,-2.60375,0.201313,-0.0134799,2.27309,1.26454,0.0041693,-1.12054,0.217358,0.187781,0.14385,0.182802,0.16405,-2.34253,0.13388
0.18314,2.29082,-0.5014,0.337184,2.05648,0.923888,0.912246,-1.14264,0.364791,-0.275525,-0.975346,2.61097,0.420436,-0.115459,-0.374142,-2.22552,0.637616,0.981033,-0.450249,0.265186
-2.50211,0.730748,-1.99172,0.169739,2.13799,2.62175,-1.89339,0.419464,0.69646,-0.528177,-0.981286,0.342525,-0.599289,0.27935,-0.279467,-1.73829,0.681201,2.49644,-2.51154,-0.101599
-1.24331,2.21822,-0.310893,0.0781552,1.15223,0.406348,1.37085,-2.6717,-0.0474603,-0.745632,-1.51735,2.17306,1.22279,0.694647,-0.94833,-1.08743,-0.0627164,0.486185,0.35485,1.39852
-0.0934881,0.518891,0.368624,0.814781,2.23861,1.8172,-1.89608,2.44666,0.950143,1.18878,1.75996,1.46353,-1.7776,1.40516,0.727684,1.28421,0.0103461,0.817102,-1.92285,-0.157332
-1.82882,0.731232,-0.602215,0.884505,0.392642,1.79568,-0.506452,0.247465,-0.0172133,-0.141213,0.321992,-0.327192,-0.150648,-0.348748,-0.415373,-0.300374,0.0160741,0.927844,-0.117464,0.252956
-1.50419,-0.404236,0.283636,0.236977,-1.13926,0.640677,0.0850338,2.12069,0.377694,-0.300247,1.15081,-0.906965,-0.355091,0.864151,0.361478,2.32904,-0.533882,-0.287436,0.384151,-0.415549
-1.77261,-0.459235,1.60834,1.64521,-0.369643,0.775048,-0.412555,1.23711,0.116746,0.778887,1.89306,-1.12359,-0.145595,-0.119925,-0.0328191,1.14658,-0.195845,-0.193005,0.304008,0.171783
2.38877,0.181798,0.82065,1.85472,0.857228,0.0705589,0.277138,1.30236,0.199546,0.743553,1.94208,2.08351,-1.96306,0.454128,1.71769,2.13379,-0.322847,-0.458511,-1.0688,-0.0176074