0.705807,-3.0045,0.337289,0.360197,-0.817925,-1.84052,-1.57433,0.208402,-0.503047,-0.205386,-0.0822405,-2.01137,-0.373282,-0.812674,0.100001,0.226682,0.0155762,-1.0742,0.162698,-0.509249
0.193562,-0.304908,1.0536,0.508369,-0.584541,0.27945,-0.00957852,0.204066,-0.369111,1.95165,1.94829,-1.46208,-0.061813,-0.594415,0.144253,0.474824,-0.346243,-0.304214,1.04154,0.767607
-0.221268,-0.986762,-0.608942,0.614258,0.201345,-0.0117541,-2.25998,-0.420286,-1.29888,0.0568752,-0.276059,-1.92139,-1.52458,-1.01473,0.0269002,0.11876,-0.933061,-0.231886,-0.322728,0.736715
0.843705,-0.145924,-0.454416,0.855617,1.92044,0.653477,-1.35386,1.85492,0.32024,0.396858,0.45249,0.718478,-2.44571,0.281189,1.64894,0.280792,-0.208127,0.676099,-2.46416,-0.277202
-2.1398,-0.231215,-1.92985,1.49836,2.19698,0.430597,-1.79779,-1.04595,-0.373898,-2.55274,-2.71665,0.49057,-0.524201,-0.713323,-0.826018,-2.25812,0.173681,0.722178,-0.851734,0.118577
-2.72525,-0.232586,-0.493649,0.228638,0.423713,0.369893,-2.19528,-2.02803,-0.630365,-1.61224,-1.91898,-0.558864,0.940712,-0.240762,-2.23698,-1.04349,0.118806,0.239845,0.0692665,0.418582
1.3254,-0.479243,1.95211,-0.0923606,1.31389,-0.0492597,-2.60375,0.207085,-0.0119016,2.27311,1.26899,0.00488309,-1.12361,0.219031,0.191257,0.145177,0.183292,0.1641,-2.34252,0.133524
0.181242,2.29081,-0.505254,0.336357,2.0563,0.924383,0.912182,-1.1498,0.365676,-0.277316,-0.980393,2.61106,0.422602,-0.115341,-0.37412,-2.22569,0.639708,0.980991,-0.454473,0.268935
-2.50211,0.736408,-1.99172,0.169024,2.13795,2.62175,-1.89341,0.422105,0.696471,-0.533317,-0.985854,0.346324,-0.601988,0.279382,-0.281554,-1.73833,0.681176,2.49642,-2.51154,-0.102863
-1.24333,2.21822,-0.314207,0.0781139,1.15221,0.408248,1.37084,-2.6717,-0.0468215,-0.74972,-1.51733,2.17308,1.22279,0.694648,-0.953428,-1.09149,-0.0627243,0.486555,0.358055,1.39853
-0.09412,0.521758,0.372761,0.820143,2.23863,1.81719,-1.89606,2.44665,0.950145,1.18877,1.75997,1.46353,-1.77762,1.40514,0.73353,1.28424,0.0117281,0.820405,-1.93582,-0.158573
-1.82885,0.732791,-0.601853,0.884476,0.396328,1.79567,-0.507383,0.249305,-0.0172546,-0.13959,0.318985,-0.326834,-0.15248,-0.34877,-0.415081,-0.30224,0.0151324,0.92794,-0.118686,0.254946
-1.50419,-0.406464,0.282218,0.240281,-1.1394,0.641626,0.0842131,2.12072,0.37768,-0.296584,1.15531,-0.910732,-0.353174,0.86424,0.363434,2.32891,-0.533937,-0.284083,0.385293,-0.415672
-1.7726,-0.459723,1.60834,1.6452,-0.370299,0.777232,-0.412559,1.2371,0.11612,0.781101,1.89308,-1.12361,-0.145025,-0.116556,-0.0338931,1.1466,-0.197078,-0.19256,0.307044,0.172976
2.38877,0.182562,0.825285,1.85473,0.863443,0.0692168,0.276257,1.31176,0.201411,0.749331,1.94207,2.0835,-1.96306,0.457112,1.7177,2.13378,-0.326072,-0.460472,-1.0688,-0.0182273