0.707366,-3.0045,0.343407,0.353944,-0.820402,-1.84055,-1.57439,0.210406,-0.508595,-0.204163,-0.0821926,-2.01125,-0.378766,-0.812726,0.0989704,0.226622,0.0110042,-1.07424,0.162342,-0.511925
0.192739,-0.303166,1.06663,0.508438,-0.595138,0.277519,-0.00581259,0.20739,-0.374177,1.95164,1.94826,-1.46214,-0.0650055,-0.594307,0.144258,0.484339,-0.350241,-0.311761,1.04154,0.767566
-0.224694,-0.998007,-0.608945,0.618443,0.202021,-0.0122875,-2.26001,-0.420268,-1.29888,0.0563023,-0.276823,-1.92133,-1.52459,-1.01474,0.0273253,0.118708,-0.933083,-0.228229,-0.323999,0.736744
0.850852,-0.147815,-0.457085,0.862115,1.92047,0.660833,-1.36226,1.85493,0.321221,0.402897,0.459476,0.724151,-2.4457,0.282279,1.64895,0.289405,-0.204823,0.680114,-2.46418,-0.280406
-2.13975,-0.226777,-1.92986,1.49839,2.19703,0.441188,-1.79776,-1.05782,-0.37577,-2.55275,-2.71668,0.496445,-0.52359,-0.713282,-0.830788,-2.25809,0.175102,0.730156,-0.860189,0.120997
-2.72525,-0.23849,-0.498534,0.2273,0.430608,0.369603,-2.19527,-2.02805,-0.630377,-1.61224,-1.91901,-0.566582,0.938365,-0.243394,-2.23695,-1.06055,0.118822,0.2462,0.0657963,0.422718
1.32543,-0.48304,1.9521,-0.0818728,1.31388,-0.0451761,-2.60377,0.218718,-0.0088135,2.27311,1.27779,0.00637128,-1.12963,0.222296,0.19808,0.147912,0.184311,0.164194,-2.34251,0.132748
0.17765,2.29079,-0.512899,0.335072,2.05611,0.925501,0.912104,-1.164,0.367259,-0.281081,-0.990182,2.61118,0.426584,-0.115264,-0.374098,-2.22585,0.643725,0.980973,-0.462861,0.276366
-2.5021,0.747768,-1.99171,0.167537,2.13792,2.62177,-1.89345,0.427304,0.696469,-0.543594,-0.994884,0.353934,-0.607302,0.279444,-0.285506,-1.73838,0.681147,2.4964,-2.51154,-0.105429
-1.24337,2.21823,-0.320797,0.0781175,1.15221,0.41195,1.37082,-2.67168,-0.0456463,-0.757832,-1.51732,2.17312,1.2228,0.694574,-0.963451,-1.09968,-0.0627335,0.487079,0.364397,1.39855
-0.0953513,0.527336,0.380976,0.830849,2.23866,1.81719,-1.89604,2.44664,0.95016,1.18877,1.75998,1.46355,-1.77764,1.40507,0.745055,1.2843,0.014509,0.827039,-1.96156,-0.16106
-1.82892,0.735908,-0.601102,0.884399,0.403708,1.79562,-0.509162,0.252903,-0.0172478,-0.136462,0.313062,-0.326279,-0.15607,-0.348903,-0.414405,-0.306026,0.0133464,0.928179,-0.121192,0.258807
-1.50417,-0.410869,0.279417,0.247059,-1.13957,0.643599,0.0824363,2.12075,0.377673,-0.289218,1.1643,-0.918012,-0.349514,0.86436,0.367255,2.32876,-0.534004,-0.2775,0.387504,-0.415807
-1.77261,-0.460597,1.60834,1.64518,-0.371462,0.781503,-0.412566,1.23711,0.114936,0.785482,1.89309,-1.12361,-0.143822,-0.109904,-0.0360927,1.14664,-0.199526,-0.191703,0.313109,0.175344
2.38878,0.184173,0.834493,1.85475,0.87582,0.0665448,0.274392,1.33037,0.205166,0.760843,1.94206,2.08347,-1.96307,0.463079,1.71774,2.13375,-0.33243,-0.464389,-1.06881,-0.0194974