0.708105,-3.0045,0.346451,0.350888,-0.821876,-1.84058,-1.5744,0.211386,-0.511412,-0.203594,-0.0821961,-2.01122,-0.38154,-0.812795,0.0985116,0.226657,0.00865039,-1.07424,0.162139,-0.513237
0.192304,-0.302275,1.07314,0.508462,-0.60041,0.276533,-0.00390965,0.209059,-0.37669,1.95163,1.94826,-1.46217,-0.0665612,-0.594251,0.1443,0.489116,-0.352286,-0.315541,1.04154,0.767549
-0.226374,-1.00357,-0.608945,0.620536,0.2022,-0.0125032,-2.26001,-0.420258,-1.29888,0.0559897,-0.277133,-1.92131,-1.5246,-1.01477,0.0274904,0.118712,-0.933082,-0.226434,-0.324573,0.736751
0.854379,-0.148713,-0.458341,0.865342,1.92049,0.664447,-1.36641,1.85493,0.321673,0.405896,0.462906,0.72696,-2.44569,0.282765,1.64895,0.293701,-0.203193,0.682066,-2.46419,-0.281953
-2.13973,-0.224593,-1.92986,1.49841,2.19702,0.446468,-1.79776,-1.06372,-0.376654,-2.55276,-2.71667,0.499338,-0.523245,-0.713232,-0.83324,-2.25811,0.175842,0.734179,-0.864361,0.122206
-2.72525,-0.241399,-0.500928,0.226657,0.433974,0.369462,-2.19526,-2.02806,-0.630391,-1.61224,-1.91901,-0.570423,0.937164,-0.244661,-2.23693,-1.06906,0.118828,0.249365,0.0640284,0.424779
1.32544,-0.484945,1.9521,-0.0766276,1.31388,-0.0431235,-2.60378,0.224577,-0.00729461,2.27311,1.28217,0.00713882,-1.13259,0.223918,0.201424,0.149294,0.184828,0.164235,-2.34251,0.132331
0.175932,2.29079,-0.51669,0.334581,2.0561,0.926108,0.912099,-1.17103,0.367969,-0.283034,-0.994947,2.6112,0.428421,-0.115282,-0.374108,-2.22585,0.645647,0.98099,-0.467018,0.280058
-2.5021,0.753465,-1.99171,0.166781,2.13793,2.62178,-1.89345,0.429867,0.696457,-0.548731,-0.999355,0.357734,-0.609909,0.279463,-0.287374,-1.73839,0.681143,2.4964,-2.51154,-0.106733
-1.24338,2.21824,-0.324076,0.0781304,1.15223,0.413735,1.37082,-2.67168,-0.0450824,-0.761846,-1.51732,2.17314,1.22281,0.694526,-0.968376,-1.10377,-0.0627349,0.487243,0.367536,1.39855
-0.0959656,0.530042,0.385052,0.836173,2.23866,1.81719,-1.89604,2.44663,0.950171,1.18877,1.75997,1.46356,-1.77765,1.40504,0.750732,1.28432,0.0159108,0.83037,-1.97433,-0.162296
-1.82894,0.737457,-0.600728,0.884374,0.407421,1.7956,-0.51002,0.254661,-0.0172129,-0.134943,0.310157,-0.326026,-0.157837,-0.348966,-0.414019,-0.307894,0.0124915,0.928323,-0.122473,0.260702
-1.50416,-0.413043,0.278038,0.250537,-1.13959,0.644617,0.0814752,2.12076,0.377669,-0.285518,1.16878,-0.921531,-0.347768,0.864376,0.36912,2.32874,-0.534012,-0.274257,0.38858,-0.415823
-1.77261,-0.460996,1.60834,1.64517,-0.371963,0.783595,-0.412571,1.23712,0.114366,0.787659,1.89309,-1.1236,-0.143181,-0.106648,-0.0372175,1.14665,-0.200734,-0.191293,0.316136,0.176529
2.38879,0.185022,0.839068,1.85476,0.881972,0.0652259,0.27341,1.33957,0.20704,0.76657,1.94206,2.08346,-1.96307,0.466106,1.71776,2.13374,-0.335565,-0.466346,-1.06881,-0.0201547