0.115722,-3.00513,0.0395417,0.0894246,-0.146009,-1.83892,-1.57406,0.0476271,-0.0194754,-0.0286781,-0.0825992,-2.01123,-0.0883662,-0.811488,-0.0244537,0.225631,0.0581358,-1.07369,0.0305021,-0.0780109
0.0479147,-0.11078,0.179041,0.507461,-0.0232362,0.118556,-0.063384,0.0271085,-0.0920967,1.94988,1.9493,-1.4617,0.121163,-0.593673,0.112124,0.0445443,-0.169216,0.0187471,1.04255,0.768932
-0.0394819,-0.160497,-0.609699,0.126063,0.00279603,-0.0572219,-2.25895,-0.420496,-1.29851,0.0664058,-0.0514268,-1.92128,-1.5258,-1.01466,-0.115351,0.118929,-0.93237,-0.0691067,-0.056538,0.736223
0.132457,-0.0410406,-0.0506114,0.0499364,1.92006,0.0709014,-0.216154,1.85449,0.031692,-0.0508519,0.111828,0.12496,-2.44433,0.0138829,1.65037,0.00773768,-0.0909668,0.109757,-2.46286,-0.00115547
-2.14027,-0.0690875,-1.92826,1.49803,2.19745,0.0618906,-1.79684,-0.146477,-0.0634927,-2.55249,-2.71667,0.0439464,-0.0469775,-0.713294,-0.100591,-2.25796,-0.0343094,0.103363,-0.112366,-0.00276544
-2.7241,-0.0193266,-0.0505448,0.00638538,0.0811754,0.0676776,-2.19712,-2.02761,-0.630457,-1.61365,-1.91723,-0.0642479,0.244186,-0.0352838,-2.23582,-0.107118,0.117622,0.00764247,0.0379417,0.0955257
1.32433,-0.0809478,1.95296,-0.101663,1.31359,0.00338031,-2.60281,-0.0167619,-0.0422544,2.2724,0.172176,-0.0110139,-0.148305,0.0355127,0.015624,0.0256035,0.0100333,0.0359656,-2.3432,0.0534867
0.058124,2.29118,-0.0671051,0.0286831,2.05617,0.174559,0.912094,-0.13098,0.100563,-0.0344427,-0.137295,2.61019,-0.00403948,-0.115439,-0.373704,-2.22596,0.156195,0.979185,-0.0543777,0.00982305
-2.5019,0.107489,-1.99202,0.048869,2.13664,2.62127,-1.89245,0.0625172,0.696874,-0.0231367,-0.15791,0.0417406,-0.101368,0.279173,-0.0485056,-1.7381,0.681886,2.49637,-2.51158,-0.00872472
-1.24371,2.21632,-0.0114124,0.0280509,1.15126,0.0656079,1.3716,-2.67171,0.0271442,-0.0335604,-1.51726,2.17357,1.22149,0.695584,-0.150013,-0.169444,-0.0630512,0.0728783,0.0117654,1.39884
-0.0269462,0.0608094,0.00075036,0.107945,2.23891,1.81622,-1.89649,2.4473,0.94988,1.1891,1.75997,1.46362,-1.77628,1.40543,0.048722,1.28376,0.00501353,0.132682,-0.222417,-0.013721
-1.82697,0.164953,-0.114141,0.883876,0.0828373,1.79559,-0.10709,0.0284024,-0.0173731,-0.105405,0.0620981,-0.123481,0.054982,-0.347597,-0.0727604,0.0193918,0.0887518,0.175854,-0.011488,0.0363909
-1.50467,-0.0727928,0.122069,-0.000493518,-1.1385,0.153641,0.0386468,2.11962,0.377724,-0.125484,0.13359,-0.0968779,-0.0700523,0.864818,0.0165036,2.32816,-0.534298,-0.0795644,0.0619129,-0.0580085
-1.77354,-0.0947335,1.60807,1.64581,-0.102536,0.0724734,-0.411037,1.237,0.0369765,0.215329,1.8914,-1.12294,-0.100275,-0.0493151,-0.029308,1.14554,0.0242053,-0.0579839,0.0467828,-0.0230156
2.38919,0.0708827,0.128043,1.85515,0.096258,0.0166285,0.0599777,0.151149,0.00458881,0.0753554,1.94194,2.08332,-1.96219,0.0974202,1.71661,2.13439,-0.0354613,-0.0604681,-1.06873,0.0167961