0.708803,-3.0045,0.349484,0.347844,-0.823443,-1.84059,-1.5744,0.212356,-0.514228,-0.203037,-0.0822103,-2.01121,-0.384319,-0.81287,0.0980798,0.226712,0.00626134,-1.07423,0.161923,-0.514527
0.191866,-0.301363,1.07966,0.508476,-0.605668,0.275539,-0.00199152,0.210723,-0.379208,1.95161,1.94828,-1.4622,-0.068094,-0.594211,0.144369,0.493882,-0.354359,-0.319329,1.04153,0.767536
-0.22804,-1.00911,-0.608943,0.622614,0.202299,-0.0126892,-2.26001,-0.420251,-1.29888,0.0556726,-0.277412,-1.9213,-1.5246,-1.01479,0.0276194,0.118727,-0.933077,-0.224652,-0.325105,0.736754
0.857872,-0.149581,-0.459547,0.868551,1.9205,0.668017,-1.37051,1.85494,0.322102,0.408882,0.466297,0.729748,-2.44569,0.283207,1.64894,0.297995,-0.201577,0.683985,-2.46421,-0.28347
-2.13971,-0.22242,-1.92987,1.49843,2.19699,0.451746,-1.79777,-1.06959,-0.377514,-2.55277,-2.71666,0.502197,-0.522888,-0.713181,-0.835728,-2.25815,0.176592,0.738208,-0.868498,0.123413
-2.72525,-0.244282,-0.503289,0.226032,0.437295,0.369327,-2.19525,-2.02807,-0.630404,-1.61225,-1.91902,-0.574263,0.935946,-0.245888,-2.23693,-1.07755,0.118832,0.252523,0.0622377,0.426825
1.32545,-0.486847,1.9521,-0.0713785,1.31388,-0.0410664,-2.60379,0.230463,-0.00578592,2.2731,1.28653,0.00791819,-1.13551,0.225544,0.204726,0.150673,0.185347,0.164271,-2.3425,0.131897
0.174258,2.29078,-0.520455,0.334158,2.05613,0.926735,0.912111,-1.178,0.36863,-0.285022,-0.99965,2.61121,0.430178,-0.115324,-0.374129,-2.22581,0.647528,0.981015,-0.471147,0.283731
-2.5021,0.759169,-1.99171,0.166016,2.13794,2.62178,-1.89346,0.432408,0.696443,-0.553869,-1.0038,0.361523,-0.612475,0.27947,-0.289172,-1.73839,0.681143,2.49639,-2.51154,-0.108055
-1.2434,2.21825,-0.327346,0.078138,1.15225,0.41547,1.37082,-2.67167,-0.0445171,-0.765827,-1.51733,2.17314,1.22282,0.694481,-0.973245,-1.10785,-0.0627348,0.487347,0.370656,1.39856
-0.0965831,0.532692,0.389106,0.841478,2.23865,1.81719,-1.89604,2.44663,0.950182,1.18878,1.75997,1.46358,-1.77766,1.40502,0.756353,1.28434,0.0173177,0.833706,-1.98703,-0.163521
-1.82896,0.739003,-0.600357,0.884362,0.411146,1.79558,-0.510868,0.256391,-0.017174,-0.133445,0.307283,-0.325772,-0.159589,-0.34901,-0.413597,-0.309731,0.0116513,0.928483,-0.123771,0.262585
-1.50415,-0.415199,0.276675,0.254059,-1.13958,0.645648,0.0804827,2.12077,0.377665,-0.281813,1.17324,-0.924989,-0.346066,0.864363,0.370948,2.32876,-0.534007,-0.271029,0.389637,-0.415811
-1.77261,-0.461375,1.60834,1.64517,-0.372415,0.785662,-0.412578,1.23713,0.113801,0.789838,1.89308,-1.12359,-0.142512,-0.103442,-0.038359,1.14666,-0.201931,-0.190894,0.319158,0.177719
2.38879,0.185901,0.843626,1.85476,0.888099,0.0639216,0.272397,1.34871,0.2089,0.772271,1.94207,2.08345,-1.96307,0.469177,1.71778,2.13373,-0.33867,-0.468303,-1.06881,-0.0208294