0.710634,-3.00449,0.358561,0.338649,-0.828236,-1.84063,-1.57437,0.2152,-0.522548,-0.201355,-0.0822632,-2.01123,-0.392563,-0.813044,0.0968352,0.226877,-0.00102156,-1.07421,0.161209,-0.5183
0.190534,-0.298503,1.09922,0.508477,-0.621318,0.272494,0.00386578,0.215653,-0.386828,1.95158,1.9483,-1.46222,-0.0725629,-0.594189,0.144737,0.508083,-0.360727,-0.330758,1.04151,0.767525
-0.232973,-1.02556,-0.608937,0.628697,0.202313,-0.0130922,-2.25999,-0.420242,-1.29888,0.0547525,-0.278172,-1.92129,-1.5246,-1.01487,0.0277561,0.118776,-0.933058,-0.219314,-0.326447,0.736747
0.86817,-0.152035,-0.462863,0.878069,1.92051,0.678472,-1.38255,1.85497,0.323268,0.417748,0.476248,0.737973,-2.44567,0.284282,1.64891,0.310861,-0.196842,0.689543,-2.46426,-0.287843
-2.13969,-0.21591,-1.92989,1.49846,2.19692,0.467576,-1.79782,-1.0871,-0.379992,-2.5528,-2.71661,0.510611,-0.521819,-0.713075,-0.843301,-2.25825,0.17886,0.750239,-0.880691,0.127045
-2.72527,-0.252795,-0.510184,0.224233,0.447049,0.368952,-2.19522,-2.02808,-0.630425,-1.61225,-1.91904,-0.585763,0.93219,-0.24936,-2.23692,-1.10288,0.118836,0.26197,0.056707,0.432866
1.32547,-0.492516,1.95208,-0.0556182,1.3139,-0.0348815,-2.60381,0.248257,-0.00129052,2.2731,1.29959,0.0103094,-1.1441,0.230446,0.214419,0.154791,0.186925,0.164332,-2.34248,0.130509
0.16944,2.29076,-0.531579,0.333067,2.05626,0.928657,0.912172,-1.19857,0.370395,-0.291114,-1.01357,2.6112,0.435116,-0.115494,-0.374212,-2.22564,0.653076,0.981093,-0.483382,0.294589
-2.50213,0.776298,-1.99171,0.163601,2.13801,2.62178,-1.89347,0.439888,0.696425,-0.569282,-1.01699,0.372791,-0.619877,0.279444,-0.294169,-1.73836,0.681144,2.49638,-2.51155,-0.112137
-1.24341,2.21827,-0.337075,0.0781049,1.1523,0.420379,1.37082,-2.67166,-0.0427546,-0.777541,-1.51737,2.17314,1.22286,0.694392,-0.98755,-1.11979,-0.0627302,0.487345,0.379903,1.39856
-0.0984354,0.540329,0.401143,0.857329,2.23861,1.81721,-1.89604,2.44661,0.950198,1.1888,1.75995,1.46361,-1.77771,1.40503,0.772883,1.28435,0.0215416,0.84374,-2.0247,-0.167137
-1.82897,0.743655,-0.599248,0.884384,0.422288,1.79557,-0.513403,0.261415,-0.0171182,-0.12904,0.298773,-0.325008,-0.164797,-0.349017,-0.412123,-0.315091,0.0091707,0.929038,-0.127734,0.268189
-1.50414,-0.421583,0.2727,0.264675,-1.13946,0.648736,0.0774907,2.12079,0.377677,-0.270669,1.18651,-0.935129,-0.341105,0.86423,0.376144,2.32888,-0.533976,-0.261325,0.392687,-0.415635
-1.7726,-0.462418,1.60834,1.64518,-0.373569,0.791725,-0.412604,1.23715,0.112087,0.796411,1.89309,-1.12358,-0.14035,-0.0940529,-0.0418838,1.14666,-0.205475,-0.189778,0.328195,0.181318
2.38878,0.188713,0.857185,1.85475,0.906362,0.060087,0.269186,1.37567,0.214372,0.789206,1.94208,2.08343,-1.96307,0.47862,1.71785,2.13372,-0.347789,-0.474173,-1.06882,-0.0229584