0.711164,-3.00449,0.361588,0.335541,-0.829769,-1.84064,-1.57436,0.216123,-0.525262,-0.200779,-0.082274,-2.01123,-0.395256,-0.813078,0.0964136,0.226912,-0.00346522,-1.07421,0.160949,-0.519537
0.190071,-0.297514,1.10573,0.508472,-0.626478,0.271448,0.00585395,0.217273,-0.389377,1.95157,1.94831,-1.46222,-0.0740101,-0.594199,0.144912,0.512799,-0.362895,-0.33459,1.0415,0.767524
-0.234601,-1.031,-0.608936,0.630662,0.20227,-0.0131809,-2.25999,-0.420242,-1.29888,0.0544628,-0.278415,-1.92129,-1.52461,-1.01488,0.0277128,0.118784,-0.933054,-0.217529,-0.32681,0.736744
0.871549,-0.15281,-0.463868,0.88121,1.92051,0.681877,-1.38646,1.85499,0.32361,0.420675,0.479489,0.740671,-2.44566,0.284572,1.6489,0.31513,-0.195308,0.691334,-2.46427,-0.289239
-2.13969,-0.213734,-1.9299,1.49846,2.19691,0.472852,-1.79783,-1.09289,-0.380792,-2.55281,-2.7166,0.513379,-0.521475,-0.713057,-0.845838,-2.25827,0.179613,0.754214,-0.884681,0.128266
-2.72528,-0.255595,-0.512424,0.223649,0.450238,0.368832,-2.19521,-2.02808,-0.630425,-1.61225,-1.91905,-0.589583,0.930903,-0.250472,-2.23692,-1.11126,0.118836,0.265112,0.0548063,0.434852
1.32547,-0.49439,1.95208,-0.050367,1.31391,-0.0328175,-2.60382,0.254231,0.000200753,2.2731,1.30393,0.01112,-1.1469,0.232077,0.217588,0.156165,0.187464,0.164335,-2.34247,0.130018
0.167887,2.29075,-0.535227,0.332705,2.05629,0.929292,0.912185,-1.20532,0.370948,-0.293171,-1.01818,2.61121,0.436685,-0.11554,-0.374235,-2.22561,0.654922,0.981112,-0.487412,0.298145
-2.50213,0.782009,-1.99171,0.162735,2.13803,2.62178,-1.89347,0.44233,0.696429,-0.574417,-1.02134,0.376512,-0.622235,0.27943,-0.295704,-1.73835,0.681142,2.49637,-2.51155,-0.113536
-1.24341,2.21828,-0.340286,0.0780781,1.15231,0.421923,1.37082,-2.67165,-0.0421459,-0.781369,-1.51738,2.17313,1.22287,0.694374,-0.992221,-1.12366,-0.0627284,0.487247,0.38295,1.39856
-0.0990418,0.542775,0.405117,0.862612,2.23859,1.81722,-1.89604,2.4466,0.950199,1.1888,1.75995,1.46362,-1.77773,1.40504,0.778281,1.28435,0.0229443,0.847089,-2.03712,-0.168327
-1.82897,0.745215,-0.598871,0.884397,0.425962,1.79557,-0.514249,0.263038,-0.0171245,-0.127599,0.295952,-0.32477,-0.166519,-0.348996,-0.411561,-0.316864,0.00835494,0.929245,-0.129075,0.270035
-1.50414,-0.423694,0.271416,0.268173,-1.13943,0.649743,0.0765293,2.12079,0.377687,-0.266938,1.19087,-0.938455,-0.339468,0.864186,0.377767,2.32891,-0.533969,-0.258062,0.393664,-0.415535
-1.7726,-0.462733,1.60834,1.64518,-0.373912,0.793702,-0.412613,1.23716,0.111501,0.798616,1.89309,-1.12357,-0.139584,-0.0909741,-0.0430924,1.14666,-0.206649,-0.189433,0.331196,0.182526
2.38877,0.189707,0.861666,1.85474,0.912423,0.0588285,0.268062,1.38451,0.216166,0.794794,1.94209,2.08343,-1.96307,0.481818,1.71788,2.13372,-0.350761,-0.47613,-1.06882,-0.0236996