0.712537,-3.00447,0.370682,0.326096,-0.834089,-1.84066,-1.57437,0.218812,-0.533243,-0.199004,-0.0822829,-2.01123,-0.403142,-0.813125,0.0951104,0.226956,-0.010814,-1.07421,0.160104,-0.523207
0.188588,-0.294461,1.12524,0.508469,-0.641745,0.268189,0.0119195,0.222058,-0.396972,1.95157,1.9483,-1.46223,-0.0782253,-0.594216,0.145598,0.526967,-0.369536,-0.34615,1.04149,0.767522
-0.239438,-1.04715,-0.608934,0.636352,0.202045,-0.0133268,-2.26,-0.420241,-1.29887,0.0536371,-0.279111,-1.92128,-1.52462,-1.01491,0.0273173,0.118783,-0.93305,-0.212155,-0.327654,0.73674
0.881538,-0.15502,-0.466588,0.890564,1.92051,0.691869,-1.39791,1.85503,0.324467,0.429375,0.488985,0.748642,-2.44564,0.285293,1.64888,0.327839,-0.190837,0.696524,-2.46432,-0.293234
-2.13967,-0.207196,-1.92992,1.49846,2.19691,0.488668,-1.79784,-1.11017,-0.383121,-2.55282,-2.71659,0.521602,-0.520485,-0.713034,-0.853476,-2.25828,0.181858,0.766021,-0.896416,0.131967
-2.7253,-0.263895,-0.518977,0.221922,0.459609,0.368474,-2.19519,-2.0281,-0.630424,-1.61225,-1.91907,-0.600961,0.926931,-0.253744,-2.23689,-1.1362,0.118838,0.274519,0.0489331,0.440747
1.32549,-0.499975,1.95207,-0.0346391,1.31394,-0.0266208,-2.60384,0.272283,0.00463868,2.27311,1.31692,0.0135837,-1.15507,0.236939,0.226918,0.160316,0.189125,0.164294,-2.34245,0.128458
0.163355,2.29075,-0.54599,0.33154,2.0563,0.931144,0.91219,-1.22526,0.372614,-0.299405,-1.03197,2.61123,0.441194,-0.115597,-0.374289,-2.22557,0.660466,0.981147,-0.499359,0.30862
-2.50216,0.79915,-1.99171,0.159909,2.13807,2.62178,-1.8935,0.449483,0.696444,-0.58981,-1.03425,0.387576,-0.628974,0.279409,-0.299911,-1.73833,0.68113,2.49635,-2.51155,-0.11783
-1.24343,2.21831,-0.349812,0.0779769,1.15234,0.426304,1.37082,-2.67164,-0.0403058,-0.792635,-1.5174,2.17313,1.22289,0.694334,-1.00595,-1.13496,-0.0627253,0.486672,0.391981,1.39856
-0.100796,0.549824,0.416926,0.878501,2.23856,1.81724,-1.89603,2.44658,0.950202,1.18881,1.75995,1.46364,-1.77778,1.40505,0.794135,1.28437,0.0271325,0.857151,-2.07392,-0.17187
-1.82897,0.74992,-0.597698,0.884425,0.436812,1.79557,-0.516775,0.267779,-0.0171592,-0.123367,0.287517,-0.324175,-0.171635,-0.348948,-0.409673,-0.322247,0.00597328,0.929941,-0.133151,0.275458
-1.50413,-0.429981,0.267683,0.278444,-1.13941,0.652663,0.0737959,2.12082,0.377704,-0.25568,1.2037,-0.948289,-0.33457,0.864122,0.3823,2.32895,-0.533968,-0.248184,0.396477,-0.415105
-1.7726,-0.463574,1.60834,1.64518,-0.374867,0.799499,-0.412638,1.23717,0.109706,0.805257,1.89311,-1.12357,-0.137171,-0.0818503,-0.0468186,1.14667,-0.210168,-0.188483,0.340158,0.186181
2.38876,0.192858,0.874987,1.85473,0.930554,0.0550943,0.264531,1.41059,0.22151,0.811399,1.94209,2.08341,-1.96307,0.491476,1.71795,2.13373,-0.359475,-0.482,-1.06883,-0.026001