0.712929,-3.00446,0.373717,0.32292,-0.835462,-1.84067,-1.57438,0.219681,-0.535862,-0.198404,-0.0822816,-2.01123,-0.405712,-0.81313,0.0946685,0.226959,-0.0132727,-1.07422,0.159801,-0.524419
0.188062,-0.293418,1.13172,0.508471,-0.646763,0.267063,0.0139725,0.223629,-0.399475,1.95156,1.9483,-1.46224,-0.0795884,-0.594215,0.145879,0.531702,-0.371796,-0.350022,1.04149,0.76752
-0.241036,-1.05248,-0.608933,0.638184,0.201928,-0.0133365,-2.26,-0.42024,-1.29887,0.0533721,-0.279327,-1.92128,-1.52463,-1.01492,0.0270996,0.118777,-0.933049,-0.210365,-0.327855,0.736739
0.884821,-0.155719,-0.467398,0.893659,1.92051,0.695127,-1.40163,1.85504,0.324694,0.432246,0.492076,0.751259,-2.44563,0.285488,1.64887,0.332037,-0.189389,0.698196,-2.46433,-0.294504
-2.13967,-0.205019,-1.92993,1.49846,2.19692,0.493934,-1.79784,-1.11588,-0.383872,-2.55282,-2.71659,0.524314,-0.520166,-0.713032,-0.856038,-2.25828,0.182604,0.769925,-0.90025,0.133213
-2.7253,-0.266625,-0.521107,0.221355,0.462662,0.368355,-2.19518,-2.0281,-0.630426,-1.61225,-1.91908,-0.604724,0.925573,-0.254818,-2.23688,-1.14444,0.118839,0.277647,0.0469206,0.442691
1.3255,-0.501827,1.95207,-0.0294067,1.31395,-0.0245542,-2.60384,0.278345,0.00610128,2.27311,1.32124,0.0144152,-1.15772,0.238547,0.229968,0.161711,0.189693,0.164263,-2.34244,0.127909
0.161889,2.29075,-0.54952,0.331135,2.05628,0.931747,0.912186,-1.23181,0.373176,-0.301508,-1.03654,2.61124,0.442622,-0.115594,-0.374304,-2.22558,0.662304,0.981155,-0.503293,0.312049
-2.50216,0.804867,-1.99171,0.158895,2.13808,2.62178,-1.8935,0.451808,0.696445,-0.594936,-1.03851,0.39123,-0.63111,0.27941,-0.30118,-1.73834,0.681126,2.49634,-2.51155,-0.119291
-1.24343,2.21832,-0.352951,0.0779409,1.15235,0.427682,1.37082,-2.67164,-0.0396964,-0.796321,-1.5174,2.17313,1.2229,0.694321,-1.01042,-1.13863,-0.0627251,0.486386,0.394955,1.39856
-0.101357,0.55208,0.420825,0.88381,2.23856,1.81724,-1.89603,2.44658,0.950206,1.18881,1.75994,1.46364,-1.77779,1.40505,0.799302,1.28438,0.0285239,0.860511,-2.08605,-0.173043
-1.82897,0.751493,-0.597294,0.884428,0.440374,1.79556,-0.517608,0.269317,-0.0171637,-0.121988,0.284718,-0.324019,-0.173319,-0.348944,-0.408977,-0.324068,0.00520765,0.930199,-0.134529,0.277222
-1.50413,-0.43206,0.266479,0.281801,-1.13942,0.653604,0.0729255,2.12083,0.377702,-0.251904,1.2079,-0.951513,-0.332946,0.864122,0.383703,2.32894,-0.533971,-0.244871,0.397378,-0.414917
-1.7726,-0.463819,1.60835,1.64518,-0.375158,0.801385,-0.412645,1.23717,0.109103,0.807476,1.89312,-1.12357,-0.136329,-0.0788516,-0.0480936,1.14667,-0.21134,-0.188194,0.343131,0.187411
2.38876,0.193965,0.879387,1.85473,0.93658,0.0538628,0.263302,1.41913,0.223284,0.816883,1.94209,2.08341,-1.96307,0.49471,1.71797,2.13372,-0.362312,-0.483958,-1.06884,-0.0267915