0.713623,-3.00444,0.379789,0.316549,-0.838168,-1.84068,-1.57439,0.221381,-0.541054,-0.197202,-0.0822779,-2.01122,-0.410781,-0.813139,0.093784,0.226961,-0.0182134,-1.07423,0.159167,-0.52682
0.186971,-0.291296,1.14468,0.508479,-0.656698,0.264758,0.0181218,0.226739,-0.40444,1.95156,1.9483,-1.46225,-0.082252,-0.594205,0.146514,0.541184,-0.376382,-0.357791,1.04148,0.767514
-0.24421,-1.06305,-0.608931,0.641762,0.201609,-0.0132965,-2.26001,-0.420236,-1.29887,0.0528512,-0.279724,-1.92127,-1.52465,-1.01492,0.0265407,0.118761,-0.933048,-0.206794,-0.328141,0.736736
0.891316,-0.157057,-0.468875,0.899813,1.92052,0.701535,-1.40894,1.85506,0.325063,0.437942,0.498151,0.756435,-2.44562,0.28581,1.64886,0.340376,-0.186552,0.701455,-2.46436,-0.296953
-2.13966,-0.200679,-1.92994,1.49845,2.19694,0.504448,-1.79784,-1.12723,-0.385331,-2.55282,-2.71658,0.529688,-0.519537,-0.713029,-0.861201,-2.25828,0.184096,0.777698,-0.907802,0.135724
-2.72531,-0.27203,-0.525287,0.220244,0.468652,0.368124,-2.19517,-2.02811,-0.630431,-1.61226,-1.9191,-0.612203,0.92281,-0.256934,-2.23687,-1.16081,0.118842,0.28389,0.0428172,0.446549
1.32551,-0.50552,1.95206,-0.0189582,1.31397,-0.0204216,-2.60386,0.290541,0.00899655,2.27311,1.32985,0.0160952,-1.16292,0.241746,0.235974,0.164514,0.190843,0.164178,-2.34242,0.126772
0.159032,2.29075,-0.556496,0.330337,2.05624,0.932943,0.912175,-1.24475,0.374285,-0.305759,-1.04563,2.61127,0.445345,-0.115574,-0.374334,-2.22561,0.665947,0.981168,-0.511084,0.318812
-2.50217,0.816309,-1.99171,0.156773,2.1381,2.62178,-1.89352,0.456372,0.69644,-0.605182,-1.04696,0.398485,-0.635217,0.27942,-0.303517,-1.73834,0.681118,2.49633,-2.51156,-0.122254
-1.24344,2.21834,-0.359175,0.0778691,1.15236,0.430317,1.37081,-2.67163,-0.0384862,-0.803598,-1.51741,2.17313,1.22292,0.694293,-1.01923,-1.14585,-0.0627254,0.485673,0.40085,1.39857
-0.102445,0.556452,0.42857,0.894438,2.23855,1.81725,-1.89602,2.44656,0.950217,1.18881,1.75994,1.46366,-1.77782,1.40504,0.809454,1.2844,0.0313036,0.867243,-2.11008,-0.175382
-1.82898,0.754643,-0.596469,0.884431,0.447432,1.79555,-0.519255,0.27233,-0.017158,-0.119279,0.279143,-0.323766,-0.176654,-0.348951,-0.407485,-0.327736,0.0037203,0.930752,-0.137317,0.280685
-1.50411,-0.436183,0.264128,0.288447,-1.13945,0.655446,0.071222,2.12085,0.377692,-0.244323,1.2162,-0.957868,-0.32973,0.864136,0.386357,2.32891,-0.533979,-0.238233,0.399133,-0.414474
-1.77259,-0.464257,1.60835,1.64517,-0.375688,0.805087,-0.412658,1.23718,0.107892,0.811918,1.89312,-1.12357,-0.134588,-0.072934,-0.0506919,1.14669,-0.213678,-0.187657,0.34905,0.189886
2.38875,0.196259,0.888132,1.85472,0.948604,0.051422,0.260767,1.43598,0.226817,0.827778,1.94209,2.0834,-1.96307,0.501207,1.71802,2.13372,-0.367889,-0.487874,-1.06884,-0.0284055