0.714203,-3.00442,0.385862,0.31017,-0.840865,-1.84069,-1.57441,0.223031,-0.546189,-0.196008,-0.0822761,-2.01121,-0.415766,-0.813151,0.0929055,0.226968,-0.0231937,-1.07425,0.158499,-0.52919
0.18584,-0.289128,1.15761,0.508487,-0.666507,0.262387,0.0223269,0.229807,-0.409363,1.95155,1.94829,-1.46227,-0.084833,-0.594192,0.147246,0.550673,-0.381055,-0.365588,1.04147,0.767507
-0.247353,-1.07349,-0.608928,0.645233,0.201152,-0.0131758,-2.26001,-0.420232,-1.29888,0.0523386,-0.280069,-1.92126,-1.52466,-1.01492,0.0258224,0.118747,-0.933046,-0.203248,-0.328273,0.736734
0.897719,-0.158318,-0.470167,0.905914,1.92052,0.707798,-1.41608,1.85508,0.325331,0.443572,0.504092,0.761531,-2.4456,0.286036,1.64885,0.348641,-0.183793,0.704604,-2.46439,-0.299284
-2.13965,-0.196362,-1.92995,1.49845,2.19695,0.514935,-1.79785,-1.13848,-0.386727,-2.55282,-2.71658,0.534991,-0.518914,-0.713023,-0.866424,-2.25827,0.185591,0.785436,-0.9152,0.138258
-2.72532,-0.277357,-0.529361,0.219167,0.474482,0.367904,-2.19516,-2.02812,-0.630439,-1.61226,-1.91911,-0.61962,0.919988,-0.258997,-2.23685,-1.17704,0.118846,0.290118,0.0386114,0.450358
1.32552,-0.509199,1.95205,-0.00853274,1.31398,-0.0162925,-2.60387,0.302835,0.011851,2.27311,1.33842,0.0177993,-1.16797,0.244927,0.241855,0.167326,0.192008,0.164059,-2.34241,0.125586
0.156288,2.29075,-0.563362,0.329585,2.0562,0.934139,0.912167,-1.25747,0.375341,-0.310079,-1.05461,2.61129,0.447869,-0.115557,-0.374365,-2.22564,0.66953,0.981181,-0.51877,0.325448
-2.50218,0.82776,-1.99171,0.154543,2.13811,2.62178,-1.89354,0.460822,0.696433,-0.61542,-1.05533,0.405661,-0.639106,0.279431,-0.305586,-1.73835,0.681113,2.49631,-2.51156,-0.125272
-1.24345,2.21835,-0.365327,0.0777985,1.15238,0.43279,1.37081,-2.67162,-0.0372804,-0.810754,-1.51742,2.17313,1.22293,0.694263,-1.02783,-1.15292,-0.0627257,0.484769,0.406672,1.39857
-0.103489,0.560646,0.436243,0.905071,2.23853,1.81726,-1.89601,2.44655,0.95023,1.18882,1.75994,1.46367,-1.77786,1.40503,0.819357,1.28442,0.0340817,0.873991,-2.13382,-0.177711
-1.829,0.757797,-0.595629,0.884431,0.454416,1.79554,-0.52088,0.275249,-0.0171433,-0.116634,0.273606,-0.323581,-0.179946,-0.348965,-0.405863,-0.331412,0.00228551,0.931354,-0.140147,0.28407
-1.5041,-0.440253,0.261856,0.295031,-1.13947,0.657245,0.0695484,2.12087,0.37768,-0.236707,1.22439,-0.964093,-0.326572,0.864149,0.388816,2.32889,-0.533986,-0.231597,0.400827,-0.413942
-1.77259,-0.46463,1.60835,1.64517,-0.376138,0.808695,-0.412671,1.23719,0.106678,0.816365,1.89313,-1.12356,-0.132768,-0.0671349,-0.0533532,1.1467,-0.216003,-0.187171,0.354932,0.192384
2.38874,0.198659,0.896802,1.85472,0.960584,0.0490138,0.258134,1.45254,0.230321,0.838577,1.9421,2.08338,-1.96307,0.507749,1.71806,2.13372,-0.373333,-0.491789,-1.06885,-0.0300624