0.714453,-3.00441,0.388898,0.30698,-0.842218,-1.8407,-1.57441,0.223838,-0.548735,-0.195415,-0.0822763,-2.01121,-0.41823,-0.81316,0.0924694,0.226974,-0.0256999,-1.07425,0.158154,-0.530363
0.185262,-0.288027,1.16406,0.508491,-0.671365,0.26118,0.0244499,0.231326,-0.411812,1.95154,1.94829,-1.46227,-0.086093,-0.594186,0.147646,0.555417,-0.383422,-0.369495,1.04147,0.767504
-0.248912,-1.07867,-0.608927,0.646931,0.200869,-0.0130852,-2.26001,-0.420229,-1.29888,0.0520846,-0.280222,-1.92126,-1.52467,-1.01493,0.025405,0.118741,-0.933045,-0.201487,-0.328282,0.736732
0.900887,-0.15892,-0.470745,0.908944,1.92053,0.710876,-1.41958,1.85509,0.325431,0.446361,0.507014,0.764049,-2.44559,0.286112,1.64884,0.352747,-0.182442,0.706139,-2.46441,-0.300406
-2.13964,-0.194213,-1.92995,1.49845,2.19695,0.520167,-1.79785,-1.14407,-0.387401,-2.55283,-2.71658,0.537616,-0.518604,-0.713018,-0.86906,-2.25828,0.18634,0.789295,-0.918842,0.139534
-2.72533,-0.279992,-0.53136,0.218644,0.477334,0.3678,-2.19516,-2.02813,-0.630443,-1.61226,-1.91912,-0.623305,0.918556,-0.260007,-2.23684,-1.1851,0.118847,0.293226,0.0364708,0.452244
1.32553,-0.511034,1.95205,-0.00332941,1.31399,-0.0142304,-2.60388,0.309019,0.0132631,2.27311,1.3427,0.0186604,-1.17044,0.246511,0.24475,0.168733,0.192593,0.163987,-2.3424,0.124975
0.154959,2.29075,-0.566755,0.329233,2.05618,0.934739,0.912164,-1.26374,0.375841,-0.312266,-1.05906,2.6113,0.449054,-0.115553,-0.374381,-2.22565,0.671295,0.981188,-0.522573,0.328718
-2.50219,0.833488,-1.99171,0.153392,2.13812,2.62179,-1.89355,0.463005,0.696429,-0.620536,-1.05949,0.409217,-0.640966,0.279435,-0.306519,-1.73835,0.68111,2.49631,-2.51156,-0.126803
-1.24346,2.21836,-0.368376,0.0777637,1.15239,0.433967,1.37081,-2.67162,-0.0366767,-0.814288,-1.51742,2.17313,1.22294,0.694248,-1.03205,-1.1564,-0.0627257,0.484245,0.409557,1.39857
-0.103995,0.562677,0.440053,0.910388,2.23853,1.81727,-1.89601,2.44654,0.950235,1.18882,1.75993,1.46368,-1.77787,1.40503,0.824214,1.28443,0.0354707,0.87737,-2.14558,-0.178872
-1.829,0.759375,-0.595204,0.884432,0.457884,1.79553,-0.521686,0.276673,-0.0171365,-0.115334,0.270851,-0.323511,-0.181577,-0.348971,-0.405004,-0.333247,0.00158554,0.931672,-0.141577,0.285736
-1.50409,-0.442266,0.260748,0.298306,-1.13948,0.65813,0.0687189,2.12088,0.377676,-0.232887,1.22844,-0.967156,-0.325017,0.864152,0.389973,2.32888,-0.533988,-0.228285,0.401654,-0.413644
-1.77259,-0.464793,1.60835,1.64517,-0.376331,0.810464,-0.412677,1.23719,0.106068,0.818589,1.89314,-1.12356,-0.131828,-0.0642822,-0.0547069,1.1467,-0.21716,-0.186946,0.357857,0.193641
2.38874,0.199898,0.901109,1.85472,0.966558,0.0478225,0.256782,1.4607,0.232058,0.843942,1.9421,2.08338,-1.96307,0.51104,1.71809,2.13371,-0.376004,-0.493747,-1.06885,-0.0309063