0.714874,-3.0044,0.394969,0.3006,-0.844929,-1.84072,-1.57442,0.225416,-0.55378,-0.194241,-0.0822787,-2.01121,-0.423099,-0.813183,0.0916035,0.226992,-0.030743,-1.07427,0.157442,-0.532682
0.184087,-0.285792,1.17693,0.508499,-0.680988,0.258722,0.028736,0.234332,-0.416684,1.95154,1.94829,-1.46229,-0.0885537,-0.594175,0.148514,0.564901,-0.388215,-0.377326,1.04146,0.767497
-0.252012,-1.08892,-0.608924,0.650249,0.200194,-0.0128456,-2.26002,-0.420225,-1.29888,0.0515809,-0.280487,-1.92125,-1.52469,-1.01494,0.0244563,0.118732,-0.933043,-0.197988,-0.328189,0.73673
0.907156,-0.16007,-0.47177,0.914964,1.92053,0.716925,-1.42646,1.85511,0.325565,0.451888,0.512764,0.769026,-2.44558,0.286193,1.64883,0.360901,-0.179796,0.709133,-2.46444,-0.302568
-2.13963,-0.189935,-1.92997,1.49845,2.19696,0.530605,-1.79785,-1.15517,-0.3887,-2.55283,-2.71657,0.542808,-0.517988,-0.713004,-0.874381,-2.25828,0.18784,0.796993,-0.92601,0.142101
-2.72534,-0.285205,-0.535282,0.21763,0.482912,0.367602,-2.19514,-2.02814,-0.630449,-1.61227,-1.91914,-0.630625,0.915651,-0.261983,-2.23682,-1.20112,0.118851,0.299429,0.0321153,0.455975
1.32554,-0.514695,1.95204,0.00705661,1.31401,-0.0101134,-2.60389,0.321463,0.0160567,2.27312,1.35124,0.0204001,-1.17529,0.249666,0.25045,0.171549,0.193768,0.163817,-2.34239,0.123722
0.152389,2.29075,-0.573461,0.328573,2.05616,0.935942,0.91216,-1.2761,0.376782,-0.316691,-1.06788,2.61132,0.451267,-0.115556,-0.374414,-2.22566,0.674771,0.981204,-0.530097,0.33516
-2.5022,0.844947,-1.99171,0.151022,2.13815,2.62179,-1.89356,0.467289,0.696424,-0.630763,-1.06774,0.416257,-0.644518,0.27944,-0.308185,-1.73835,0.681105,2.49629,-2.51157,-0.129905
-1.24347,2.21838,-0.37442,0.0776946,1.1524,0.436204,1.37081,-2.67161,-0.0354657,-0.821273,-1.51743,2.17312,1.22296,0.694217,-1.04034,-1.16325,-0.0627251,0.48306,0.415275,1.39858
-0.104972,0.566614,0.447623,0.92102,2.23851,1.81728,-1.89601,2.44653,0.950246,1.18882,1.75993,1.4637,-1.7779,1.40502,0.833734,1.28445,0.0382486,0.88414,-2.16889,-0.181189
-1.82901,0.762532,-0.594344,0.884436,0.464773,1.79552,-0.523285,0.279444,-0.0171274,-0.11278,0.26537,-0.323412,-0.184808,-0.348978,-0.403192,-0.336902,0.000218178,0.932339,-0.144469,0.289018
-1.50408,-0.446248,0.258592,0.304823,-1.13949,0.659868,0.0670733,2.1209,0.37767,-0.225224,1.23646,-0.973187,-0.321957,0.864149,0.392147,2.32887,-0.533993,-0.221674,0.403269,-0.412986
-1.77259,-0.465076,1.60836,1.64516,-0.376656,0.813933,-0.412691,1.2372,0.104842,0.823037,1.89314,-1.12356,-0.12989,-0.0586718,-0.0574596,1.14671,-0.219462,-0.186532,0.363676,0.196173
2.38873,0.202452,0.90967,1.85472,0.978474,0.0454658,0.25401,1.47681,0.235499,0.8546,1.9421,2.08337,-1.96307,0.517656,1.71814,2.13371,-0.381247,-0.497661,-1.06886,-0.0326229