0.715482,-3.00436,0.410148,0.284618,-0.851633,-1.84075,-1.57445,0.229159,-0.566101,-0.191357,-0.0822898,-2.0112,-0.434897,-0.813248,0.08946,0.22705,-0.0434964,-1.07429,0.155559,-0.538337
0.181071,-0.280023,1.20894,0.508519,-0.704492,0.252339,0.0396717,0.241642,-0.428692,1.95152,1.94829,-1.46233,-0.094376,-0.594146,0.151054,0.588584,-0.400507,-0.396992,1.04145,0.767481
-0.259677,-1.11402,-0.608915,0.658064,0.197924,-0.0119354,-2.26002,-0.420212,-1.29889,0.0503497,-0.280933,-1.92122,-1.52472,-1.01498,0.0214382,0.118716,-0.933041,-0.189399,-0.327325,0.736725
0.922464,-0.162654,-0.473591,0.929777,1.92054,0.731453,-1.4429,1.85517,0.325524,0.465399,0.526627,0.781123,-2.44554,0.286018,1.6488,0.380935,-0.173495,0.716204,-2.46451,-0.307518
-2.1396,-0.179344,-1.93,1.49845,2.19697,0.556536,-1.79787,-1.18242,-0.391687,-2.55284,-2.71655,0.555456,-0.516494,-0.712959,-0.887965,-2.25831,0.191579,0.816122,-0.943256,0.148613
-2.72537,-0.297912,-0.544668,0.215283,0.496118,0.367184,-2.19512,-2.02817,-0.630461,-1.61227,-1.91918,-0.648615,0.908171,-0.26671,-2.23678,-1.24045,0.118859,0.314871,0.0208067,0.465056
1.32557,-0.5238,1.95203,0.0328821,1.31405,0.000120051,-2.60392,0.353013,0.0228551,2.27312,1.37246,0.0248329,-1.18678,0.257478,0.264196,0.178581,0.196709,0.163247,-2.34235,0.120411
0.146411,2.29075,-0.589752,0.327097,2.05613,0.938941,0.912152,-1.30595,0.378848,-0.328018,-1.08947,2.61138,0.455933,-0.115591,-0.374496,-2.22566,0.683127,0.981241,-0.548415,0.350686
-2.50222,0.873606,-1.99171,0.144709,2.13821,2.62179,-1.89359,0.477501,0.696419,-0.656299,-1.08803,0.433403,-0.652379,0.279444,-0.311187,-1.73834,0.681095,2.49626,-2.51158,-0.137886
-1.24349,2.21842,-0.389202,0.0775295,1.15245,0.441137,1.37081,-2.67159,-0.0324271,-0.838266,-1.51746,2.17311,1.223,0.694146,-1.06019,-1.17973,-0.0627223,0.479313,0.429271,1.39859
-0.107194,0.575762,0.466261,0.947607,2.23847,1.8173,-1.896,2.44649,0.95027,1.18884,1.75992,1.46374,-1.77799,1.40501,0.85639,1.2845,0.0451902,0.901111,-2.22588,-0.186968
-1.82903,0.770424,-0.592143,0.884451,0.481701,1.7955,-0.527217,0.285944,-0.0171197,-0.10665,0.251817,-0.323393,-0.192716,-0.348981,-0.39812,-0.345971,-0.00300827,0.934184,-0.151872,0.296925
-1.50406,-0.455939,0.253549,0.32085,-1.13949,0.664002,0.0630579,2.12095,0.377664,-0.205921,1.25601,-0.987734,-0.314564,0.86412,0.396776,2.32886,-0.534006,-0.205254,0.407111,-0.410994
-1.77259,-0.465543,1.60836,1.64515,-0.377146,0.822211,-0.412724,1.23723,0.101722,0.834148,1.89317,-1.12355,-0.124713,-0.0452014,-0.0645951,1.14673,-0.225155,-0.185696,0.378011,0.202618
2.38872,0.209265,0.930764,1.85471,1.0081,0.0397173,0.246702,1.51574,0.243915,0.880843,1.9421,2.08334,-1.96306,0.534366,1.71826,2.13371,-0.393764,-0.50744,-1.06888,-0.0370599