0.715555,-3.00435,0.416224,0.278204,-0.854249,-1.84076,-1.57446,0.230577,-0.570907,-0.190223,-0.0822941,-2.0112,-0.439454,-0.813272,0.0886064,0.227071,-0.0486413,-1.07431,0.154771,-0.540545
0.179847,-0.277646,1.22165,0.508528,-0.713668,0.249693,0.0441275,0.244479,-0.433411,1.95151,1.94829,-1.46234,-0.0965809,-0.594133,0.152207,0.598042,-0.405535,-0.404889,1.04145,0.767474
-0.262724,-1.12384,-0.608911,0.660987,0.196802,-0.0114597,-2.26003,-0.420206,-1.29889,0.0498682,-0.281032,-1.92121,-1.52473,-1.01499,0.0199822,0.118709,-0.933041,-0.186033,-0.326737,0.736723
0.928452,-0.163583,-0.474036,0.935609,1.92054,0.737038,-1.44918,1.85519,0.32536,0.470679,0.53198,0.785826,-2.44553,0.285813,1.64878,0.388797,-0.171096,0.718881,-2.46453,-0.309329
-2.13959,-0.175148,-1.93001,1.49845,2.19697,0.566838,-1.79787,-1.19312,-0.392785,-2.55285,-2.71655,0.560378,-0.515923,-0.712941,-0.893511,-2.25832,0.193064,0.823728,-0.949885,0.151252
-2.72538,-0.302868,-0.548263,0.214421,0.501103,0.367049,-2.19511,-2.02818,-0.630465,-1.61228,-1.91919,-0.655678,0.905098,-0.268531,-2.23676,-1.25588,0.118862,0.321021,0.0161225,0.468587
1.32558,-0.527427,1.95202,0.0431479,1.31407,0.00418255,-2.60393,0.365809,0.0254966,2.27313,1.38091,0.0266315,-1.19113,0.260573,0.269501,0.181384,0.197878,0.16296,-2.34233,0.119021
0.144177,2.29075,-0.596077,0.32654,2.05611,0.940123,0.912147,-1.31745,0.379585,-0.332642,-1.09793,2.6114,0.457469,-0.115603,-0.374529,-2.22566,0.686328,0.981254,-0.555541,0.356662
-2.50223,0.885067,-1.99171,0.142037,2.13823,2.62179,-1.89361,0.481382,0.696417,-0.666501,-1.09603,0.440057,-0.655105,0.279447,-0.311928,-1.73833,0.681092,2.49624,-2.51158,-0.14116
-1.2435,2.21843,-0.394981,0.0774693,1.15247,0.442859,1.37081,-2.67158,-0.0312122,-0.844884,-1.51747,2.17311,1.22301,0.694119,-1.06777,-1.18607,-0.0627211,0.477515,0.434753,1.39859
-0.107986,0.579162,0.473607,0.958249,2.23845,1.81731,-1.896,2.44648,0.95028,1.18884,1.75991,1.46376,-1.77802,1.40501,0.864984,1.28452,0.0479632,0.907912,-2.24816,-0.189279
-1.82904,0.773576,-0.591242,0.884457,0.488347,1.7955,-0.528765,0.288375,-0.0171156,-0.104297,0.246449,-0.323471,-0.195811,-0.348985,-0.39588,-0.349572,-0.00421971,0.934989,-0.154902,0.299968
-1.50405,-0.459708,0.251673,0.32713,-1.13949,0.665557,0.0614969,2.12097,0.37766,-0.19814,1.26362,-0.993354,-0.311695,0.864111,0.398313,2.32885,-0.534013,-0.198739,0.408581,-0.410066
-1.77259,-0.465642,1.60837,1.64515,-0.377225,0.825364,-0.412737,1.23723,0.100451,0.838583,1.89318,-1.12354,-0.122517,-0.0400387,-0.0675462,1.14674,-0.22741,-0.185438,0.38365,0.205247
2.38871,0.212156,0.939081,1.85471,1.0199,0.0374719,0.243639,1.53079,0.247208,0.89118,1.94211,2.08332,-1.96306,0.541101,1.71831,2.13372,-0.398531,-0.511348,-1.06888,-0.0388824