0.715557,-3.00434,0.419263,0.274993,-0.855541,-1.84077,-1.57446,0.231269,-0.573283,-0.18966,-0.0822961,-2.01119,-0.441697,-0.813282,0.0881801,0.227081,-0.051221,-1.07431,0.15437,-0.541637
0.179235,-0.276443,1.22798,0.508533,-0.718208,0.248351,0.0463715,0.245877,-0.435751,1.95151,1.94829,-1.46235,-0.0976582,-0.594125,0.152811,0.602766,-0.408071,-0.408843,1.04145,0.767471
-0.264246,-1.1287,-0.608909,0.662403,0.196197,-0.0111999,-2.26003,-0.420203,-1.29889,0.0496293,-0.281065,-1.92121,-1.52474,-1.015,0.0192032,0.118705,-0.933041,-0.184366,-0.326393,0.736722
0.931418,-0.164027,-0.474201,0.938504,1.92055,0.739783,-1.45226,1.8552,0.325248,0.473292,0.534618,0.788149,-2.44552,0.285684,1.64878,0.392694,-0.169921,0.720189,-2.46455,-0.310201
-2.13958,-0.173058,-1.93001,1.49845,2.19698,0.571972,-1.79787,-1.19842,-0.393313,-2.55285,-2.71654,0.56281,-0.515644,-0.712932,-0.896309,-2.25833,0.193803,0.827523,-0.953141,0.152579
-2.72538,-0.305319,-0.550028,0.214007,0.503532,0.366989,-2.1951,-2.02819,-0.630468,-1.61228,-1.9192,-0.659181,0.903545,-0.269428,-2.23675,-1.26352,0.118864,0.32409,0.0137474,0.47033
1.32558,-0.529237,1.95202,0.0482654,1.31408,0.00620588,-2.60394,0.372245,0.0268001,2.27313,1.38512,0.027535,-1.19325,0.262114,0.272114,0.182783,0.19846,0.162805,-2.34233,0.118312
0.143091,2.29075,-0.599198,0.326265,2.0561,0.94071,0.912144,-1.3231,0.379935,-0.334973,-1.10213,2.61141,0.458168,-0.115608,-0.374544,-2.22567,0.687896,0.981259,-0.55906,0.359598
-2.50224,0.890797,-1.99171,0.140672,2.13824,2.6218,-1.89361,0.483279,0.696415,-0.671598,-1.1,0.443336,-0.656377,0.279449,-0.312202,-1.73833,0.681091,2.49624,-2.51158,-0.142814
-1.2435,2.21844,-0.397841,0.0774412,1.15248,0.443668,1.37081,-2.67158,-0.0306053,-0.848157,-1.51748,2.1731,1.22302,0.694106,-1.07149,-1.18918,-0.0627205,0.476555,0.437469,1.39859
-0.108361,0.580809,0.477257,0.963572,2.23844,1.81732,-1.896,2.44648,0.950285,1.18884,1.75991,1.46377,-1.77804,1.40501,0.869179,1.28453,0.0493483,0.911313,-2.2592,-0.190435
-1.82904,0.77515,-0.590787,0.884459,0.491643,1.79549,-0.529533,0.289554,-0.0171131,-0.103142,0.243777,-0.323528,-0.197344,-0.348987,-0.394716,-0.351365,-0.00480847,0.935406,-0.156433,0.301464
-1.50405,-0.461568,0.250766,0.33024,-1.13949,0.666312,0.0607253,2.12098,0.377658,-0.194236,1.26739,-0.996123,-0.310279,0.864108,0.399016,2.32885,-0.534016,-0.195496,0.409305,-0.409576
-1.77259,-0.465674,1.60837,1.64515,-0.377241,0.826908,-0.412743,1.23724,0.0998103,0.840796,1.89318,-1.12354,-0.121394,-0.0375068,-0.0690415,1.14675,-0.228533,-0.185325,0.386447,0.206572
2.38871,0.213636,0.943215,1.85471,1.02579,0.0363603,0.242079,1.53819,0.248838,0.896314,1.94211,2.08332,-1.96305,0.544477,1.71833,2.13372,-0.400862,-0.513301,-1.06889,-0.039802