0.715495,-3.00432,0.425343,0.268562,-0.858092,-1.84078,-1.57448,0.232619,-0.577982,-0.188546,-0.0823,-2.01119,-0.44611,-0.813303,0.087329,0.2271,-0.0563928,-1.07433,0.153558,-0.543798
0.178013,-0.274012,1.2406,0.508543,-0.72719,0.245632,0.0508904,0.248636,-0.440392,1.9515,1.94829,-1.46237,-0.0997638,-0.59411,0.15407,0.612203,-0.41318,-0.416762,1.04144,0.767464
-0.267288,-1.13833,-0.608905,0.665145,0.194899,-0.0106384,-2.26003,-0.420197,-1.2989,0.0491535,-0.2811,-1.92119,-1.52475,-1.01501,0.0175465,0.118696,-0.933041,-0.181068,-0.325608,0.73672
0.937298,-0.164875,-0.474418,0.944254,1.92055,0.745182,-1.45829,1.85522,0.324967,0.478465,0.539822,0.792738,-2.4455,0.285375,1.64876,0.400418,-0.167621,0.722749,-2.46457,-0.311879
-2.13957,-0.168898,-1.93003,1.49845,2.19698,0.582205,-1.79788,-1.20894,-0.39433,-2.55285,-2.71654,0.567612,-0.5151,-0.712916,-0.901953,-2.25834,0.195272,0.835095,-0.959537,0.155246
-2.72539,-0.310169,-0.553493,0.213215,0.508261,0.366885,-2.19509,-2.0282,-0.630473,-1.61228,-1.91921,-0.666124,0.900411,-0.271197,-2.23673,-1.27868,0.118868,0.330217,0.0089337,0.473771
1.32559,-0.532853,1.95201,0.0584676,1.3141,0.0102352,-2.60395,0.385193,0.0293723,2.27313,1.39354,0.0293491,-1.19739,0.265183,0.277261,0.185572,0.199613,0.16247,-2.34231,0.11687
0.140978,2.29076,-0.605358,0.325722,2.05608,0.941874,0.912138,-1.33422,0.380599,-0.339671,-1.11045,2.61143,0.459428,-0.115616,-0.374575,-2.22568,0.690963,0.981269,-0.56601,0.365369
-2.50225,0.902253,-1.99171,0.137888,2.13826,2.6218,-1.89363,0.486984,0.696412,-0.681788,-1.10791,0.449792,-0.658737,0.279454,-0.312557,-1.73833,0.681089,2.49622,-2.51159,-0.146152
-1.24351,2.21846,-0.403505,0.0773897,1.1525,0.445186,1.37081,-2.67157,-0.0293925,-0.854633,-1.51749,2.1731,1.22304,0.69408,-1.07877,-1.19529,-0.0627193,0.474515,0.442852,1.3986
-0.109066,0.584002,0.484515,0.974219,2.23842,1.81733,-1.89599,2.44646,0.950295,1.18885,1.75991,1.46379,-1.77807,1.405,0.877364,1.28454,0.0521153,0.918118,-2.28104,-0.19275
-1.82905,0.778294,-0.589868,0.884463,0.498182,1.79549,-0.531061,0.291837,-0.0171077,-0.100873,0.238453,-0.323674,-0.20038,-0.348993,-0.392302,-0.354934,-0.00595249,0.936265,-0.159524,0.304408
-1.50404,-0.465238,0.249014,0.336398,-1.1395,0.667777,0.0591973,2.121,0.377653,-0.186405,1.27484,-1.00158,-0.307481,0.864102,0.400296,2.32884,-0.534024,-0.189046,0.410732,-0.408544
-1.77259,-0.465705,1.60837,1.64514,-0.377227,0.829929,-0.412756,1.23725,0.0985168,0.845216,1.89319,-1.12354,-0.119095,-0.0325438,-0.0720703,1.14675,-0.230771,-0.18513,0.391996,0.209245
2.3887,0.216662,0.951433,1.85471,1.03754,0.0341594,0.238907,1.55277,0.252065,0.906514,1.94211,2.08331,-1.96305,0.551246,1.71838,2.13372,-0.405417,-0.517204,-1.06889,-0.0416558