0.715432,-3.00431,0.428385,0.265344,-0.859353,-1.84078,-1.57448,0.233278,-0.580304,-0.187994,-0.0823021,-2.01119,-0.448281,-0.813312,0.0869043,0.227109,-0.0589839,-1.07434,0.153146,-0.544867
0.177406,-0.272783,1.24688,0.508548,-0.731632,0.244255,0.0531645,0.249995,-0.442692,1.9515,1.94829,-1.46238,-0.100793,-0.594102,0.154725,0.616916,-0.415752,-0.420726,1.04144,0.76746
-0.268809,-1.14309,-0.608903,0.666471,0.194207,-0.0103374,-2.26003,-0.420194,-1.2989,0.0489161,-0.281101,-1.92119,-1.52476,-1.01502,0.0166704,0.118692,-0.933042,-0.179438,-0.325168,0.736719
0.940213,-0.165281,-0.474472,0.947109,1.92055,0.747837,-1.46124,1.85523,0.324798,0.481024,0.542389,0.795004,-2.4455,0.285195,1.64876,0.404245,-0.166495,0.724001,-2.46459,-0.312686
-2.13957,-0.166828,-1.93003,1.49845,2.19699,0.587303,-1.79788,-1.21415,-0.394819,-2.55285,-2.71653,0.569984,-0.514835,-0.712907,-0.904801,-2.25834,0.196003,0.838874,-0.962677,0.156586
-2.7254,-0.312567,-0.555194,0.212837,0.510561,0.366842,-2.19509,-2.02821,-0.630475,-1.61229,-1.91922,-0.669564,0.898829,-0.272069,-2.23672,-1.28618,0.11887,0.333274,0.00649588,0.475468
1.3256,-0.534659,1.95201,0.0635515,1.31411,0.0122406,-2.60395,0.391704,0.0306406,2.27313,1.39773,0.0302592,-1.19941,0.266711,0.279795,0.186962,0.200184,0.16229,-2.3423,0.116137
0.139951,2.29076,-0.608396,0.325453,2.05607,0.942452,0.912134,-1.33967,0.380913,-0.342039,-1.11457,2.61145,0.45999,-0.11562,-0.37459,-2.22568,0.692461,0.981273,-0.569439,0.368203
-2.50225,0.907979,-1.99171,0.136471,2.13828,2.6218,-1.89363,0.488792,0.69641,-0.68688,-1.11184,0.452966,-0.659824,0.279456,-0.312639,-1.73833,0.681088,2.49621,-2.51159,-0.147837
-1.24352,2.21846,-0.406308,0.0773668,1.15251,0.445895,1.37081,-2.67157,-0.0287868,-0.857837,-1.51749,2.17309,1.22304,0.694068,-1.08234,-1.1983,-0.0627186,0.473436,0.44552,1.3986
-0.109397,0.58555,0.488123,0.979544,2.23841,1.81733,-1.89599,2.44646,0.9503,1.18885,1.7599,1.4638,-1.77809,1.405,0.881353,1.28455,0.0534967,0.92152,-2.29185,-0.193908
-1.82906,0.779863,-0.589405,0.884465,0.501425,1.79548,-0.531819,0.292941,-0.017105,-0.0997592,0.235802,-0.323762,-0.201884,-0.348996,-0.391053,-0.356707,-0.00650792,0.936708,-0.161085,0.305855
-1.50404,-0.467046,0.248168,0.339447,-1.1395,0.668486,0.0584398,2.12102,0.37765,-0.182477,1.27852,-1.00427,-0.3061,0.8641,0.400874,2.32883,-0.534028,-0.185841,0.411436,-0.408004
-1.77259,-0.465705,1.60838,1.64514,-0.377197,0.831406,-0.412762,1.23725,0.0978641,0.847421,1.89319,-1.12354,-0.117921,-0.0301134,-0.0736032,1.14676,-0.231885,-0.185046,0.394746,0.210594
2.3887,0.218208,0.955517,1.85471,1.04342,0.0330699,0.237295,1.55994,0.253661,0.91158,1.94211,2.0833,-1.96305,0.554639,1.7184,2.13372,-0.407641,-0.519153,-1.0689,-0.042589