0.715349,-3.00431,0.431427,0.262125,-0.860604,-1.84079,-1.57449,0.233926,-0.582609,-0.187446,-0.0823042,-2.01119,-0.450428,-0.813322,0.0864802,0.227118,-0.061578,-1.07434,0.152732,-0.545929
0.176801,-0.271547,1.25315,0.508554,-0.736043,0.242867,0.055448,0.251342,-0.444979,1.9515,1.94828,-1.46238,-0.101806,-0.594093,0.155395,0.621624,-0.418335,-0.424693,1.04144,0.767457
-0.270331,-1.14783,-0.6089,0.667766,0.193485,-0.0100234,-2.26004,-0.420191,-1.2989,0.0486786,-0.281091,-1.92118,-1.52477,-1.01503,0.0157633,0.118687,-0.933042,-0.177821,-0.324697,0.736719
0.943112,-0.165674,-0.47449,0.94995,1.92055,0.750462,-1.46416,1.85524,0.324612,0.483564,0.544933,0.797252,-2.44549,0.285001,1.64875,0.408047,-0.165385,0.725236,-2.4646,-0.313473
-2.13956,-0.164766,-1.93004,1.49845,2.19699,0.592388,-1.79788,-1.21932,-0.395295,-2.55285,-2.71653,0.572335,-0.514574,-0.712899,-0.907665,-2.25835,0.196729,0.842649,-0.965778,0.15793
-2.7254,-0.314948,-0.556875,0.212472,0.512817,0.366804,-2.19508,-2.02821,-0.630478,-1.61229,-1.91923,-0.672983,0.897238,-0.272934,-2.23671,-1.29364,0.118872,0.336327,0.00403804,0.47715
1.3256,-0.536464,1.95201,0.0686234,1.31412,0.0142395,-2.60396,0.398241,0.0318969,2.27313,1.40193,0.0311709,-1.20139,0.268234,0.282305,0.188348,0.200751,0.162102,-2.3423,0.115395
0.138942,2.29076,-0.611406,0.325186,2.05606,0.943027,0.91213,-1.34507,0.381214,-0.344419,-1.11867,2.61146,0.460507,-0.115624,-0.374605,-2.22569,0.693933,0.981277,-0.572838,0.371001
-2.50226,0.913703,-1.99171,0.135037,2.13829,2.6218,-1.89364,0.49057,0.696409,-0.691969,-1.11576,0.456104,-0.66085,0.279459,-0.312658,-1.73832,0.681088,2.49621,-2.51159,-0.149531
-1.24352,2.21847,-0.409091,0.077346,1.15252,0.446573,1.37081,-2.67156,-0.0281815,-0.861018,-1.5175,2.17309,1.22305,0.694055,-1.08586,-1.20127,-0.0627179,0.472319,0.448171,1.3986
-0.109713,0.587066,0.491716,0.984869,2.2384,1.81734,-1.89599,2.44645,0.950306,1.18885,1.7599,1.46381,-1.77811,1.405,0.885272,1.28456,0.0548766,0.924921,-2.30259,-0.195068
-1.82906,0.78143,-0.588939,0.884467,0.504651,1.79548,-0.532575,0.294019,-0.0171023,-0.0986598,0.233158,-0.323861,-0.203378,-0.348999,-0.389776,-0.358473,-0.0070524,0.937159,-0.162656,0.307286
-1.50403,-0.468836,0.247344,0.342476,-1.1395,0.66918,0.0576857,2.12103,0.377648,-0.178541,1.28217,-1.00693,-0.304731,0.864098,0.401412,2.32883,-0.534032,-0.18265,0.412135,-0.407448
-1.77259,-0.465695,1.60838,1.64514,-0.377152,0.832862,-0.412768,1.23725,0.0972074,0.849621,1.8932,-1.12353,-0.116731,-0.0277175,-0.0751481,1.14676,-0.232996,-0.184973,0.39748,0.211949
2.38869,0.219776,0.959586,1.85471,1.04928,0.0319877,0.235668,1.56704,0.255245,0.916623,1.94211,2.08329,-1.96304,0.558036,1.71843,2.13372,-0.409828,-0.521102,-1.0689,-0.0435258