0.714824,-3.00427,0.443602,0.249241,-0.865507,-1.84081,-1.57451,0.23641,-0.591652,-0.185301,-0.0823139,-2.01119,-0.458778,-0.813358,0.0847921,0.227156,-0.0719711,-1.07437,0.151045,-0.550106
0.174427,-0.266525,1.27801,0.508578,-0.753364,0.237203,0.0646686,0.2566,-0.453983,1.95149,1.94828,-1.46242,-0.105711,-0.594057,0.158223,0.640403,-0.42876,-0.440585,1.04144,0.767442
-0.276438,-1.16641,-0.60889,0.672642,0.190307,-0.00864579,-2.26004,-0.420177,-1.29891,0.047722,-0.280948,-1.92116,-1.52479,-1.01506,0.0118409,0.11867,-0.933046,-0.171491,-0.322514,0.736715
0.95455,-0.167139,-0.47422,0.961176,1.92056,0.760677,-1.4754,1.85527,0.323698,0.493547,0.554895,0.806062,-2.44546,0.284072,1.64872,0.423009,-0.161101,0.730012,-2.46465,-0.316428
-2.13954,-0.156592,-1.93006,1.49846,2.197,0.612591,-1.79789,-1.23971,-0.397071,-2.55286,-2.71652,0.581538,-0.513579,-0.712863,-0.919292,-2.25838,0.199597,0.857711,-0.977795,0.163346
-2.72542,-0.324295,-0.5634,0.211139,0.521408,0.366713,-2.19507,-2.02824,-0.630486,-1.6123,-1.91926,-0.686442,0.890792,-0.276319,-2.23668,-1.32296,0.11888,0.348495,-0.00598391,0.483725
1.32562,-0.543678,1.952,0.0887823,1.31416,0.0221646,-2.60398,0.424638,0.0367999,2.27314,1.41866,0.0348283,-1.20897,0.274283,0.292097,0.193853,0.202966,0.161275,-2.34227,0.112354
0.13508,2.29077,-0.623169,0.324127,2.05602,0.945294,0.912113,-1.36595,0.382296,-0.354058,-1.13482,2.6115,0.462127,-0.115642,-0.374664,-2.22571,0.699558,0.98129,-0.586126,0.381843
-2.50227,0.936577,-1.99171,0.129161,2.13834,2.6218,-1.89366,0.497379,0.696402,-0.712309,-1.13129,0.468256,-0.664328,0.279469,-0.312114,-1.73831,0.681088,2.49618,-2.5116,-0.156401
-1.24354,2.2185,-0.420033,0.0772885,1.15256,0.448975,1.37081,-2.67155,-0.0257674,-0.87353,-1.51752,2.17308,1.22308,0.694008,-1.09945,-1.21278,-0.0627145,0.467482,0.45862,1.39861
-0.110823,0.59283,0.505956,1.00617,2.23836,1.81736,-1.89599,2.44643,0.950326,1.18886,1.75989,1.46385,-1.77817,1.40499,0.900257,1.2846,0.0603763,0.938509,-2.34483,-0.199723
-1.82908,0.787674,-0.587049,0.884475,0.517382,1.79547,-0.535567,0.29808,-0.0170921,-0.0944047,0.222656,-0.324348,-0.209257,-0.349013,-0.384398,-0.365441,-0.00912202,0.939042,-0.169049,0.312857
-1.50402,-0.475802,0.244254,0.354384,-1.13951,0.671798,0.0546955,2.12107,0.377637,-0.162721,1.29651,-1.01731,-0.299366,0.864089,0.403179,2.3288,-0.534051,-0.170054,0.414891,-0.405074
-1.77259,-0.465557,1.60839,1.64512,-0.376824,0.838466,-0.412791,1.23727,0.0945379,0.858379,1.89322,-1.12352,-0.111813,-0.0184856,-0.0814422,1.14678,-0.237411,-0.184767,0.408238,0.217448
2.38868,0.226254,0.975706,1.85471,1.07271,0.0277303,0.229007,1.59465,0.261458,0.936568,1.94211,2.08326,-1.96303,0.571666,1.71852,2.13373,-0.418205,-0.52888,-1.06892,-0.0472994