0.714455,-3.00426,0.449695,0.242798,-0.867895,-1.84082,-1.57452,0.237586,-0.596067,-0.184256,-0.0823195,-2.01119,-0.462807,-0.813376,0.0839533,0.227175,-0.0771682,-1.07439,0.150186,-0.552153
0.173277,-0.263973,1.29031,0.50859,-0.761832,0.234307,0.069326,0.259151,-0.458396,1.95148,1.94828,-1.46244,-0.107578,-0.594037,0.159718,0.649755,-0.434016,-0.448542,1.04144,0.767435
-0.279509,-1.1755,-0.608884,0.674894,0.188549,-0.00788978,-2.26005,-0.42017,-1.29891,0.0472357,-0.280816,-1.92115,-1.5248,-1.01508,0.00971421,0.118661,-0.933048,-0.168416,-0.321251,0.736713
0.960182,-0.167812,-0.473889,0.966705,1.92056,0.765619,-1.48078,1.85529,0.323146,0.49843,0.559758,0.81036,-2.44545,0.283525,1.64871,0.430336,-0.15905,0.732309,-2.46467,-0.317796
-2.13953,-0.152556,-1.93008,1.49846,2.19701,0.622605,-1.79789,-1.24969,-0.397884,-2.55286,-2.71651,0.586019,-0.513111,-0.712844,-0.925206,-2.25839,0.201004,0.865225,-0.98357,0.166076
-2.72543,-0.328864,-0.566548,0.210553,0.525443,0.366706,-2.19506,-2.02825,-0.630491,-1.6123,-1.91927,-0.693037,0.887524,-0.277973,-2.23666,-1.33731,0.118884,0.354552,-0.0111022,0.48692
1.32563,-0.547285,1.95199,0.0987785,1.31419,0.0260816,-2.60399,0.437985,0.0391765,2.27314,1.42701,0.0366586,-1.21254,0.277279,0.29685,0.196577,0.204037,0.160818,-2.34225,0.11079
0.133245,2.29078,-0.628881,0.323594,2.056,0.946407,0.912103,-1.37598,0.382767,-0.358948,-1.14275,2.61153,0.462676,-0.115652,-0.374691,-2.22572,0.702203,0.981294,-0.592582,0.387049
-2.50228,0.947996,-1.99171,0.126148,2.13836,2.62181,-1.89367,0.500598,0.696399,-0.722467,-1.13899,0.474076,-0.66569,0.279475,-0.311479,-1.73831,0.68109,2.49617,-2.51161,-0.159887
-1.24354,2.21851,-0.425388,0.0772781,1.15258,0.449999,1.37081,-2.67154,-0.0245663,-0.879663,-1.51753,2.17307,1.2231,0.693985,-1.10596,-1.21833,-0.0627124,0.464852,0.46375,1.39861
-0.111287,0.595544,0.512998,1.01683,2.23833,1.81737,-1.89599,2.44642,0.950337,1.18887,1.75989,1.46387,-1.77821,1.40499,0.907331,1.28461,0.0631106,0.945286,-2.36551,-0.202062
-1.82909,0.790781,-0.586087,0.884479,0.523644,1.79546,-0.537046,0.299957,-0.0170872,-0.0923642,0.217447,-0.324644,-0.212138,-0.34902,-0.381554,-0.368862,-0.0100927,0.940028,-0.172312,0.315551
-1.50401,-0.479162,0.242836,0.360208,-1.13951,0.67301,0.0532107,2.1211,0.377632,-0.154767,1.30352,-1.02235,-0.296748,0.864084,0.403843,2.32879,-0.534061,-0.163871,0.416252,-0.403804
-1.77259,-0.465436,1.6084,1.64512,-0.376574,0.841139,-0.412802,1.23728,0.0931764,0.862724,1.89323,-1.12352,-0.109263,-0.0140844,-0.0846541,1.14679,-0.239601,-0.184715,0.413505,0.220243
2.38867,0.229612,0.983677,1.85471,1.08442,0.0256437,0.225595,1.60799,0.264488,0.946402,1.94211,2.08325,-1.96302,0.578501,1.71857,2.13374,-0.422164,-0.532757,-1.06893,-0.0491953