0.714247,-3.00425,0.452743,0.239578,-0.869072,-1.84083,-1.57453,0.238159,-0.598247,-0.183741,-0.0823224,-2.01119,-0.464786,-0.813385,0.0835353,0.227185,-0.0797643,-1.0744,0.149754,-0.553167
0.172714,-0.262687,1.29643,0.508597,-0.766018,0.232844,0.0716651,0.260408,-0.460579,1.95148,1.94828,-1.46245,-0.108492,-0.594026,0.160483,0.654421,-0.436652,-0.452523,1.04144,0.767432
-0.28105,-1.17999,-0.608881,0.675973,0.187628,-0.00749641,-2.26005,-0.420166,-1.29891,0.0469894,-0.280734,-1.92114,-1.52481,-1.01509,0.00861238,0.118657,-0.93305,-0.166902,-0.320579,0.736712
0.962977,-0.168134,-0.473677,0.969448,1.92056,0.76805,-1.48341,1.8553,0.322847,0.500845,0.562162,0.812483,-2.44544,0.283232,1.6487,0.43396,-0.158048,0.733438,-2.46468,-0.318456
-2.13952,-0.150551,-1.93008,1.49846,2.19701,0.627588,-1.79789,-1.25464,-0.398272,-2.55286,-2.71651,0.588231,-0.512885,-0.712835,-0.928189,-2.2584,0.201699,0.868978,-0.986399,0.167446
-2.72543,-0.331123,-0.568094,0.21028,0.527395,0.366712,-2.19506,-2.02826,-0.630493,-1.6123,-1.91928,-0.696301,0.88588,-0.278791,-2.23665,-1.3444,0.118885,0.357573,-0.0136864,0.488495
1.32564,-0.549089,1.95199,0.103754,1.3142,0.0280279,-2.60399,0.444695,0.0403457,2.27314,1.43118,0.037573,-1.21428,0.278769,0.299193,0.197931,0.204561,0.160578,-2.34225,0.109998
0.132348,2.29078,-0.631694,0.323325,2.05599,0.946958,0.912098,-1.38089,0.382985,-0.36141,-1.14668,2.61154,0.462888,-0.115657,-0.374705,-2.22572,0.703482,0.981296,-0.595763,0.389598
-2.50229,0.9537,-1.99171,0.124626,2.13838,2.62181,-1.89368,0.502161,0.696397,-0.727542,-1.14283,0.476918,-0.666276,0.279478,-0.311073,-1.7383,0.681091,2.49616,-2.51161,-0.161643
-1.24355,2.21852,-0.428037,0.0772784,1.15259,0.450469,1.37081,-2.67154,-0.0239676,-0.882701,-1.51754,2.17306,1.2231,0.693974,-1.10915,-1.22105,-0.0627113,0.463486,0.466293,1.39861
-0.111495,0.596862,0.5165,1.02215,2.23832,1.81738,-1.89599,2.44641,0.950342,1.18887,1.75988,1.46388,-1.77822,1.40498,0.910764,1.28462,0.0644727,0.948668,-2.37574,-0.203234
-1.82909,0.79233,-0.585602,0.884481,0.526749,1.79546,-0.537781,0.300856,-0.0170847,-0.0913661,0.214853,-0.324804,-0.213564,-0.349024,-0.380094,-0.370555,-0.0105623,0.940532,-0.17396,0.316875
-1.50401,-0.48081,0.242159,0.363087,-1.13951,0.673591,0.0524698,2.12111,0.37763,-0.150779,1.30699,-1.02484,-0.295453,0.864081,0.404124,2.32878,-0.534066,-0.160812,0.41693,-0.403149
-1.77259,-0.465363,1.6084,1.64512,-0.376429,0.842444,-0.412808,1.23728,0.0924887,0.864887,1.89323,-1.12352,-0.107966,-0.0119383,-0.0862753,1.14679,-0.240691,-0.1847,0.416109,0.221652
2.38867,0.231319,0.98764,1.85471,1.09027,0.0246108,0.223872,1.61454,0.265984,0.951285,1.94211,2.08324,-1.96302,0.581923,1.7186,2.13374,-0.424085,-0.534692,-1.06894,-0.0501438