0.714022,-3.00424,0.455792,0.236358,-0.870236,-1.84083,-1.57454,0.23872,-0.60041,-0.183231,-0.0823255,-2.01119,-0.466739,-0.813393,0.0831184,0.227195,-0.0823576,-1.07441,0.14932,-0.554174
0.17216,-0.261396,1.30252,0.508604,-0.770172,0.231371,0.0740107,0.261652,-0.462747,1.95148,1.94827,-1.46245,-0.109392,-0.594015,0.16126,0.65908,-0.439291,-0.456505,1.04144,0.767428
-0.282597,-1.18445,-0.608878,0.67702,0.186681,-0.00709332,-2.26005,-0.420163,-1.29891,0.0467406,-0.280644,-1.92114,-1.52482,-1.0151,0.00748604,0.118652,-0.933051,-0.165404,-0.319881,0.736711
0.96576,-0.168448,-0.473435,0.972177,1.92057,0.770455,-1.486,1.85531,0.322535,0.503241,0.564549,0.814588,-2.44544,0.282927,1.6487,0.437558,-0.157061,0.734553,-2.4647,-0.319098
-2.13952,-0.148556,-1.93009,1.49846,2.19701,0.632556,-1.79789,-1.25954,-0.398649,-2.55286,-2.7165,0.590423,-0.512664,-0.712825,-0.931188,-2.2584,0.202388,0.87273,-0.989189,0.168819
-2.72544,-0.333365,-0.569622,0.210021,0.529305,0.366725,-2.19505,-2.02827,-0.630495,-1.61231,-1.91929,-0.69954,0.88423,-0.279604,-2.23664,-1.35144,0.118887,0.36059,-0.0162865,0.490054
1.32564,-0.550894,1.95199,0.108714,1.31421,0.0299659,-2.604,0.451429,0.0415022,2.27315,1.43535,0.0384863,-1.21598,0.280255,0.301512,0.19928,0.205078,0.160332,-2.34224,0.109198
0.131465,2.29079,-0.634478,0.323053,2.05598,0.947504,0.912093,-1.38572,0.383193,-0.363884,-1.15058,2.61155,0.463059,-0.115663,-0.374718,-2.22573,0.70473,0.981297,-0.598911,0.392111
-2.50229,0.959399,-1.99172,0.123093,2.13839,2.62181,-1.89368,0.503691,0.696395,-0.732615,-1.14665,0.479712,-0.6668,0.279481,-0.310608,-1.7383,0.681093,2.49616,-2.51162,-0.163406
-1.24355,2.21852,-0.430667,0.0772825,1.1526,0.450913,1.37081,-2.67154,-0.0233704,-0.885719,-1.51755,2.17306,1.22311,0.693963,-1.11228,-1.22374,-0.0627101,0.462089,0.46882,1.39862
-0.111689,0.598155,0.51999,1.02748,2.23831,1.81738,-1.89599,2.44641,0.950347,1.18887,1.75988,1.4639,-1.77824,1.40498,0.914127,1.28463,0.0658312,0.952045,-2.3859,-0.204409
-1.82909,0.793876,-0.585113,0.884483,0.529836,1.79546,-0.538513,0.30173,-0.0170822,-0.090383,0.212267,-0.324971,-0.21498,-0.349028,-0.37861,-0.372235,-0.0110215,0.941042,-0.175621,0.318185
-1.50401,-0.482435,0.241503,0.365942,-1.13951,0.674155,0.0517293,2.12112,0.377627,-0.146785,1.31042,-1.02729,-0.294168,0.864078,0.404371,2.32877,-0.534071,-0.157776,0.417608,-0.402483
-1.7726,-0.465283,1.6084,1.64511,-0.37627,0.843727,-0.412813,1.23728,0.0917962,0.867043,1.89324,-1.12351,-0.106656,-0.00982905,-0.0879064,1.14679,-0.241779,-0.184693,0.418693,0.223068
2.38866,0.233045,0.991589,1.85471,1.09612,0.0235848,0.222137,1.62101,0.267466,0.956144,1.94211,2.08324,-1.96301,0.585347,1.71862,2.13374,-0.425966,-0.536624,-1.06894,-0.051092