0.712983,-3.00421,0.467998,0.223497,-0.874769,-1.84085,-1.57456,0.240856,-0.608881,-0.181242,-0.0823391,-2.01119,-0.474305,-0.813424,0.0814623,0.227233,-0.0926866,-1.07445,0.147567,-0.558142
0.170041,-0.25618,1.32661,0.508633,-0.786472,0.22538,0.0834497,0.266506,-0.471254,1.95148,1.94827,-1.46249,-0.11287,-0.593969,0.16447,0.677631,-0.449871,-0.472446,1.04145,0.767414
-0.288841,-1.20191,-0.608865,0.680886,0.182626,-0.00539147,-2.26006,-0.420148,-1.29892,0.0457127,-0.280186,-1.92111,-1.52484,-1.01513,0.0027533,0.118635,-0.933058,-0.159581,-0.316838,0.736707
0.976769,-0.169625,-0.472177,0.982946,1.92057,0.779823,-1.49597,1.85535,0.32115,0.51265,0.573933,0.822846,-2.44542,0.281592,1.64867,0.451671,-0.153261,0.738892,-2.46474,-0.321518
-2.1395,-0.140674,-1.93011,1.49846,2.19703,0.652259,-1.7979,-1.27881,-0.400037,-2.55286,-2.71649,0.599,-0.511834,-0.712786,-0.943345,-2.25843,0.205083,0.88772,-0.999961,0.174341
-2.72546,-0.34216,-0.575557,0.209123,0.536515,0.366846,-2.19504,-2.0283,-0.630502,-1.61232,-1.91932,-0.712261,0.877573,-0.282807,-2.2366,-1.37903,0.118895,0.372601,-0.0268348,0.496141
1.32566,-0.558127,1.95198,0.12839,1.31425,0.0376301,-2.60402,0.478601,0.0459987,2.27315,1.45199,0.0421218,-1.22244,0.286139,0.310571,0.204619,0.20706,0.159282,-2.34221,0.105932
0.128049,2.2908,-0.645319,0.321928,2.05595,0.949646,0.912071,-1.40435,0.383919,-0.373894,-1.16595,2.6116,0.463342,-0.115685,-0.374769,-2.22575,0.70941,0.981297,-0.61118,0.401791
-2.5023,0.982144,-1.99172,0.116885,2.13845,2.62181,-1.8937,0.509489,0.696388,-0.752885,-1.16186,0.490383,-0.668258,0.279495,-0.308184,-1.73828,0.681101,2.49613,-2.51163,-0.170529
-1.24356,2.21855,-0.440998,0.0773427,1.15264,0.452428,1.37082,-2.67153,-0.0209988,-0.897605,-1.51757,2.17304,1.22314,0.693922,-1.12438,-1.23412,-0.0627048,0.456189,0.478779,1.39862
-0.112308,0.603096,0.533832,1.04879,2.23826,1.8174,-1.896,2.44639,0.950368,1.18888,1.75987,1.46394,-1.77831,1.40498,0.926892,1.28466,0.0712204,0.965491,-2.42581,-0.20913
-1.82911,0.800029,-0.583128,0.88449,0.542013,1.79545,-0.541414,0.304964,-0.0170721,-0.0866043,0.201988,-0.325714,-0.220549,-0.349046,-0.372443,-0.378818,-0.0127567,0.943144,-0.182381,0.323283
-1.50399,-0.488701,0.239099,0.377122,-1.13951,0.676238,0.0487659,2.12117,0.377617,-0.130745,1.32391,-1.03691,-0.289115,0.864069,0.405048,2.32874,-0.534094,-0.145882,0.420318,-0.399706
-1.7726,-0.464891,1.60841,1.6451,-0.375502,0.848653,-0.412834,1.2373,0.0889765,0.875587,1.89326,-1.1235,-0.10128,-0.00176438,-0.0945242,1.14681,-0.246102,-0.184734,0.428816,0.228804
2.38865,0.240124,1.00725,1.85471,1.11953,0.0195493,0.215102,1.6461,0.27326,0.975345,1.94211,2.0832,-1.963,0.599064,1.71872,2.13376,-0.433082,-0.544321,-1.06896,-0.0548728