0.71269,-3.0042,0.471052,0.220289,-0.875869,-1.84085,-1.57457,0.241363,-0.610954,-0.180758,-0.0823429,-2.01119,-0.476134,-0.813431,0.0810515,0.227243,-0.0952532,-1.07446,0.147125,-0.559119
0.16954,-0.254865,1.33256,0.508641,-0.790468,0.223858,0.0858214,0.26769,-0.473339,1.95148,1.94827,-1.4625,-0.11371,-0.593957,0.165296,0.682246,-0.452516,-0.476433,1.04145,0.76741
-0.290419,-1.20618,-0.608861,0.681772,0.181548,-0.00494545,-2.26006,-0.420144,-1.29892,0.0454456,-0.280049,-1.92111,-1.52484,-1.01514,0.00151789,0.118631,-0.93306,-0.15817,-0.316018,0.736706
0.979493,-0.169901,-0.471793,0.9856,1.92057,0.782104,-1.49837,1.85536,0.320772,0.514958,0.576241,0.824869,-2.44541,0.281231,1.64866,0.455129,-0.152349,0.739949,-2.46475,-0.322088
-2.13949,-0.138731,-1.93012,1.49846,2.19703,0.657141,-1.7979,-1.28353,-0.400356,-2.55286,-2.71648,0.601098,-0.511641,-0.712776,-0.946424,-2.25844,0.205739,0.891465,-1.00256,0.175728
-2.72546,-0.344316,-0.576998,0.208934,0.538212,0.366894,-2.19504,-2.0283,-0.630504,-1.61232,-1.91933,-0.715381,0.875896,-0.283597,-2.23659,-1.38579,0.118897,0.375589,-0.0295059,0.497626
1.32566,-0.55994,1.95198,0.133265,1.31426,0.0395235,-2.60402,0.485452,0.0470901,2.27315,1.45615,0.0430243,-1.22397,0.287596,0.312782,0.205939,0.207532,0.159004,-2.34221,0.105099
0.127221,2.29081,-0.647954,0.321634,2.05594,0.95017,0.912065,-1.40883,0.384076,-0.376425,-1.16974,2.61161,0.463317,-0.11569,-0.374781,-2.22576,0.710499,0.981296,-0.614166,0.404118
-2.50231,0.987815,-1.99172,0.115317,2.13846,2.62181,-1.89371,0.510855,0.696386,-0.757946,-1.16565,0.492918,-0.668464,0.279499,-0.307441,-1.73828,0.681104,2.49613,-2.51163,-0.172327
-1.24356,2.21855,-0.443534,0.0773699,1.15265,0.452746,1.37082,-2.67153,-0.0204109,-0.900532,-1.51758,2.17303,1.22314,0.693912,-1.1273,-1.23663,-0.0627033,0.454641,0.481232,1.39863
-0.112425,0.604278,0.537263,1.05412,2.23825,1.81741,-1.896,2.44638,0.950373,1.18889,1.75986,1.46395,-1.77833,1.40498,0.929912,1.28467,0.0725546,0.968834,-2.43561,-0.210317
-1.82911,0.801559,-0.582622,0.884492,0.545013,1.79544,-0.542133,0.305708,-0.0170696,-0.0856991,0.199435,-0.325916,-0.221917,-0.34905,-0.370845,-0.380427,-0.0131657,0.943684,-0.184102,0.324522
-1.50399,-0.490206,0.238553,0.379854,-1.13951,0.676715,0.0480229,2.12118,0.377614,-0.12672,1.32722,-1.03925,-0.287872,0.864066,0.405145,2.32874,-0.5341,-0.142977,0.420998,-0.398987
-1.7726,-0.464777,1.60842,1.6451,-0.375278,0.849833,-0.41284,1.2373,0.0882588,0.8777,1.89326,-1.1235,-0.0999044,0.00015732,-0.0962008,1.14681,-0.247176,-0.18476,0.431291,0.230255
2.38865,0.241935,1.01113,1.85471,1.12539,0.0185577,0.213323,1.65217,0.274674,0.980086,1.94211,2.0832,-1.96299,0.602498,1.71874,2.13376,-0.434756,-0.546236,-1.06897,-0.0558126