0.712386,-3.00419,0.474107,0.217083,-0.876955,-1.84086,-1.57457,0.241858,-0.613009,-0.180279,-0.0823468,-2.0112,-0.477938,-0.813438,0.0806423,0.227252,-0.0978119,-1.07447,0.146682,-0.560091
0.169051,-0.253546,1.33848,0.508649,-0.794433,0.222327,0.0881971,0.268862,-0.475407,1.95148,1.94826,-1.46251,-0.114538,-0.593944,0.16613,0.686851,-0.455159,-0.48042,1.04145,0.767406
-0.292004,-1.21042,-0.608857,0.682624,0.180445,-0.00449192,-2.26006,-0.42014,-1.29892,0.0451737,-0.279902,-1.9211,-1.52485,-1.01515,0.000263484,0.118627,-0.933063,-0.156776,-0.315177,0.736705
0.982206,-0.17017,-0.471383,0.988239,1.92058,0.784361,-1.50073,1.85537,0.320383,0.517248,0.578536,0.826877,-2.4454,0.28086,1.64865,0.458558,-0.151451,0.740995,-2.46476,-0.322644
-2.13949,-0.1368,-1.93013,1.49846,2.19703,0.662006,-1.7979,-1.28822,-0.400663,-2.55286,-2.71648,0.603179,-0.511452,-0.712765,-0.949518,-2.25845,0.206388,0.89521,-1.00511,0.177118
-2.72547,-0.346454,-0.578421,0.208759,0.539867,0.36695,-2.19504,-2.02831,-0.630506,-1.61232,-1.91933,-0.718477,0.874215,-0.284383,-2.23658,-1.39248,0.118899,0.378572,-0.0321892,0.499096
1.32566,-0.561755,1.95197,0.138121,1.31428,0.0414076,-2.60403,0.492325,0.0481683,2.27315,1.46031,0.0439233,-1.22546,0.289045,0.314973,0.207253,0.207994,0.15872,-2.3422,0.104259
0.126402,2.29082,-0.650559,0.321334,2.05593,0.950689,0.912058,-1.41323,0.384223,-0.378967,-1.1735,2.61163,0.463255,-0.115696,-0.374793,-2.22576,0.711554,0.981295,-0.617119,0.406407
-2.50231,0.993479,-1.99172,0.113744,2.13847,2.62181,-1.89371,0.512187,0.696384,-0.763004,-1.16943,0.495396,-0.668607,0.279503,-0.306645,-1.73828,0.681107,2.49612,-2.51164,-0.17413
-1.24357,2.21856,-0.446051,0.0774026,1.15266,0.45304,1.37083,-2.67152,-0.0198253,-0.903442,-1.51758,2.17303,1.22315,0.693902,-1.13017,-1.2391,-0.0627017,0.453065,0.48367,1.39863
-0.112527,0.60544,0.540683,1.05945,2.23823,1.81741,-1.896,2.44638,0.950379,1.18889,1.75986,1.46397,-1.77834,1.40497,0.932865,1.28467,0.0738829,0.972168,-2.44533,-0.211505
-1.82911,0.803086,-0.582113,0.884493,0.547996,1.79544,-0.542848,0.306425,-0.017067,-0.0848102,0.196889,-0.326125,-0.223276,-0.349055,-0.369227,-0.38202,-0.0135652,0.94423,-0.185835,0.325748
-1.50399,-0.491685,0.238029,0.382561,-1.13951,0.677174,0.0472783,2.12119,0.377611,-0.12269,1.3305,-1.04158,-0.286636,0.864064,0.405214,2.32873,-0.534106,-0.140102,0.42168,-0.398258
-1.7726,-0.464656,1.60842,1.64509,-0.375041,0.850993,-0.412844,1.2373,0.087536,0.879804,1.89327,-1.1235,-0.0985169,0.00204068,-0.0978857,1.14682,-0.248247,-0.184791,0.433743,0.231712
2.38865,0.243762,1.01499,1.85471,1.13126,0.017573,0.211537,1.65817,0.276073,0.984803,1.94211,2.08319,-1.96299,0.605933,1.71876,2.13377,-0.436387,-0.548146,-1.06897,-0.0567491