0.711069,-3.00415,0.486341,0.204309,-0.881156,-1.84087,-1.5746,0.243731,-0.621051,-0.178412,-0.0823642,-2.0112,-0.484904,-0.813463,0.0790229,0.22729,-0.107945,-1.07451,0.144899,-0.563924
0.167233,-0.24824,1.36184,0.508682,-0.809984,0.216106,0.0977297,0.27344,-0.483503,1.95148,1.94825,-1.46255,-0.117742,-0.59389,0.169538,0.705164,-0.465692,-0.496371,1.04146,0.767393
-0.298431,-1.22697,-0.608841,0.685705,0.175787,-0.00260926,-2.26007,-0.420125,-1.29893,0.0440281,-0.27923,-1.92108,-1.52487,-1.01519,-0.00492458,0.11861,-0.933073,-0.151389,-0.311603,0.736701
0.992958,-0.171185,-0.469488,0.998635,1.92058,0.793158,-1.5098,1.8554,0.318716,0.526237,0.587585,0.834757,-2.44538,0.279281,1.64862,0.471978,-0.148014,0.745083,-2.4648,-0.324748
-2.13947,-0.1292,-1.93015,1.49847,2.19704,0.681273,-1.7979,-1.30659,-0.401781,-2.55286,-2.71646,0.611334,-0.510753,-0.712725,-0.962043,-2.25849,0.2089,0.910191,-1.01495,0.182701
-2.72548,-0.354837,-0.58395,0.208205,0.546072,0.367245,-2.19503,-2.02834,-0.630513,-1.61233,-1.91936,-0.73061,0.867457,-0.287495,-2.23654,-1.41867,0.118906,0.390436,-0.0430329,0.504833
1.32568,-0.569045,1.95197,0.157349,1.31433,0.0488477,-2.60404,0.520033,0.0523467,2.27316,1.47695,0.0474771,-1.23109,0.294772,0.323534,0.212448,0.209736,0.157532,-2.34217,0.100832
0.1232,2.29084,-0.660666,0.320067,2.0559,0.952709,0.912032,-1.43009,0.384722,-0.389255,-1.18833,2.61167,0.462652,-0.115719,-0.374836,-2.22579,0.715431,0.981285,-0.628599,0.415179
-2.50232,1.01605,-1.99172,0.107429,2.13853,2.62182,-1.89372,0.517169,0.696376,-0.783207,-1.18449,0.504718,-0.668546,0.27952,-0.302949,-1.73825,0.681122,2.4961,-2.51165,-0.181397
-1.24358,2.21858,-0.455936,0.0775931,1.1527,0.453999,1.37084,-2.67151,-0.0175087,-0.914912,-1.51761,2.173,1.22318,0.693866,-1.14125,-1.24863,-0.0626945,0.446504,0.49328,1.39864
-0.112788,0.609908,0.554253,1.08077,2.23818,1.81743,-1.89601,2.44636,0.9504,1.1889,1.75985,1.46402,-1.77841,1.40497,0.944012,1.2847,0.0791272,0.985401,-2.48351,-0.216284
-1.82913,0.809159,-0.580035,0.884499,0.559752,1.79544,-0.545684,0.309032,-0.0170568,-0.0814224,0.186769,-0.327022,-0.228613,-0.349076,-0.362554,-0.388226,-0.0150703,0.946459,-0.192904,0.330517
-1.50398,-0.497323,0.236162,0.393118,-1.1395,0.678827,0.0442789,2.12124,0.3776,-0.106522,1.34335,-1.0507,-0.281758,0.864055,0.405245,2.32869,-0.534131,-0.128923,0.424437,-0.395264
-1.77261,-0.464121,1.60843,1.64508,-0.373973,0.855433,-0.412864,1.23731,0.0845915,0.888109,1.89329,-1.12349,-0.0928543,0.00918517,-0.104705,1.14683,-0.252504,-0.184971,0.443311,0.237605
2.38864,0.251214,1.03034,1.85472,1.15478,0.0137047,0.204344,1.68134,0.281527,1.00343,1.9421,2.08315,-1.96297,0.619688,1.71886,2.13379,-0.442468,-0.555737,-1.06899,-0.0604537