0.710719,-3.00414,0.489403,0.201131,-0.882168,-1.84087,-1.5746,0.244171,-0.623017,-0.177957,-0.082369,-2.01121,-0.486583,-0.813468,0.0786229,0.2273,-0.110448,-1.07452,0.144451,-0.56487
0.166816,-0.246909,1.36759,0.508691,-0.813796,0.214527,0.100118,0.274559,-0.485482,1.95148,1.94825,-1.46256,-0.118517,-0.593876,0.170406,0.709714,-0.46831,-0.500358,1.04146,0.767389
-0.300062,-1.23101,-0.608837,0.686392,0.174562,-0.00212306,-2.26007,-0.420121,-1.29894,0.043725,-0.27904,-1.92107,-1.52488,-1.0152,-0.00625924,0.118606,-0.933075,-0.15009,-0.310662,0.7367
0.995622,-0.171424,-0.468954,1.00119,1.92058,0.795302,-1.51198,1.85541,0.318274,0.528441,0.589818,0.83669,-2.44538,0.278863,1.64862,0.475258,-0.147194,0.746082,-2.46481,-0.325246
-2.13947,-0.127334,-1.93016,1.49847,2.19704,0.686041,-1.79791,-1.31108,-0.402034,-2.55286,-2.71646,0.613333,-0.510592,-0.712714,-0.96521,-2.2585,0.209506,0.913938,-1.01731,0.184102
-2.72549,-0.35689,-0.585291,0.208103,0.547522,0.367337,-2.19503,-2.02835,-0.630515,-1.61234,-1.91937,-0.73358,0.865761,-0.288266,-2.23653,-1.42506,0.118908,0.393384,-0.0457679,0.506232
1.32568,-0.570876,1.95196,0.162104,1.31434,0.0506832,-2.60404,0.527013,0.0533572,2.27316,1.48112,0.0483525,-1.23241,0.296184,0.325624,0.213732,0.210143,0.157223,-2.34217,0.099959
0.122415,2.29085,-0.663113,0.31973,2.05589,0.9532,0.912024,-1.43412,0.384825,-0.391857,-1.19198,2.61168,0.462417,-0.115724,-0.374845,-2.22579,0.716311,0.981281,-0.631386,0.417274
-2.50232,1.02167,-1.99172,0.105848,2.13854,2.62182,-1.89373,0.518325,0.696374,-0.788249,-1.18824,0.506892,-0.668373,0.279525,-0.301903,-1.73825,0.681127,2.4961,-2.51166,-0.183225
-1.24358,2.21858,-0.458362,0.0776572,1.15271,0.454188,1.37084,-2.67151,-0.0169368,-0.917739,-1.51761,2.173,1.22318,0.693857,-1.14392,-1.25091,-0.0626925,0.444803,0.495647,1.39864
-0.112817,0.610984,0.557618,1.08611,2.23816,1.81744,-1.89602,2.44636,0.950405,1.1889,1.75984,1.46403,-1.77843,1.40497,0.946636,1.28471,0.0804188,0.988679,-2.49288,-0.217484
-1.82913,0.810669,-0.579503,0.884501,0.562647,1.79543,-0.546387,0.309619,-0.0170542,-0.0806188,0.184255,-0.327261,-0.229923,-0.349081,-0.360839,-0.389733,-0.0154244,0.947028,-0.194705,0.331677
-1.50398,-0.49866,0.235753,0.395688,-1.1395,0.679194,0.0435224,2.12125,0.377597,-0.10247,1.3465,-1.05294,-0.280553,0.864053,0.405197,2.32869,-0.534138,-0.126214,0.425135,-0.394498
-1.77261,-0.463975,1.60844,1.64507,-0.373676,0.856494,-0.412868,1.23732,0.0838419,0.890155,1.8933,-1.12348,-0.0914125,0.0108726,-0.106428,1.14684,-0.253561,-0.185027,0.44564,0.239092
2.38863,0.253111,1.03414,1.85472,1.16067,0.0127557,0.202537,1.68693,0.282854,1.00802,1.9421,2.08314,-1.96296,0.62313,1.71888,2.1338,-0.443874,-0.557621,-1.069,-0.061367