0.709997,-3.00412,0.49553,0.194796,-0.884146,-1.84088,-1.57461,0.245018,-0.626895,-0.177062,-0.0823793,-2.01121,-0.489864,-0.813478,0.0778299,0.227319,-0.115409,-1.07454,0.143554,-0.566748
0.16603,-0.244243,1.37898,0.508709,-0.821329,0.21134,0.104897,0.276767,-0.489384,1.95148,1.94824,-1.46258,-0.120037,-0.593847,0.172157,0.718774,-0.473519,-0.508331,1.04147,0.767383
-0.303354,-1.23897,-0.608828,0.687666,0.172045,-0.00113415,-2.26007,-0.420114,-1.29894,0.0430954,-0.278637,-1.92106,-1.52489,-1.01522,-0.00896668,0.118598,-0.933081,-0.147553,-0.308729,0.736697
1.00092,-0.171885,-0.467815,1.00625,1.92059,0.799523,-1.51622,1.85543,0.317362,0.532798,0.594252,0.840514,-2.44537,0.278002,1.6486,0.481724,-0.1456,0.748055,-2.46482,-0.326211
-2.13946,-0.123647,-1.93018,1.49847,2.19705,0.695516,-1.79791,-1.31996,-0.402507,-2.55286,-2.71645,0.617288,-0.510285,-0.712693,-0.971585,-2.25851,0.21069,0.921436,-1.02192,0.18691
-2.7255,-0.360942,-0.587924,0.207942,0.550301,0.367545,-2.19502,-2.02836,-0.630518,-1.61234,-1.91938,-0.739446,0.862362,-0.2898,-2.23651,-1.43766,0.118911,0.399258,-0.051262,0.508989
1.32569,-0.574551,1.95196,0.171547,1.31436,0.0543243,-2.60405,0.541031,0.0553369,2.27316,1.48946,0.0500845,-1.23496,0.298983,0.329749,0.216281,0.21092,0.156591,-2.34215,0.0981914
0.120856,2.29086,-0.667909,0.31903,2.05587,0.954161,0.91201,-1.44195,0.385006,-0.397097,-1.19923,2.61171,0.46185,-0.115736,-0.374864,-2.22581,0.717962,0.981272,-0.636858,0.421346
-2.50233,1.03288,-1.99173,0.102692,2.13857,2.62182,-1.89373,0.520526,0.69637,-0.798322,-1.19575,0.511044,-0.66784,0.279535,-0.299671,-1.73824,0.681137,2.49609,-2.51166,-0.186894
-1.24358,2.21859,-0.46316,0.0778074,1.15273,0.454508,1.37085,-2.67151,-0.0158029,-0.923346,-1.51762,2.17298,1.22319,0.693841,-1.14914,-1.25538,-0.0626883,0.441337,0.500339,1.39864
-0.112835,0.613095,0.564315,1.09677,2.23813,1.81745,-1.89602,2.44635,0.950416,1.18891,1.75983,1.46406,-1.77846,1.40497,0.951692,1.28472,0.0829756,0.995196,-2.5114,-0.219892
-1.82914,0.81368,-0.578424,0.884504,0.568384,1.79543,-0.547783,0.310714,-0.0170491,-0.0790658,0.179246,-0.327756,-0.232514,-0.349092,-0.357357,-0.392691,-0.0161076,0.948175,-0.198352,0.333958
-1.50397,-0.501241,0.235006,0.400739,-1.1395,0.67987,0.0419998,2.12128,0.377591,-0.0943558,1.35273,-1.05736,-0.278156,0.864049,0.405041,2.32867,-0.534152,-0.12091,0.426546,-0.392949
-1.77261,-0.463669,1.60845,1.64506,-0.373046,0.858558,-0.412877,1.23732,0.0823262,0.894207,1.89331,-1.12348,-0.0885006,0.0141271,-0.109896,1.14684,-0.255666,-0.185152,0.450219,0.242082
2.38863,0.256939,1.04172,1.85473,1.17249,0.0108801,0.198921,1.69787,0.285463,1.01713,1.9421,2.08312,-1.96295,0.630019,1.71893,2.13381,-0.446547,-0.561366,-1.06901,-0.0631746