0.708876,-3.0041,0.504732,0.185362,-0.886989,-1.84089,-1.57463,0.246203,-0.63258,-0.175749,-0.0823966,-2.01123,-0.494597,-0.813491,0.0766597,0.227348,-0.122722,-1.07457,0.142204,-0.56953
0.164982,-0.240245,1.39576,0.508738,-0.832406,0.206489,0.112062,0.280014,-0.495095,1.95149,1.94823,-1.46261,-0.122245,-0.5938,0.174817,0.73226,-0.48125,-0.520281,1.04148,0.767374
-0.308377,-1.2506,-0.608814,0.689323,0.168101,0.000386214,-2.26007,-0.420103,-1.29895,0.0420847,-0.277971,-1.92104,-1.5249,-1.01525,-0.0131078,0.118587,-0.93309,-0.143901,-0.305712,0.736693
1.00881,-0.172537,-0.465941,1.01371,1.9206,0.805695,-1.52232,1.85546,0.315928,0.539206,0.60083,0.846148,-2.44536,0.27665,1.64858,0.491186,-0.14333,0.750952,-2.46485,-0.327592
-2.13945,-0.118236,-1.9302,1.49847,2.19705,0.70957,-1.79791,-1.33298,-0.403138,-2.55285,-2.71643,0.623123,-0.509864,-0.712662,-0.981244,-2.25854,0.212389,0.932696,-1.02854,0.191136
-2.72551,-0.366886,-0.591753,0.207811,0.554179,0.367915,-2.19502,-2.02838,-0.630522,-1.61235,-1.91941,-0.748053,0.857257,-0.292084,-2.23648,-1.45609,0.118916,0.408007,-0.0595518,0.513027
1.3257,-0.580099,1.95196,0.185534,1.3144,0.0597103,-2.60406,0.5622,0.0582007,2.27316,1.502,0.0526269,-1.23852,0.303108,0.335795,0.220063,0.211989,0.155612,-2.34214,0.0954872
0.118536,2.29089,-0.674849,0.317904,2.05585,0.955552,0.911986,-1.45313,0.385218,-0.405053,-1.20995,2.61174,0.460774,-0.115754,-0.374889,-2.22583,0.720159,0.981255,-0.644812,0.427151
-2.50233,1.04959,-1.99173,0.0979889,2.13862,2.62183,-1.89374,0.523543,0.696363,-0.813398,-1.20699,0.516752,-0.666572,0.279552,-0.295995,-1.73822,0.681155,2.49608,-2.51168,-0.192422
-1.24359,2.2186,-0.470224,0.0780929,1.15276,0.454855,1.37086,-2.6715,-0.0141293,-0.931642,-1.51764,2.17296,1.22321,0.693818,-1.15669,-1.2618,-0.0626812,0.435988,0.507276,1.39865
-0.112762,0.616168,0.574281,1.11279,2.23808,1.81746,-1.89604,2.44634,0.950432,1.18892,1.75982,1.4641,-1.77851,1.40496,0.95881,1.28473,0.0867369,1.00486,-2.53864,-0.22352
-1.82914,0.818173,-0.576761,0.884508,0.576856,1.79543,-0.549855,0.312164,-0.0170414,-0.0768761,0.171776,-0.32854,-0.23633,-0.349109,-0.352014,-0.396982,-0.0170734,0.94992,-0.203933,0.337285
-1.50397,-0.504867,0.234069,0.408089,-1.13949,0.680741,0.0396898,2.12131,0.377582,-0.0821674,1.36186,-1.06389,-0.27459,0.864042,0.40468,2.32864,-0.534173,-0.113254,0.428701,-0.390592
-1.77262,-0.463182,1.60846,1.64505,-0.372017,0.861514,-0.41289,1.23733,0.0800113,0.900174,1.89333,-1.12347,-0.084068,0.018703,-0.115148,1.14686,-0.258802,-0.185364,0.456883,0.246602
2.38863,0.262762,1.05299,1.85473,1.19031,0.00812466,0.193501,1.71367,0.289264,1.03061,1.9421,2.08309,-1.96293,0.640366,1.71899,2.13383,-0.450194,-0.566926,-1.06903,-0.0658307