0.708113,-3.00408,0.510873,0.17913,-0.888798,-1.84089,-1.57464,0.246936,-0.636281,-0.17489,-0.0824094,-2.01124,-0.497626,-0.813497,0.0758941,0.227367,-0.127496,-1.0746,0.141303,-0.571364
0.164376,-0.237586,1.40674,0.508759,-0.839646,0.203206,0.11683,0.282139,-0.498805,1.9515,1.94823,-1.46263,-0.12367,-0.593767,0.176607,0.741176,-0.486335,-0.52824,1.04149,0.767368
-0.311786,-1.25814,-0.608804,0.690257,0.165365,0.00142137,-2.26008,-0.420096,-1.29895,0.0413607,-0.277489,-1.92103,-1.52491,-1.01528,-0.0159099,0.118579,-0.933097,-0.141572,-0.303633,0.73669
1.01403,-0.172944,-0.464584,1.01858,1.9206,0.809706,-1.52621,1.85547,0.314932,0.543395,0.605171,0.849838,-2.44535,0.275709,1.64856,0.497332,-0.141901,0.752843,-2.46486,-0.328473
-2.13944,-0.114717,-1.93021,1.49848,2.19706,0.71883,-1.79791,-1.34146,-0.403507,-2.55285,-2.71642,0.626959,-0.50961,-0.712641,-0.987744,-2.25857,0.213467,0.940214,-1.03276,0.193962
-2.72552,-0.370758,-0.594224,0.207797,0.556575,0.3682,-2.19502,-2.02839,-0.630525,-1.61236,-1.91942,-0.753664,0.853852,-0.293598,-2.23646,-1.46805,0.118918,0.413794,-0.0651016,0.515654
1.3257,-0.583825,1.95195,0.194731,1.31443,0.06325,-2.60406,0.576401,0.0600378,2.27316,1.51039,0.0542781,-1.24073,0.305804,0.339734,0.222558,0.212634,0.154943,-2.34212,0.0936477
0.116994,2.29091,-0.679301,0.317098,2.05584,0.956442,0.91197,-1.4602,0.385323,-0.410422,-1.21701,2.61176,0.459917,-0.115766,-0.374904,-2.22584,0.721433,0.981241,-0.649944,0.430815
-2.50233,1.06066,-1.99173,0.0948873,2.13865,2.62183,-1.89374,0.525357,0.696359,-0.823424,-1.21449,0.520193,-0.665418,0.279564,-0.293341,-1.7382,0.681168,2.49607,-2.51168,-0.196119
-1.24359,2.21861,-0.474847,0.078328,1.15279,0.455007,1.37086,-2.6715,-0.0130338,-0.937097,-1.51766,2.17295,1.22322,0.693803,-1.16156,-1.2659,-0.0626759,0.432334,0.511834,1.39865
-0.112651,0.618166,0.58087,1.12347,2.23805,1.81747,-1.89605,2.44634,0.950443,1.18893,1.75981,1.46413,-1.77854,1.40496,0.963256,1.28474,0.0891894,1.01121,-2.55644,-0.225947
-1.82915,0.821154,-0.575619,0.884511,0.582414,1.79543,-0.551222,0.313004,-0.0170363,-0.0755133,0.166823,-0.32909,-0.238825,-0.349121,-0.348379,-0.399741,-0.0176812,0.951096,-0.207732,0.339442
-1.50397,-0.50711,0.23357,0.412828,-1.13948,0.681222,0.0381314,2.12134,0.377575,-0.0740357,1.36783,-1.06818,-0.272227,0.864038,0.404369,2.32862,-0.534188,-0.108366,0.430168,-0.389005
-1.77262,-0.46284,1.60847,1.64504,-0.371275,0.863393,-0.412897,1.23733,0.0784402,0.904072,1.89334,-1.12346,-0.0810754,0.0215462,-0.118681,1.14686,-0.260877,-0.18552,0.461182,0.249634
2.38862,0.266689,1.06045,1.85474,1.20224,0.00632847,0.189902,1.72379,0.291721,1.03947,1.94209,2.08307,-1.96292,0.647274,1.71904,2.13385,-0.452377,-0.570586,-1.06904,-0.0675585