0.707731,-3.00407,0.513946,0.176034,-0.889675,-1.8409,-1.57465,0.247286,-0.638106,-0.174465,-0.0824163,-2.01124,-0.499102,-0.8135,0.0755163,0.227376,-0.129849,-1.07461,0.140853,-0.572275
0.164102,-0.236261,1.41216,0.508769,-0.843223,0.20155,0.11921,0.283191,-0.50063,1.9515,1.94822,-1.46264,-0.124368,-0.593749,0.177506,0.74561,-0.488853,-0.532216,1.0415,0.767365
-0.31351,-1.26184,-0.608799,0.690673,0.163966,0.00194469,-2.26008,-0.420093,-1.29895,0.040982,-0.277236,-1.92103,-1.52491,-1.01529,-0.0173203,0.118576,-0.933101,-0.140439,-0.302577,0.736689
1.01663,-0.173139,-0.463874,1.02098,1.9206,0.811681,-1.5281,1.85548,0.314422,0.545464,0.607329,0.851665,-2.44535,0.275228,1.64855,0.500356,-0.141212,0.753776,-2.46487,-0.328904
-2.13944,-0.112986,-1.93022,1.49848,2.19706,0.723427,-1.79791,-1.34564,-0.403677,-2.55285,-2.71642,0.628863,-0.509491,-0.712631,-0.991011,-2.25858,0.213989,0.943978,-1.03482,0.195378
-2.72552,-0.372666,-0.595436,0.207811,0.557719,0.368354,-2.19502,-2.0284,-0.630526,-1.61236,-1.91943,-0.756432,0.852151,-0.294352,-2.23645,-1.47394,0.11892,0.416673,-0.0678812,0.51695
1.3257,-0.585698,1.95195,0.19929,1.31445,0.0650045,-2.60406,0.583526,0.0609343,2.27316,1.5146,0.0550888,-1.24179,0.307134,0.341676,0.223798,0.212936,0.154603,-2.34212,0.0927166
0.116222,2.29092,-0.681474,0.316676,2.05583,0.956874,0.911961,-1.46362,0.385365,-0.413127,-1.22051,2.61177,0.45945,-0.115772,-0.374911,-2.22585,0.722012,0.981234,-0.652459,0.432583
-2.50233,1.06617,-1.99173,0.0933507,2.13866,2.62183,-1.89374,0.526203,0.696357,-0.828428,-1.21824,0.5218,-0.664749,0.27957,-0.291958,-1.7382,0.681176,2.49607,-2.51169,-0.197969
-1.24359,2.21861,-0.477133,0.0784601,1.1528,0.455061,1.37087,-2.6715,-0.0124926,-0.939804,-1.51766,2.17294,1.22323,0.693797,-1.16394,-1.26788,-0.0626732,0.430484,0.514094,1.39865
-0.112578,0.619152,0.584148,1.12882,2.23803,1.81748,-1.89605,2.44634,0.950449,1.18893,1.75981,1.46415,-1.77856,1.40496,0.965392,1.28475,0.0903976,1.01436,-2.56524,-0.227163
-1.82915,0.822641,-0.575037,0.884512,0.585166,1.79543,-0.551901,0.313386,-0.0170338,-0.0748619,0.164354,-0.329374,-0.240058,-0.349126,-0.346542,-0.40109,-0.0179752,0.951687,-0.209655,0.340503
-1.50396,-0.508177,0.233359,0.415147,-1.13948,0.681432,0.0373467,2.12135,0.377572,-0.0699696,1.37077,-1.07032,-0.271048,0.864035,0.404196,2.32862,-0.534196,-0.105991,0.430912,-0.388209
-1.77262,-0.462665,1.60847,1.64504,-0.370888,0.864306,-0.412901,1.23733,0.0776463,0.905995,1.89335,-1.12346,-0.0795693,0.0229045,-0.120457,1.14687,-0.261909,-0.185601,0.463286,0.251155
2.38862,0.268663,1.06416,1.85474,1.20823,0.00544321,0.188109,1.72873,0.292927,1.04386,1.94209,2.08306,-1.96291,0.650733,1.71906,2.13385,-0.453392,-0.572401,-1.06905,-0.0684078