0.707349,-3.00406,0.51702,0.172952,-0.890534,-1.8409,-1.57466,0.247624,-0.639912,-0.174042,-0.0824234,-2.01125,-0.500553,-0.813502,0.0751419,0.227385,-0.132177,-1.07462,0.140403,-0.573181
0.163849,-0.234939,1.41754,0.50878,-0.846773,0.199884,0.121586,0.284237,-0.502435,1.9515,1.94822,-1.46265,-0.125058,-0.593732,0.178406,0.750027,-0.491354,-0.53619,1.0415,0.767363
-0.315247,-1.2655,-0.608794,0.691054,0.162547,0.00247152,-2.26008,-0.420089,-1.29896,0.0405914,-0.276977,-1.92102,-1.52492,-1.0153,-0.0187356,0.118572,-0.933104,-0.139328,-0.30151,0.736687
1.01922,-0.173329,-0.463144,1.02336,1.92061,0.813637,-1.52997,1.85549,0.313905,0.547516,0.60948,0.853479,-2.44534,0.274738,1.64854,0.503346,-0.140541,0.754701,-2.46488,-0.329328
-2.13943,-0.111275,-1.93023,1.49848,2.19706,0.728,-1.79791,-1.34979,-0.403837,-2.55285,-2.71641,0.63076,-0.509376,-0.712621,-0.994289,-2.25859,0.214498,0.947744,-1.03683,0.196795
-2.72552,-0.374555,-0.596631,0.207841,0.558826,0.368515,-2.19502,-2.0284,-0.630528,-1.61236,-1.91944,-0.759174,0.850451,-0.295104,-2.23645,-1.47976,0.118921,0.419541,-0.0706626,0.518234
1.32571,-0.587577,1.95195,0.20382,1.31446,0.0667488,-2.60406,0.590666,0.0618157,2.27316,1.51881,0.0558886,-1.24282,0.308452,0.343601,0.225034,0.213223,0.154261,-2.34211,0.0917775
0.115447,2.29093,-0.683609,0.316242,2.05583,0.957298,0.911953,-1.46696,0.385399,-0.415846,-1.224,2.61178,0.458957,-0.115778,-0.374917,-2.22585,0.722552,0.981225,-0.654939,0.434309
-2.50233,1.07167,-1.99173,0.0918252,2.13868,2.62183,-1.89374,0.527007,0.696355,-0.833426,-1.222,0.523327,-0.664019,0.279577,-0.290538,-1.73819,0.681183,2.49607,-2.51169,-0.19982
-1.24359,2.21862,-0.479403,0.0786027,1.15281,0.4551,1.37087,-2.6715,-0.011956,-0.942496,-1.51767,2.17293,1.22323,0.69379,-1.16629,-1.26983,-0.0626703,0.42862,0.51634,1.39866
-0.112494,0.62013,0.587414,1.13417,2.23801,1.81748,-1.89606,2.44633,0.950454,1.18894,1.7598,1.46417,-1.77857,1.40496,0.967471,1.28475,0.0915931,1.01749,-2.57396,-0.228381
-1.82915,0.824126,-0.574447,0.884514,0.5879,1.79543,-0.552577,0.313743,-0.0170312,-0.074231,0.16189,-0.329663,-0.241282,-0.349132,-0.344692,-0.402417,-0.0182629,0.95228,-0.211595,0.341551
-1.50396,-0.509205,0.233174,0.417433,-1.13947,0.681622,0.0365582,2.12136,0.377568,-0.065904,1.37369,-1.07244,-0.26987,0.864033,0.404014,2.32861,-0.534204,-0.103664,0.431662,-0.387412
-1.77262,-0.462487,1.60847,1.64503,-0.37049,0.865202,-0.412905,1.23733,0.0768467,0.907899,1.89336,-1.12346,-0.0780572,0.0242202,-0.122238,1.14687,-0.262939,-0.185684,0.46536,0.252678
2.38862,0.270644,1.06787,1.85475,1.21423,0.00456683,0.186323,1.73359,0.294117,1.04822,1.94209,2.08305,-1.9629,0.654195,1.71908,2.13386,-0.454356,-0.574204,-1.06906,-0.0692467