0.70659,-3.00404,0.523172,0.16684,-0.892194,-1.84091,-1.57467,0.248266,-0.643471,-0.1732,-0.0824387,-2.01126,-0.503377,-0.813505,0.0744045,0.227404,-0.136754,-1.07464,0.139506,-0.574982
0.163406,-0.232309,1.42814,0.508802,-0.85379,0.196521,0.126322,0.286313,-0.505984,1.95151,1.94821,-1.46267,-0.12641,-0.593696,0.180213,0.758807,-0.496298,-0.544128,1.04152,0.767358
-0.318764,-1.27269,-0.608783,0.691714,0.159651,0.0035349,-2.26008,-0.420083,-1.29896,0.0397722,-0.276435,-1.92101,-1.52492,-1.01532,-0.0215766,0.118566,-0.933111,-0.137174,-0.299349,0.736684
1.02438,-0.17369,-0.461623,1.02806,1.92061,0.817488,-1.53359,1.85551,0.31285,0.551571,0.61376,0.85707,-2.44534,0.273737,1.64853,0.509226,-0.139253,0.756527,-2.46489,-0.33016
-2.13943,-0.107915,-1.93025,1.49848,2.19706,0.737077,-1.79792,-1.35795,-0.404126,-2.55285,-2.7164,0.634535,-0.509162,-0.712601,-1.00088,-2.25861,0.21548,0.955288,-1.04074,0.199635
-2.72553,-0.378275,-0.598971,0.207944,0.560936,0.368862,-2.19501,-2.02842,-0.63053,-1.61237,-1.91946,-0.764583,0.847058,-0.296604,-2.23643,-1.49121,0.118923,0.425246,-0.0762278,0.520766
1.32571,-0.591356,1.95195,0.212794,1.31449,0.0702069,-2.60407,0.604992,0.0635326,2.27316,1.52727,0.0574528,-1.24477,0.311045,0.347397,0.227494,0.213753,0.153568,-2.3421,0.0898749
0.11389,2.29095,-0.687767,0.315333,2.05582,0.958117,0.911935,-1.47341,0.385449,-0.421326,-1.23093,2.61179,0.457902,-0.11579,-0.374928,-2.22587,0.723515,0.981207,-0.659794,0.437632
-2.50233,1.08259,-1.99174,0.088814,2.13871,2.62183,-1.89374,0.528489,0.69635,-0.843402,-1.22952,0.526141,-0.662376,0.279591,-0.287597,-1.73817,0.6812,2.49606,-2.5117,-0.203522
-1.24359,2.21862,-0.483891,0.078921,1.15283,0.455142,1.37088,-2.6715,-0.0108974,-0.947837,-1.51768,2.17292,1.22324,0.693778,-1.17091,-1.27362,-0.0626642,0.424855,0.520795,1.39866
-0.112293,0.622069,0.593914,1.14488,2.23797,1.81749,-1.89607,2.44633,0.950466,1.18895,1.75979,1.4642,-1.77861,1.40496,0.971464,1.28476,0.0939439,1.02369,-2.59118,-0.23082
-1.82916,0.82709,-0.573242,0.884517,0.593313,1.79542,-0.553919,0.314383,-0.0170262,-0.0730318,0.156974,-0.33026,-0.2437,-0.349144,-0.340958,-0.405006,-0.018821,0.953469,-0.215526,0.343613
-1.50396,-0.511142,0.232886,0.421896,-1.13946,0.68194,0.0349707,2.12139,0.377561,-0.0577771,1.37944,-1.07669,-0.267516,0.864029,0.403626,2.32859,-0.534219,-0.0991613,0.433187,-0.385818
-1.77263,-0.462122,1.60848,1.64502,-0.369662,0.866942,-0.412912,1.23733,0.0752309,0.911649,1.89337,-1.12345,-0.0750177,0.0267224,-0.125817,1.14688,-0.264987,-0.185854,0.469414,0.25573
2.38862,0.274622,1.07524,1.85475,1.22629,0.00284176,0.182774,1.74305,0.296451,1.05687,1.94209,2.08303,-1.96289,0.66113,1.71912,2.13388,-0.456125,-0.577773,-1.06907,-0.0708909