0.705131,-3.00399,0.535489,0.154855,-0.895277,-1.84091,-1.57469,0.249415,-0.650376,-0.171517,-0.0824737,-2.01129,-0.508718,-0.813504,0.0729808,0.22744,-0.145549,-1.07469,0.137724,-0.578537
0.162786,-0.227128,1.44874,0.508847,-0.867507,0.189672,0.135714,0.290417,-0.512828,1.95153,1.94819,-1.4627,-0.129005,-0.593621,0.183835,0.776136,-0.505918,-0.559955,1.04154,0.76735
-0.325971,-1.28651,-0.60876,0.69262,0.153641,0.00569499,-2.26009,-0.420071,-1.29897,0.0379661,-0.27527,-1.92099,-1.52494,-1.01537,-0.0272726,0.118554,-0.933127,-0.133136,-0.294948,0.736676
1.0346,-0.174335,-0.458343,1.03715,1.92063,0.824955,-1.54046,1.85555,0.310658,0.559481,0.622237,0.864113,-2.44533,0.271645,1.6485,0.520576,-0.136903,0.760071,-2.46491,-0.331775
-2.13942,-0.101476,-1.93028,1.49848,2.19706,0.754944,-1.79792,-1.37379,-0.404589,-2.55284,-2.71637,0.642052,-0.508796,-0.712562,-1.01417,-2.25866,0.217286,0.970422,-1.04812,0.205335
-2.72555,-0.385474,-0.603447,0.208327,0.564758,0.369646,-2.19501,-2.02844,-0.630535,-1.61238,-1.91949,-0.775107,0.840311,-0.299583,-2.23639,-1.51332,0.118926,0.436512,-0.0873418,0.525696
1.32572,-0.599007,1.95195,0.230367,1.31455,0.0770014,-2.60407,0.633799,0.0667749,2.27315,1.54432,0.0604185,-1.2483,0.316048,0.354781,0.232378,0.214629,0.152158,-2.34209,0.0859653
0.11072,2.291,-0.695614,0.313341,2.0558,0.959633,0.911899,-1.48539,0.385471,-0.432464,-1.24466,2.61182,0.455539,-0.115812,-0.374945,-2.22589,0.724969,0.981162,-0.669084,0.443741
-2.50233,1.10418,-1.99175,0.0829964,2.13877,2.62184,-1.89374,0.530923,0.696341,-0.86326,-1.24462,0.530756,-0.658364,0.279622,-0.281352,-1.73814,0.681237,2.49606,-2.51172,-0.21091
-1.24359,2.21863,-0.492676,0.0797057,1.15287,0.455089,1.3709,-2.67149,-0.00884349,-0.958354,-1.51771,2.17288,1.22326,0.693758,-1.17979,-1.28072,-0.0626507,0.41721,0.529558,1.39867
-0.111776,0.625895,0.606769,1.16634,2.23789,1.81751,-1.89611,2.44632,0.95049,1.18897,1.75977,1.46427,-1.77867,1.40496,0.978817,1.28477,0.0984703,1.0358,-2.62477,-0.235708
-1.82917,0.833002,-0.570719,0.884523,0.603915,1.79542,-0.556563,0.315376,-0.0170162,-0.0708921,0.147184,-0.331533,-0.248418,-0.349168,-0.333369,-0.409922,-0.0198773,0.955854,-0.223601,0.347596
-1.50396,-0.514507,0.232646,0.430373,-1.13943,0.682319,0.0317594,2.12144,0.377545,-0.0415589,1.39063,-1.08516,-0.262799,0.86402,0.402795,2.32855,-0.534251,-0.0907999,0.436337,-0.382647
-1.77264,-0.461367,1.6085,1.645,-0.367885,0.870228,-0.412925,1.23734,0.0719326,0.918896,1.8934,-1.12344,-0.0688923,0.0311996,-0.133041,1.1469,-0.26904,-0.186205,0.477124,0.261847
2.38862,0.282616,1.08987,1.85477,1.25059,-0.000488873,0.175798,1.76098,0.300933,1.07385,1.94208,2.08298,-1.96286,0.675063,1.7192,2.13391,-0.459017,-0.584735,-1.0691,-0.0740273