0.704787,-3.00398,0.53857,0.151918,-0.895997,-1.84092,-1.5747,0.249673,-0.652057,-0.171092,-0.0824834,-2.0113,-0.509987,-0.813502,0.0726368,0.227449,-0.147664,-1.0747,0.137284,-0.579415
0.16269,-0.225855,1.45375,0.508859,-0.870872,0.187933,0.13804,0.291436,-0.514485,1.95154,1.94819,-1.46271,-0.129631,-0.593601,0.18474,0.780416,-0.508261,-0.563899,1.04155,0.767348
-0.327812,-1.28984,-0.608754,0.69276,0.152096,0.00624094,-2.26009,-0.420068,-1.29897,0.0374761,-0.274963,-1.92099,-1.52494,-1.01538,-0.0286937,0.118551,-0.93313,-0.132185,-0.293837,0.736674
1.03713,-0.174477,-0.457474,1.03935,1.92063,0.826773,-1.5421,1.85556,0.310093,0.561417,0.62434,0.865845,-2.44532,0.271103,1.64849,0.523328,-0.136365,0.760932,-2.46491,-0.332172
-2.13942,-0.0999293,-1.93029,1.49848,2.19706,0.759348,-1.79792,-1.37765,-0.404682,-2.55284,-2.71636,0.643933,-0.508717,-0.712553,-1.01752,-2.25867,0.217703,0.974216,-1.04986,0.206764
-2.72555,-0.387221,-0.604521,0.20846,0.565634,0.36986,-2.19502,-2.02844,-0.630536,-1.61239,-1.9195,-0.777678,0.838636,-0.300322,-2.23638,-1.51868,0.118926,0.439296,-0.0901113,0.526902
1.32572,-0.600941,1.95195,0.234677,1.31457,0.078675,-2.60407,0.641029,0.0675438,2.27315,1.54862,0.0611212,-1.24911,0.317255,0.356584,0.233594,0.214809,0.151801,-2.34208,0.0849646
0.109912,2.29102,-0.697473,0.312804,2.0558,0.959983,0.91189,-1.48819,0.38546,-0.435287,-1.24807,2.61183,0.454901,-0.115817,-0.374948,-2.2259,0.725235,0.981149,-0.671317,0.445154
-2.50232,1.10952,-1.99175,0.0815953,2.13879,2.62184,-1.89374,0.531417,0.696339,-0.868202,-1.24841,0.531689,-0.657211,0.279631,-0.279725,-1.73813,0.681247,2.49606,-2.51173,-0.21275
-1.24359,2.21864,-0.494833,0.0799363,1.15288,0.455052,1.3709,-2.67149,-0.00834429,-0.960949,-1.51772,2.17288,1.22326,0.693753,-1.18195,-1.28239,-0.0626471,0.415283,0.531719,1.39867
-0.111626,0.626846,0.609952,1.17171,2.23786,1.81751,-1.89611,2.44632,0.950496,1.18898,1.75977,1.46429,-1.77869,1.40496,0.98053,1.28477,0.0995624,1.03877,-2.63298,-0.236931
-1.82917,0.834478,-0.570062,0.884525,0.606518,1.79542,-0.557215,0.315565,-0.0170137,-0.0704127,0.144743,-0.33187,-0.249573,-0.349173,-0.331451,-0.411096,-0.020131,0.95645,-0.225666,0.348564
-1.50396,-0.515235,0.23266,0.432393,-1.13942,0.682359,0.0309508,2.12145,0.377541,-0.037516,1.39335,-1.08729,-0.261615,0.864018,0.402585,2.32854,-0.534259,-0.0888538,0.437147,-0.381863
-1.77264,-0.461174,1.60851,1.645,-0.367416,0.87101,-0.412928,1.23734,0.0710943,0.92065,1.89341,-1.12344,-0.0673548,0.0322068,-0.134859,1.1469,-0.270044,-0.186294,0.478965,0.263376
2.38862,0.284616,1.0935,1.85478,1.25671,-0.00129452,0.174085,1.76525,0.302014,1.07803,1.94208,2.08297,-1.96285,0.678563,1.71922,2.13392,-0.459602,-0.586433,-1.06911,-0.0747759