0.704453,-3.00397,0.541652,0.149009,-0.896695,-1.84092,-1.5747,0.249921,-0.65372,-0.170664,-0.0824936,-2.01131,-0.511231,-0.8135,0.0722981,0.227457,-0.149743,-1.07472,0.136846,-0.580288
0.162618,-0.224593,1.45871,0.508871,-0.874214,0.186183,0.140356,0.292455,-0.51612,1.95155,1.94818,-1.46272,-0.130247,-0.593581,0.185645,0.784674,-0.510577,-0.567837,1.04156,0.767347
-0.329668,-1.29313,-0.608748,0.692866,0.150535,0.00678895,-2.26009,-0.420066,-1.29897,0.0369696,-0.274649,-1.92099,-1.52495,-1.01539,-0.0301118,0.118549,-0.933134,-0.131258,-0.292725,0.736672
1.03966,-0.174611,-0.456584,1.04153,1.92064,0.828572,-1.54371,1.85557,0.309521,0.563336,0.626437,0.867565,-2.44532,0.270553,1.64848,0.526044,-0.135847,0.761782,-2.46492,-0.332567
-2.13941,-0.0984108,-1.9303,1.49848,2.19707,0.763728,-1.79792,-1.38147,-0.404764,-2.55283,-2.71635,0.645819,-0.508644,-0.712545,-1.02087,-2.25868,0.218105,0.978016,-1.05157,0.208195
-2.72555,-0.388946,-0.605578,0.208607,0.566482,0.370082,-2.19502,-2.02845,-0.630537,-1.61239,-1.91951,-0.780226,0.836966,-0.301059,-2.23637,-1.52398,0.118926,0.442066,-0.0928753,0.528098
1.32572,-0.602883,1.95195,0.23895,1.31458,0.0803387,-2.60407,0.648268,0.0682951,2.27315,1.55293,0.0618066,-1.24989,0.318443,0.358369,0.23481,0.214972,0.151443,-2.34208,0.0839538
0.109095,2.29103,-0.69929,0.312251,2.0558,0.960321,0.911881,-1.49092,0.385444,-0.438126,-1.25147,2.61183,0.454247,-0.115822,-0.37495,-2.22591,0.725462,0.981136,-0.673515,0.446519
-2.50232,1.11483,-1.99175,0.0802197,2.1388,2.62185,-1.89373,0.531863,0.696337,-0.873134,-1.25221,0.53253,-0.655998,0.279641,-0.278075,-1.73812,0.681257,2.49606,-2.51173,-0.214585
-1.24359,2.21864,-0.496975,0.0801823,1.15289,0.455007,1.37091,-2.67149,-0.00785117,-0.963531,-1.51773,2.17287,1.22326,0.693749,-1.18409,-1.28403,-0.0626433,0.413351,0.533868,1.39867
-0.11147,0.627796,0.613121,1.1771,2.23784,1.81751,-1.89612,2.44632,0.950502,1.18898,1.75976,1.46431,-1.7787,1.40496,0.982196,1.28477,0.100638,1.04171,-2.64112,-0.238154
-1.82917,0.835954,-0.569394,0.884527,0.609102,1.79542,-0.557863,0.315732,-0.0170113,-0.0699559,0.142302,-0.332214,-0.250718,-0.349179,-0.329524,-0.412248,-0.0203811,0.957046,-0.22775,0.34952
-1.50396,-0.515914,0.232704,0.434371,-1.13941,0.682376,0.0301408,2.12146,0.377537,-0.0334795,1.39606,-1.08942,-0.260428,0.864016,0.402376,2.32854,-0.534267,-0.0869689,0.437968,-0.381083
-1.77264,-0.460978,1.60851,1.64499,-0.366938,0.871777,-0.412931,1.23734,0.0702505,0.922379,1.89341,-1.12343,-0.065816,0.0331685,-0.136683,1.14691,-0.271044,-0.186383,0.48077,0.264903
2.38863,0.286616,1.09712,1.85479,1.26284,-0.00208851,0.172388,1.76944,0.303081,1.08218,1.94207,2.08296,-1.96284,0.682072,1.71924,2.13393,-0.46013,-0.588112,-1.06911,-0.075509