0.703271,-3.00393,0.55398,0.137698,-0.899273,-1.84093,-1.57473,0.250804,-0.660188,-0.1689,-0.0825392,-2.01135,-0.515933,-0.813481,0.0710019,0.22749,-0.157659,-1.07477,0.135128,-0.583736
0.162581,-0.219678,1.47792,0.508921,-0.887346,0.179072,0.149493,0.296532,-0.52243,1.95158,1.94816,-1.46275,-0.132613,-0.593498,0.189249,0.801462,-0.519542,-0.583513,1.0416,0.767343
-0.337254,-1.30577,-0.608722,0.692944,0.144144,0.00899876,-2.26009,-0.420057,-1.29898,0.0347662,-0.273338,-1.92097,-1.52496,-1.01544,-0.0357345,0.11854,-0.93315,-0.127794,-0.288279,0.736662
1.04966,-0.175051,-0.452822,1.04991,1.92066,0.835574,-1.54986,1.85561,0.307167,0.570844,0.634753,0.874332,-2.44532,0.268272,1.64845,0.536563,-0.133988,0.765059,-2.46493,-0.334144
-2.13941,-0.0926381,-1.93034,1.49848,2.19707,0.780984,-1.79793,-1.39635,-0.405005,-2.55283,-2.71631,0.653451,-0.508406,-0.712515,-1.03438,-2.25873,0.219561,0.993265,-1.05805,0.21394
-2.72556,-0.395613,-0.609616,0.20935,0.569595,0.37104,-2.19502,-2.02846,-0.63054,-1.6124,-1.91955,-0.790197,0.830363,-0.303976,-2.23633,-1.5445,0.118926,0.452992,-0.103853,0.532787
1.32573,-0.61075,1.95195,0.255664,1.31466,0.0868954,-2.60406,0.677305,0.071116,2.27314,1.57037,0.0643549,-1.25271,0.322984,0.365341,0.239679,0.215463,0.149994,-2.34207,0.0798038
0.10574,2.2911,-0.706112,0.309864,2.05581,0.961534,0.911843,-1.50104,0.385318,-0.44965,-1.26505,2.61184,0.451487,-0.115838,-0.374954,-2.22593,0.725987,0.981074,-0.681932,0.451491
-2.5023,1.13575,-1.99176,0.0750201,2.13886,2.62186,-1.89372,0.533154,0.696327,-0.892743,-1.26751,0.53495,-0.650546,0.279682,-0.271286,-1.73809,0.681302,2.49607,-2.51175,-0.221862
-1.24358,2.21864,-0.505399,0.0813355,1.15292,0.454759,1.37093,-2.67149,-0.00594313,-0.973725,-1.51776,2.17283,1.22328,0.693737,-1.19242,-1.29018,-0.0626272,0.405616,0.542352,1.39868
-0.110786,0.631605,0.625658,1.19867,2.23775,1.81753,-1.89617,2.44632,0.950528,1.18901,1.75974,1.46439,-1.77877,1.40495,0.988405,1.28478,0.104762,1.05317,-2.67292,-0.243041
-1.82917,0.841864,-0.566599,0.884537,0.619236,1.79543,-0.560417,0.316177,-0.0170016,-0.0683589,0.13254,-0.333684,-0.255193,-0.349199,-0.321756,-0.416635,-0.0213541,0.959416,-0.236284,0.353232
-1.50396,-0.518119,0.233199,0.441844,-1.13936,0.682209,0.0268984,2.12152,0.377518,-0.0174145,1.40658,-1.09812,-0.255636,0.86401,0.401592,2.3285,-0.534299,-0.0800813,0.441355,-0.378028
-1.77265,-0.460178,1.60853,1.64497,-0.364936,0.874705,-0.412941,1.23733,0.0668221,0.929034,1.89345,-1.12342,-0.0596625,0.0365509,-0.144027,1.14693,-0.275001,-0.186733,0.487609,0.270988
2.38864,0.29458,1.11149,1.85482,1.28756,-0.0051375,0.165769,1.78535,0.307193,1.09852,1.94206,2.0829,-1.9628,0.69622,1.71931,2.13397,-0.461673,-0.594607,-1.06915,-0.0782699