0.703023,-3.00392,0.55706,0.134965,-0.899863,-1.84093,-1.57473,0.250998,-0.661758,-0.168441,-0.0825519,-2.01137,-0.517038,-0.813474,0.070694,0.227497,-0.159531,-1.07478,0.13471,-0.584585
0.162638,-0.21849,1.48257,0.508934,-0.890574,0.177266,0.151741,0.297556,-0.523948,1.95158,1.94815,-1.46276,-0.133178,-0.593476,0.190145,0.805594,-0.521703,-0.587409,1.04161,0.767343
-0.339192,-1.3088,-0.608715,0.692877,0.142512,0.00955501,-2.26009,-0.420055,-1.29899,0.034168,-0.272998,-1.92097,-1.52496,-1.01545,-0.0371231,0.118539,-0.933154,-0.126991,-0.287175,0.736659
1.05213,-0.175133,-0.451828,1.05191,1.92067,0.837275,-1.55133,1.85562,0.306561,0.572679,0.636814,0.875995,-2.44531,0.26768,1.64845,0.539107,-0.133578,0.765843,-2.46493,-0.334541
-2.13941,-0.0912772,-1.93035,1.49847,2.19707,0.785232,-1.79793,-1.39997,-0.405044,-2.55283,-2.7163,0.655394,-0.508362,-0.712509,-1.03778,-2.25874,0.219885,0.997091,-1.05957,0.215382
-2.72557,-0.397218,-0.610576,0.209574,0.57031,0.371296,-2.19502,-2.02847,-0.630541,-1.61241,-1.91956,-0.792638,0.828735,-0.304694,-2.23632,-1.54947,0.118926,0.455682,-0.106572,0.533937
1.32573,-0.612742,1.95195,0.259742,1.31467,0.0885105,-2.60406,0.68458,0.0717723,2.27313,1.57479,0.0649383,-1.25334,0.32406,0.367042,0.240901,0.215544,0.149629,-2.34206,0.0787375
0.104876,2.29112,-0.707701,0.309222,2.05581,0.961799,0.911834,-1.50338,0.38527,-0.452574,-1.26844,2.61184,0.450767,-0.115841,-0.374954,-2.22594,0.726025,0.981057,-0.683941,0.452608
-2.5023,1.14089,-1.99177,0.0738097,2.13887,2.62186,-1.89372,0.533349,0.696325,-0.897613,-1.27136,0.53531,-0.649033,0.279694,-0.269551,-1.73808,0.681314,2.49608,-2.51176,-0.22366
-1.24358,2.21865,-0.50747,0.081671,1.15293,0.454684,1.37094,-2.67149,-0.00548316,-0.97624,-1.51776,2.17282,1.22328,0.693735,-1.19445,-1.29161,-0.0626228,0.403688,0.544447,1.39868
-0.110606,0.632562,0.628755,1.20408,2.23772,1.81753,-1.89618,2.44632,0.950535,1.18901,1.75974,1.46442,-1.77878,1.40495,0.98985,1.28478,0.105746,1.05596,-2.68068,-0.24426
-1.82917,0.843345,-0.565867,0.88454,0.621717,1.79543,-0.561046,0.316235,-0.0169993,-0.0680177,0.130095,-0.334078,-0.256285,-0.349203,-0.319801,-0.417679,-0.0215922,0.960005,-0.238469,0.354132
-1.50396,-0.518534,0.233407,0.443597,-1.13934,0.682106,0.0260909,2.12153,0.377513,-0.0134235,1.40914,-1.10035,-0.254424,0.864008,0.401417,2.32849,-0.534307,-0.078533,0.442231,-0.377284
-1.77265,-0.459973,1.60854,1.64496,-0.364414,0.875404,-0.412943,1.23733,0.065952,0.930627,1.89345,-1.12342,-0.0581281,0.0372784,-0.145874,1.14693,-0.275979,-0.186818,0.48922,0.2725
2.38864,0.296556,1.11506,1.85483,1.29378,-0.00586492,0.164163,1.78912,0.308183,1.10254,1.94206,2.08289,-1.96279,0.699792,1.71933,2.13398,-0.461915,-0.596168,-1.06916,-0.0789131