0.702799,-3.0039,0.560139,0.132275,-0.900431,-1.84093,-1.57474,0.251181,-0.663308,-0.167971,-0.0825652,-2.01138,-0.518115,-0.813465,0.0703934,0.227504,-0.161356,-1.07479,0.134298,-0.585428
0.162721,-0.217322,1.48714,0.508947,-0.893781,0.175448,0.153972,0.298584,-0.525443,1.95159,1.94815,-1.46277,-0.133732,-0.593455,0.191037,0.809699,-0.52383,-0.591295,1.04162,0.767343
-0.341147,-1.31177,-0.608708,0.692777,0.140869,0.0101125,-2.26009,-0.420054,-1.29899,0.0335497,-0.272654,-1.92097,-1.52497,-1.01546,-0.0385031,0.118537,-0.933158,-0.126214,-0.286076,0.736656
1.05459,-0.175201,-0.450812,1.05388,1.92068,0.838956,-1.55277,1.85563,0.305947,0.574497,0.638865,0.877645,-2.44531,0.267079,1.64844,0.541616,-0.133191,0.76661,-2.46493,-0.334941
-2.13941,-0.0899523,-1.93036,1.49847,2.19707,0.789451,-1.79793,-1.40356,-0.405073,-2.55282,-2.71629,0.657356,-0.508324,-0.712504,-1.04118,-2.25875,0.220193,1.00092,-1.06107,0.216826
-2.72557,-0.398797,-0.611515,0.209815,0.571002,0.37156,-2.19502,-2.02847,-0.630542,-1.61241,-1.91957,-0.79506,0.827117,-0.305408,-2.23631,-1.55437,0.118925,0.458354,-0.109279,0.535078
1.32573,-0.614745,1.95195,0.263775,1.31469,0.090116,-2.60406,0.691858,0.0724078,2.27313,1.57922,0.0654977,-1.25395,0.325111,0.368726,0.242127,0.215609,0.149262,-2.34206,0.0776587
0.104,2.29114,-0.709242,0.308561,2.05582,0.962047,0.911824,-1.50563,0.385217,-0.455516,-1.27184,2.61184,0.450037,-0.115844,-0.374953,-2.22594,0.726027,0.981038,-0.68591,0.453672
-2.50229,1.146,-1.99177,0.0726414,2.13888,2.62186,-1.89372,0.533491,0.696323,-0.902468,-1.27523,0.53557,-0.647458,0.279706,-0.267804,-1.73807,0.681326,2.49608,-2.51176,-0.225448
-1.24358,2.21865,-0.509528,0.0820278,1.15294,0.454606,1.37094,-2.67149,-0.00503039,-0.978742,-1.51777,2.17281,1.22329,0.693733,-1.19647,-1.29301,-0.0626184,0.401765,0.54653,1.39868
-0.110423,0.633524,0.631836,1.20949,2.2377,1.81753,-1.89619,2.44632,0.950543,1.18902,1.75973,1.46444,-1.7788,1.40495,0.991254,1.28478,0.106712,1.05871,-2.68837,-0.245478
-1.82917,0.844828,-0.565122,0.884543,0.624178,1.79543,-0.56167,0.316271,-0.0169969,-0.0676998,0.127646,-0.334484,-0.257366,-0.349208,-0.317842,-0.418701,-0.0218288,0.960592,-0.240674,0.355021
-1.50396,-0.51889,0.23365,0.4453,-1.13932,0.681978,0.0252863,2.12154,0.377507,-0.00944474,1.41166,-1.1026,-0.253205,0.864007,0.401254,2.32849,-0.534314,-0.0770589,0.443119,-0.376551
-1.77266,-0.459767,1.60854,1.64496,-0.363885,0.876089,-0.412945,1.23733,0.0650767,0.932191,1.89346,-1.12342,-0.0565968,0.0379578,-0.147726,1.14694,-0.276953,-0.186902,0.490789,0.274006
2.38865,0.298523,1.11861,1.85484,1.30001,-0.00657692,0.162579,1.7928,0.309159,1.10654,1.94205,2.08287,-1.96278,0.703381,1.71935,2.13399,-0.462097,-0.5977,-1.06917,-0.0795356