0.180066,-3.00512,0.054231,0.136969,-0.221978,-1.83906,-1.57408,0.0687355,-0.0465325,-0.0406552,-0.0826643,-2.01134,-0.132567,-0.811311,-0.0384934,0.225716,0.0913433,-1.07354,0.0412663,-0.126322
0.090335,-0.164885,0.28972,0.507445,-0.0408907,0.17339,-0.0948027,0.0472205,-0.132391,1.94969,1.94977,-1.46171,0.179186,-0.593607,0.161254,0.0596537,-0.256618,0.0141466,1.04223,0.768955
-0.0645794,-0.235001,-0.609561,0.197705,0.0136181,-0.0780863,-2.2589,-0.420435,-1.29876,0.114483,-0.0971481,-1.92138,-1.52573,-1.01474,-0.146663,0.119158,-0.932142,-0.104503,-0.087148,0.736166
0.198135,-0.0592865,-0.0762676,0.09658,1.9199,0.126964,-0.341275,1.85452,0.0494448,-0.0646427,0.179192,0.192379,-2.44428,0.0241138,1.65034,0.0120402,-0.145617,0.17018,-2.46304,-0.00978107
-2.14027,-0.101369,-1.92847,1.49796,2.19739,0.0965986,-1.79686,-0.221009,-0.0977118,-2.55252,-2.71657,0.0700431,-0.0881168,-0.713393,-0.162371,-2.25799,-0.0304873,0.155833,-0.174241,0.00655108
-2.72419,-0.0348684,-0.0800557,-0.000926251,0.123174,0.112752,-2.19717,-2.02767,-0.630196,-1.61381,-1.91703,-0.0994825,0.385711,-0.050776,-2.23585,-0.173333,0.117301,0.0203043,0.0486464,0.145632
1.32434,-0.118098,1.95283,-0.136065,1.31359,0.00339016,-2.60283,-0.0232229,-0.0407046,2.27252,0.269566,-0.0207912,-0.242257,0.0540705,0.0218613,0.0345958,0.020953,0.0527963,-2.34316,0.0698547
0.0882375,2.29111,-0.101319,0.0552374,2.05627,0.274035,0.912103,-0.210839,0.145792,-0.0580995,-0.211874,2.61019,0.0131067,-0.115202,-0.373525,-2.22598,0.21506,0.979296,-0.0817713,0.0225816
-2.50189,0.152712,-1.99191,0.0798634,2.13685,2.62145,-1.89247,0.100478,0.696797,-0.0301522,-0.244228,0.0654401,-0.161558,0.279129,-0.073058,-1.73804,0.681946,2.49634,-2.51153,-0.0169288
-1.2436,2.21649,-0.0256206,0.0457013,1.15137,0.0971956,1.37156,-2.67173,0.0198277,-0.067752,-1.5174,2.17346,1.22153,0.695576,-0.238381,-0.256505,-0.0628235,0.119403,0.0277001,1.39875
-0.03865,0.0945136,0.0108684,0.174143,2.2389,1.81626,-1.89644,2.44733,0.949857,1.18916,1.75982,1.46361,-1.77638,1.40534,0.0924572,1.28387,0.0125482,0.205,-0.358073,-0.033
-1.82724,0.247032,-0.17849,0.884128,0.11829,1.79532,-0.164762,0.0336691,-0.0175536,-0.1543,0.0999012,-0.188035,0.0587079,-0.347426,-0.106857,0.0176866,0.114838,0.279245,-0.0174939,0.0528413
-1.50467,-0.112931,0.18848,-0.00296959,-1.13858,0.236199,0.0560037,2.11953,0.377701,-0.193041,0.227339,-0.171007,-0.117919,0.864979,0.0322545,2.32808,-0.534253,-0.131282,0.0973236,-0.0881815
-1.77338,-0.142492,1.60815,1.64575,-0.149664,0.122517,-0.411066,1.23709,0.0536921,0.333073,1.89121,-1.12305,-0.157695,-0.0882094,-0.0514284,1.14593,0.0345567,-0.0881884,0.0559237,-0.0233609
2.38915,0.0876228,0.195002,1.85504,0.148373,0.0404112,0.0908206,0.23872,0.0112443,0.115051,1.94207,2.08335,-1.96225,0.139186,1.7167,2.13427,-0.0598506,-0.0982956,-1.06879,0.0217229