0.702603,-3.00389,0.563216,0.129633,-0.900977,-1.84093,-1.57474,0.251355,-0.66484,-0.16749,-0.0825791,-2.0114,-0.519162,-0.813455,0.0701003,0.22751,-0.163133,-1.0748,0.133893,-0.586264
0.162832,-0.216175,1.49165,0.50896,-0.896969,0.173618,0.156184,0.299616,-0.526913,1.9516,1.94814,-1.46278,-0.134275,-0.593433,0.191927,0.813775,-0.525923,-0.595169,1.04163,0.767343
-0.343119,-1.31469,-0.6087,0.692643,0.139214,0.0106712,-2.2601,-0.420052,-1.29899,0.0329108,-0.272306,-1.92096,-1.52497,-1.01547,-0.0398736,0.118536,-0.933162,-0.125464,-0.284983,0.736653
1.05704,-0.175256,-0.449772,1.0558,1.92069,0.840617,-1.55419,1.85564,0.305325,0.576297,0.640908,0.879282,-2.44531,0.266469,1.64843,0.544091,-0.132826,0.767359,-2.46493,-0.335344
-2.13942,-0.0886652,-1.93037,1.49847,2.19707,0.793643,-1.79793,-1.4071,-0.405094,-2.55282,-2.71627,0.659341,-0.508294,-0.7125,-1.0446,-2.25877,0.220484,1.00476,-1.06252,0.218273
-2.72557,-0.400349,-0.612433,0.210073,0.571672,0.371829,-2.19503,-2.02847,-0.630543,-1.61241,-1.91958,-0.797465,0.825511,-0.306114,-2.2363,-1.55921,0.118925,0.461008,-0.111971,0.536211
1.32573,-0.616758,1.95195,0.267765,1.31471,0.0917121,-2.60405,0.69914,0.0730217,2.27313,1.58368,0.066032,-1.25453,0.326136,0.370392,0.243358,0.215657,0.148894,-2.34206,0.076567
0.103113,2.29116,-0.710733,0.307881,2.05583,0.962277,0.911815,-1.50781,0.385157,-0.458477,-1.27525,2.61183,0.449298,-0.115845,-0.374951,-2.22595,0.725993,0.981019,-0.687839,0.454683
-2.50229,1.15106,-1.99177,0.0715189,2.13889,2.62187,-1.89371,0.533578,0.696321,-0.907307,-1.27911,0.535727,-0.645823,0.279719,-0.266048,-1.73806,0.681339,2.49609,-2.51177,-0.227224
-1.24357,2.21865,-0.511573,0.082407,1.15295,0.454525,1.37095,-2.67149,-0.00458499,-0.981231,-1.51778,2.1728,1.22329,0.693732,-1.19848,-1.29437,-0.0626138,0.39985,0.548604,1.39869
-0.11024,0.634489,0.6349,1.21491,2.23767,1.81754,-1.8962,2.44632,0.95055,1.18903,1.75972,1.46446,-1.77882,1.40495,0.992618,1.28478,0.107657,1.06143,-2.69597,-0.246695
-1.82917,0.846314,-0.564362,0.884547,0.626615,1.79543,-0.56229,0.316288,-0.0169946,-0.0674051,0.125192,-0.334903,-0.258435,-0.349211,-0.315879,-0.419703,-0.0220643,0.961177,-0.242901,0.355899
-1.50396,-0.519185,0.233929,0.446953,-1.13931,0.681824,0.0244856,2.12155,0.377502,-0.00547941,1.41416,-1.10489,-0.251979,0.864007,0.401104,2.32848,-0.534322,-0.0756615,0.444021,-0.375829
-1.77266,-0.459557,1.60855,1.64495,-0.363348,0.876763,-0.412947,1.23733,0.0641966,0.933724,1.89347,-1.12341,-0.0550696,0.0385887,-0.149583,1.14694,-0.277922,-0.186985,0.492316,0.275507
2.38865,0.30048,1.12215,1.85485,1.30626,-0.00727259,0.161018,1.7964,0.310119,1.11051,1.94205,2.08286,-1.96277,0.706991,1.71937,2.13399,-0.462222,-0.599201,-1.06917,-0.0801363