0.702437,-3.00388,0.56629,0.127042,-0.901501,-1.84093,-1.57475,0.251519,-0.666352,-0.166997,-0.0825936,-2.01141,-0.520179,-0.813444,0.0698153,0.227516,-0.164859,-1.07482,0.133495,-0.587095
0.162971,-0.215052,1.49609,0.508973,-0.900137,0.171777,0.158377,0.300653,-0.528358,1.95161,1.94814,-1.46278,-0.134806,-0.593411,0.192812,0.817822,-0.527978,-0.599029,1.04164,0.767344
-0.345108,-1.31755,-0.608693,0.692475,0.13755,0.0112308,-2.2601,-0.420051,-1.29899,0.0322506,-0.271955,-1.92096,-1.52497,-1.01549,-0.0412336,0.118535,-0.933166,-0.124741,-0.283899,0.736649
1.05947,-0.175294,-0.448709,1.05769,1.9207,0.842257,-1.55558,1.85566,0.304695,0.57808,0.64294,0.880906,-2.44531,0.265849,1.64843,0.546532,-0.132485,0.768089,-2.46493,-0.335751
-2.13942,-0.0874176,-1.93038,1.49846,2.19707,0.797806,-1.79793,-1.4106,-0.405107,-2.55282,-2.71626,0.661353,-0.508272,-0.712497,-1.04802,-2.25878,0.220757,1.0086,-1.06394,0.219722
-2.72557,-0.401873,-0.613329,0.210348,0.572321,0.372105,-2.19503,-2.02848,-0.630544,-1.61241,-1.9196,-0.799852,0.823919,-0.306814,-2.23629,-1.56399,0.118924,0.463642,-0.114648,0.537337
1.32573,-0.618782,1.95195,0.271708,1.31473,0.0932987,-2.60405,0.706423,0.0736131,2.27312,1.58817,0.0665397,-1.25509,0.327132,0.372042,0.244595,0.215688,0.148524,-2.34206,0.0754618
0.102214,2.29118,-0.712172,0.307182,2.05583,0.962489,0.911805,-1.50991,0.38509,-0.461455,-1.27868,2.61183,0.448553,-0.115846,-0.374948,-2.22596,0.725924,0.980998,-0.689727,0.455639
-2.50228,1.15608,-1.99178,0.0704463,2.1389,2.62187,-1.89371,0.53361,0.696318,-0.91213,-1.283,0.535781,-0.644125,0.279733,-0.264286,-1.73805,0.681352,2.49609,-2.51178,-0.228987
-1.24357,2.21865,-0.513607,0.0828102,1.15296,0.454443,1.37096,-2.67149,-0.00414716,-0.983706,-1.51779,2.17279,1.22329,0.693732,-1.20047,-1.29569,-0.062609,0.397944,0.550668,1.39869
-0.110058,0.635459,0.637946,1.22033,2.23764,1.81754,-1.89622,2.44632,0.950558,1.18904,1.75972,1.46449,-1.77883,1.40495,0.993944,1.28478,0.108582,1.06411,-2.7035,-0.247909
-1.82917,0.847803,-0.563587,0.884551,0.629031,1.79543,-0.562905,0.316284,-0.0169923,-0.0671335,0.122733,-0.335337,-0.259492,-0.349214,-0.313913,-0.420685,-0.0222989,0.96176,-0.245149,0.356766
-1.50396,-0.519417,0.234246,0.448555,-1.13929,0.681644,0.0236901,2.12157,0.377496,-0.00152877,1.41663,-1.10721,-0.250744,0.864006,0.40097,2.32847,-0.53433,-0.0743436,0.444936,-0.375119
-1.77266,-0.459346,1.60855,1.64494,-0.362804,0.877424,-0.412949,1.23733,0.0633116,0.935226,1.89348,-1.12341,-0.0535472,0.0391705,-0.151444,1.14695,-0.278886,-0.187067,0.493799,0.277
2.38866,0.302424,1.12568,1.85486,1.31252,-0.00795092,0.159481,1.79991,0.311066,1.11445,1.94205,2.08284,-1.96276,0.710622,1.71938,2.134,-0.462287,-0.600669,-1.06918,-0.0807143