0.702304,-3.00387,0.569361,0.124506,-0.902003,-1.84093,-1.57475,0.251673,-0.667843,-0.166489,-0.0826089,-2.01143,-0.521164,-0.813431,0.0695388,0.227522,-0.166535,-1.07483,0.133106,-0.587917
0.163138,-0.213954,1.50045,0.508986,-0.903288,0.169923,0.16055,0.301697,-0.529777,1.95162,1.94813,-1.46279,-0.135325,-0.593389,0.193693,0.821837,-0.529997,-0.602876,1.04165,0.767345
-0.347114,-1.32036,-0.608685,0.692274,0.135876,0.0117913,-2.2601,-0.42005,-1.299,0.0315686,-0.271601,-1.92096,-1.52498,-1.0155,-0.0425823,0.118534,-0.93317,-0.124045,-0.282824,0.736646
1.06188,-0.175316,-0.447621,1.05952,1.92071,0.843876,-1.55695,1.85567,0.304055,0.579846,0.644961,0.882516,-2.44531,0.265219,1.64842,0.548941,-0.132167,0.768799,-2.46493,-0.336163
-2.13942,-0.0862116,-1.9304,1.49846,2.19707,0.801939,-1.79793,-1.41407,-0.405112,-2.55282,-2.71625,0.663396,-0.508259,-0.712495,-1.05145,-2.25879,0.221012,1.01245,-1.06533,0.221174
-2.72557,-0.403367,-0.614202,0.21064,0.572952,0.372386,-2.19503,-2.02848,-0.630544,-1.61242,-1.91961,-0.802225,0.82234,-0.307504,-2.23628,-1.5687,0.118923,0.466255,-0.117309,0.538454
1.32573,-0.620817,1.95195,0.275603,1.31475,0.094876,-2.60404,0.713708,0.0741812,2.27312,1.59268,0.0670196,-1.25561,0.328098,0.373675,0.245838,0.215702,0.148153,-2.34206,0.0743425
0.101303,2.2912,-0.713558,0.306463,2.05584,0.96268,0.911796,-1.51194,0.385016,-0.464453,-1.28211,2.61182,0.447801,-0.115846,-0.374944,-2.22596,0.725821,0.980976,-0.691571,0.456539
-2.50227,1.16106,-1.99178,0.069428,2.13891,2.62187,-1.89371,0.533585,0.696316,-0.916935,-1.28691,0.535729,-0.642365,0.279748,-0.262518,-1.73805,0.681365,2.4961,-2.51178,-0.230735
-1.24357,2.21865,-0.515628,0.083239,1.15297,0.45436,1.37096,-2.67149,-0.00371709,-0.986169,-1.5178,2.17278,1.2233,0.693732,-1.20244,-1.29697,-0.0626042,0.39605,0.552722,1.39869
-0.109877,0.636435,0.640975,1.22575,2.23762,1.81754,-1.89623,2.44632,0.950565,1.18904,1.75971,1.46451,-1.77885,1.40495,0.995231,1.28478,0.109487,1.06676,-2.71095,-0.249122
-1.82917,0.849294,-0.562797,0.884556,0.631422,1.79543,-0.563516,0.316261,-0.01699,-0.0668848,0.120265,-0.335786,-0.260536,-0.349217,-0.311944,-0.421649,-0.0225329,0.96234,-0.247419,0.357622
-1.50396,-0.519583,0.234601,0.450103,-1.13926,0.681435,0.0229007,2.12158,0.37749,0.00240585,1.41906,-1.10958,-0.2495,0.864007,0.400853,2.32846,-0.534338,-0.0731084,0.445867,-0.374422
-1.77267,-0.459131,1.60856,1.64494,-0.362253,0.878073,-0.41295,1.23732,0.0624218,0.936695,1.89349,-1.12341,-0.0520307,0.0397028,-0.153309,1.14695,-0.279845,-0.187147,0.495238,0.278487
2.38867,0.304355,1.12919,1.85487,1.3188,-0.00861069,0.157969,1.80334,0.311998,1.11837,1.94204,2.08283,-1.96275,0.714279,1.7194,2.13401,-0.462293,-0.602102,-1.06919,-0.0812682