0.70221,-3.00386,0.572428,0.122032,-0.902483,-1.84093,-1.57476,0.251818,-0.669315,-0.165966,-0.0826249,-2.01145,-0.522117,-0.813416,0.0692713,0.227527,-0.168156,-1.07484,0.132727,-0.588733
0.163334,-0.212884,1.50474,0.508999,-0.906421,0.168058,0.1627,0.302747,-0.531171,1.95163,1.94813,-1.46279,-0.13583,-0.593367,0.194569,0.825821,-0.531977,-0.606707,1.04166,0.767347
-0.349138,-1.3231,-0.608678,0.692039,0.134193,0.0123524,-2.2601,-0.420049,-1.299,0.0308642,-0.271245,-1.92096,-1.52498,-1.01551,-0.0439186,0.118533,-0.933174,-0.123378,-0.281759,0.736642
1.06428,-0.175318,-0.446506,1.06131,1.92072,0.845473,-1.55829,1.85568,0.303407,0.581594,0.646969,0.884111,-2.44531,0.264577,1.64841,0.551316,-0.131873,0.769485,-2.46493,-0.33658
-2.13942,-0.0850494,-1.93041,1.49845,2.19707,0.806043,-1.79793,-1.4175,-0.405109,-2.55282,-2.71623,0.665475,-0.508255,-0.712495,-1.05489,-2.2588,0.22125,1.01631,-1.06668,0.222629
-2.72558,-0.40483,-0.615052,0.210952,0.573565,0.372674,-2.19503,-2.02848,-0.630545,-1.61242,-1.91962,-0.804584,0.820777,-0.308184,-2.23627,-1.57334,0.118922,0.468847,-0.119951,0.539564
1.32573,-0.622863,1.95195,0.279448,1.31477,0.0964438,-2.60404,0.720993,0.074725,2.27311,1.59723,0.0674702,-1.25612,0.329033,0.375292,0.247089,0.2157,0.147779,-2.34206,0.0732086
0.10038,2.29123,-0.714889,0.305725,2.05586,0.96285,0.911787,-1.51388,0.384934,-0.46747,-1.28556,2.61181,0.447045,-0.115844,-0.37494,-2.22597,0.725685,0.980953,-0.693372,0.457381
-2.50226,1.16599,-1.99179,0.0684691,2.13892,2.62188,-1.8937,0.533502,0.696314,-0.921722,-1.29083,0.535571,-0.640541,0.279764,-0.260749,-1.73804,0.681378,2.49611,-2.51179,-0.232466
-1.24356,2.21865,-0.517639,0.0836952,1.15297,0.454278,1.37097,-2.67149,-0.00329494,-0.988618,-1.5178,2.17277,1.2233,0.693733,-1.20441,-1.29821,-0.0625992,0.394169,0.554767,1.39869
-0.109701,0.637416,0.643986,1.23118,2.23759,1.81754,-1.89624,2.44632,0.950573,1.18905,1.75971,1.46454,-1.77887,1.40495,0.996482,1.28478,0.110371,1.06937,-2.71832,-0.250333
-1.82917,0.85079,-0.561992,0.884561,0.63379,1.79543,-0.564123,0.316218,-0.0169877,-0.0666587,0.117789,-0.336253,-0.261568,-0.349218,-0.309973,-0.422594,-0.0227665,0.962919,-0.249711,0.358468
-1.50396,-0.519681,0.234995,0.451596,-1.13924,0.681199,0.0221189,2.1216,0.377483,0.00632302,1.42146,-1.112,-0.248245,0.864007,0.400757,2.32845,-0.534345,-0.0719591,0.446814,-0.37374
-1.77267,-0.458914,1.60856,1.64493,-0.361696,0.878712,-0.412952,1.23732,0.0615275,0.938132,1.8935,-1.1234,-0.050521,0.0401849,-0.155178,1.14696,-0.2808,-0.187225,0.496631,0.279964
2.38867,0.30627,1.13269,1.85489,1.32508,-0.00925052,0.156484,1.80668,0.312916,1.12227,1.94204,2.08281,-1.96273,0.717963,1.71941,2.13402,-0.46224,-0.603495,-1.0692,-0.0817967