0.702153,-3.00383,0.578545,0.117287,-0.90338,-1.84093,-1.57477,0.25208,-0.672196,-0.164864,-0.0826597,-2.01149,-0.523919,-0.813378,0.0687659,0.227533,-0.171231,-1.07486,0.132002,-0.590338
0.163814,-0.210838,1.51309,0.509025,-0.912641,0.164291,0.166928,0.30487,-0.533878,1.95165,1.94812,-1.4628,-0.136799,-0.593323,0.196304,0.83369,-0.535819,-0.614317,1.04169,0.767351
-0.353237,-1.32841,-0.608661,0.691473,0.130809,0.0134756,-2.2601,-0.420048,-1.299,0.0293858,-0.270531,-1.92096,-1.52499,-1.01553,-0.0465504,0.118531,-0.933181,-0.122135,-0.279666,0.736633
1.06902,-0.175259,-0.444191,1.06473,1.92075,0.848598,-1.56091,1.85571,0.302079,0.585038,0.65094,0.887255,-2.44531,0.26326,1.6484,0.555972,-0.131359,0.770782,-2.46493,-0.337438
-2.13944,-0.082867,-1.93043,1.49844,2.19707,0.814156,-1.79793,-1.42425,-0.40508,-2.55282,-2.71619,0.669763,-0.50828,-0.7125,-1.06181,-2.25882,0.221668,1.02405,-1.06929,0.225549
-2.72558,-0.40766,-0.616678,0.211635,0.574748,0.373266,-2.19504,-2.02848,-0.630546,-1.61242,-1.91965,-0.80927,0.817705,-0.309506,-2.23625,-1.58245,0.11892,0.473963,-0.125172,0.541764
1.32573,-0.62699,1.95196,0.286982,1.31482,0.0995511,-2.60403,0.73556,0.0757352,2.2731,1.60641,0.0682773,-1.25705,0.330803,0.378474,0.249618,0.215644,0.147026,-2.34205,0.0708942
0.0984982,2.29128,-0.717379,0.304189,2.05589,0.96312,0.911769,-1.51752,0.384747,-0.473564,-1.29254,2.61179,0.445524,-0.115836,-0.374927,-2.22598,0.725317,0.9809,-0.696833,0.458887
-2.50223,1.17569,-1.9918,0.0667538,2.13894,2.62189,-1.89369,0.533155,0.69631,-0.931234,-1.29873,0.534929,-0.636697,0.2798,-0.257214,-1.73802,0.681406,2.49613,-2.51181,-0.235871
-1.24355,2.21865,-0.52163,0.0846987,1.15299,0.454121,1.37098,-2.67149,-0.00247514,-0.993475,-1.51782,2.17275,1.2233,0.693737,-1.20831,-1.30059,-0.0625886,0.390457,0.55883,1.3987
-0.109366,0.6394,0.649949,1.24204,2.23753,1.81755,-1.89627,2.44632,0.950591,1.18907,1.7597,1.46459,-1.7789,1.40494,0.998876,1.28477,0.112075,1.07448,-2.7328,-0.252746
-1.82917,0.853792,-0.560334,0.884574,0.638448,1.79544,-0.565321,0.316076,-0.0169831,-0.0662722,0.112802,-0.337244,-0.26359,-0.349219,-0.306025,-0.424433,-0.0232331,0.96407,-0.254361,0.360127
-1.50397,-0.519657,0.23591,0.454412,-1.13919,0.680638,0.0205835,2.12162,0.377468,0.0140986,1.42616,-1.117,-0.245702,0.864012,0.400634,2.32844,-0.53436,-0.0699343,0.44876,-0.372424
-1.77268,-0.458467,1.60858,1.64492,-0.360566,0.879956,-0.412955,1.23731,0.0597258,0.940902,1.89351,-1.1234,-0.0475266,0.0409965,-0.158929,1.14697,-0.282694,-0.187377,0.499276,0.282891
2.38869,0.310043,1.13964,1.85492,1.33765,-0.0104633,0.153598,1.8131,0.314711,1.12999,1.94203,2.08278,-1.96271,0.725434,1.71944,2.13404,-0.461957,-0.606154,-1.06923,-0.0827716