0.702498,-3.00379,0.587659,0.1108,-0.904572,-1.84093,-1.57479,0.252407,-0.676356,-0.163047,-0.0827223,-2.01157,-0.526331,-0.81329,0.0680945,0.227534,-0.175383,-1.0749,0.131021,-0.592673
0.16476,-0.208055,1.52497,0.509066,-0.921879,0.158553,0.173069,0.30812,-0.537732,1.95169,1.94812,-1.46281,-0.138133,-0.593259,0.198849,0.845232,-0.541268,-0.625568,1.04173,0.767363
-0.359518,-1.33587,-0.608633,0.690382,0.125708,0.0151564,-2.2601,-0.420047,-1.29901,0.0269846,-0.269476,-1.92097,-1.525,-1.01556,-0.0503775,0.118529,-0.933193,-0.120517,-0.276638,0.736617
1.07596,-0.174965,-0.440468,1.06941,1.9208,0.853097,-1.56468,1.85576,0.299997,0.590071,0.656745,0.891837,-2.44532,0.261184,1.6484,0.562729,-0.13078,0.772491,-2.46491,-0.338794
-2.13947,-0.0799986,-1.93047,1.49839,2.19707,0.826069,-1.79793,-1.43412,-0.404983,-2.55282,-2.71612,0.676637,-0.508427,-0.712535,-1.07228,-2.25885,0.222142,1.03571,-1.07299,0.229958
-2.72557,-0.41163,-0.618921,0.212838,0.576441,0.374195,-2.19505,-2.02848,-0.630548,-1.61242,-1.91971,-0.816263,0.813261,-0.311349,-2.23622,-1.59565,0.118916,0.481449,-0.132816,0.54502
1.32572,-0.633263,1.95197,0.297858,1.31489,0.104138,-2.60401,0.757387,0.0770366,2.27308,1.62044,0.0692301,-1.25828,0.33318,0.383123,0.253501,0.215433,0.145871,-2.34206,0.0672942
0.0955915,2.29138,-0.720637,0.301738,2.05597,0.96332,0.911742,-1.52235,0.384391,-0.482866,-1.30327,2.61171,0.443248,-0.115802,-0.374895,-2.22601,0.724543,0.980801,-0.701636,0.460659
-2.50218,1.18979,-1.99183,0.064809,2.13894,2.62192,-1.89367,0.532147,0.696307,-0.945327,-1.3107,0.533122,-0.630407,0.279871,-0.251966,-1.738,0.681453,2.49618,-2.51183,-0.240798
-1.24353,2.21864,-0.527557,0.0864757,1.153,0.453929,1.371,-2.6715,-0.00130855,-1.00066,-1.51785,2.17272,1.22331,0.693753,-1.21412,-1.30387,-0.0625701,0.385057,0.56486,1.39871
-0.108954,0.642434,0.658739,1.2583,2.23744,1.81755,-1.89632,2.44632,0.950619,1.1891,1.75969,1.46469,-1.77896,1.40492,1.00221,1.28477,0.114467,1.08181,-2.7539,-0.256351
-1.82915,0.858326,-0.55773,0.884602,0.645224,1.79545,-0.567081,0.315724,-0.0169761,-0.0658461,0.1052,-0.338913,-0.266503,-0.349208,-0.300095,-0.427085,-0.0239306,0.965787,-0.261501,0.362534
-1.50397,-0.518997,0.237626,0.458181,-1.13908,0.679552,0.0183748,2.12167,0.377441,0.0255856,1.43291,-1.12508,-0.241785,0.864029,0.400675,2.32841,-0.534382,-0.0676596,0.451837,-0.370602
-1.77269,-0.457758,1.6086,1.64489,-0.35884,0.881742,-0.412958,1.23731,0.0569933,0.944792,1.89354,-1.12339,-0.0431177,0.0418179,-0.16458,1.14699,-0.2855,-0.187592,0.502874,0.287192
2.38874,0.315509,1.14991,1.85499,1.35646,-0.0120769,0.149501,1.82205,0.317312,1.14141,1.94201,2.08272,-1.96265,0.736978,1.71948,2.13406,-0.461078,-0.609756,-1.06927,-0.0839986