0.0169131,-3.28974,0.0212525,0.0158021,-0.0269462,-2.01335,-1.72193,0.00961495,0.00636242,-0.0029731,-0.0922663,-2.20721,-0.0229016,-0.888207,0.00995719,0.244661,-0.00599469,-1.17891,0.0224202,-0.0150123
-0.020245,-0.0177492,0.0104622,0.556437,-0.00866819,0.0288512,-0.0220577,-0.00936245,-0.0159101,2.13482,2.13223,-1.59882,0.0305716,-0.650409,0.0292735,0.0114664,-0.0342311,0.0056032,1.14375,0.842168
-0.00315007,-0.0464625,-0.668786,0.0186878,-0.00858553,-0.0179739,-2.47478,-0.456548,-1.42208,0.0059833,0.000591759,-2.10473,-1.67131,-1.1101,-0.0541867,0.129483,-1.01929,-0.00847456,-0.0017,0.805889
0.0390717,-0.0116707,-0.0119472,-0.0185673,2.10382,-0.0110287,-0.035035,2.03175,0.0114989,-0.0377976,0.0189413,0.0248651,-2.6767,0.00469236,1.80579,-0.00151974,-0.0147102,0.0167346,-2.69737,0.0136167
-2.34631,-0.0155879,-2.1115,1.63951,2.40284,0.0126592,-1.96853,-0.0371814,-0.00515076,-2.79635,-2.97406,0.0081034,0.0103562,-0.783238,-0.0159893,-2.47392,-0.0287319,0.021041,-0.0221374,-0.0100208
-2.98192,0.00195284,-0.00310954,0.0136925,0.0143192,-0.00246099,-2.40526,-2.21756,-0.690026,-1.76796,-2.09852,-0.00766507,0.0347819,-0.0115305,-2.44958,-0.0224541,0.126817,-0.017101,0.0106546,0.0247135
1.45064,-0.0226127,2.13813,-0.0397593,1.439,-0.00183277,-2.85142,-0.00624568,-0.0432319,2.48553,0.0322546,0.00194855,-0.0155964,0.0094525,0.00120212,0.00949255,-0.00241896,0.00973458,-2.56715,0.0297554
0.00517898,2.51104,-0.0164296,-0.011972,2.25049,0.0161055,0.999378,-0.0221832,0.0194378,0.00381116,-0.0237415,2.85803,-0.0291019,-0.125739,-0.408905,-2.43778,0.0535267,1.07005,-0.0133976,-0.017178
-2.74079,0.0406906,-2.18477,-0.00299143,2.34121,2.86946,-2.07356,0.00344696,0.763751,-0.0175527,-0.0324103,0.00746943,-0.011204,0.30647,-0.0116276,-1.90256,0.745482,2.7308,-2.75077,0.00132994
-1.3629,2.42799,0.00576438,-0.00113436,1.26034,0.0239086,1.50188,-2.92499,0.0359332,0.0175908,-1.66274,2.38172,1.3382,0.75926,-0.0151101,-0.0319142,-0.069751,0.00670332,-0.00156797,1.52838
-0.00873346,0.0133089,-0.00971233,0.0118144,2.45185,1.9891,-2.0742,2.67991,1.0397,1.30346,1.93019,1.60554,-1.94463,1.53727,-0.0154395,1.40619,-0.00223817,0.0266788,-0.023291,0.0157054
-1.99798,0.0326716,-0.0177081,0.968652,0.0176467,1.96739,-0.0189985,0.0226337,-0.0206702,-0.00633914,0.00395982,-0.0148653,0.035964,-0.376243,-0.0198075,0.00313313,0.0231673,0.0279191,0.000612343,0.00696102
-1.64673,-0.0104875,0.00967843,0.00207146,-1.24309,0.0228791,0.00846746,2.32092,0.414242,-0.0211476,0.00495272,0.00798345,0.000504126,0.94406,-0.000699091,2.54987,-0.584935,0.000571931,0.00734451,-0.0182771
-1.9422,-0.0210534,1.75864,1.80195,-0.0230995,0.00876301,-0.45146,1.35526,0.00609298,0.0383494,2.07117,-1.22606,-0.00429117,0.00366774,0.0088019,1.25447,0.0153914,-0.00793189,0.0407507,-0.0215868
2.61756,0.0422702,0.0274335,2.02906,0.0248642,-0.0231338,0.0106624,0.0234653,-0.00203081,0.0135986,2.12404,2.28118,-2.14999,0.0332752,1.88145,2.33836,-0.00518594,-0.00839408,-1.17073,0.00878465