0.704959,-3.00502,0.594276,0.104944,-0.91158,-1.84068,-1.57471,0.248628,-0.680969,-0.159521,-0.0813467,-2.01029,-0.528297,-0.813929,0.0635668,0.227701,-0.178813,-1.07386,0.127895,-0.593754
0.166457,-0.207236,1.53761,0.509062,-0.935823,0.150857,0.181039,0.311407,-0.542227,1.95167,1.94865,-1.46239,-0.139427,-0.593514,0.200941,0.860493,-0.547403,-0.63858,1.04162,0.767454
-0.367974,-1.34368,-0.608505,0.688676,0.119535,0.017128,-2.26004,-0.419917,-1.29902,0.0234388,-0.269475,-1.92122,-1.52502,-1.01534,-0.0549177,0.118481,-0.93322,-0.119367,-0.272618,0.736608
1.08414,-0.170937,-0.432966,1.07373,1.92135,0.857904,-1.57009,1.85582,0.296758,0.596017,0.661984,0.895087,-2.4453,0.258985,1.64877,0.57091,-0.130748,0.771623,-2.46462,-0.341779
-2.13955,-0.0718458,-1.92978,1.4982,2.19778,0.840341,-1.79797,-1.44395,-0.405398,-2.55276,-2.71717,0.682657,-0.509375,-0.712243,-1.08374,-2.25888,0.221488,1.04763,-1.07597,0.234618
-2.72565,-0.418372,-0.623717,0.215381,0.577071,0.37557,-2.1951,-2.02874,-0.630492,-1.6125,-1.91901,-0.823848,0.807979,-0.314075,-2.2363,-1.61231,0.118979,0.492294,-0.143325,0.549812
1.32568,-0.640348,1.95229,0.310721,1.31523,0.110117,-2.60399,0.787252,0.0780497,2.27304,1.63807,0.0687679,-1.25985,0.336049,0.390114,0.258765,0.214473,0.143057,-2.3419,0.0617039
0.0917253,2.29108,-0.724422,0.298245,2.05592,0.963324,0.911775,-1.52799,0.383571,-0.495578,-1.31747,2.61193,0.44037,-0.115856,-0.375034,-2.22599,0.723109,0.981191,-0.707187,0.462001
-2.50211,1.20008,-1.99275,0.0658383,2.13783,2.62183,-1.89359,0.525892,0.696306,-0.96268,-1.31999,0.535604,-0.620365,0.279419,-0.24953,-1.73797,0.681562,2.49701,-2.51243,-0.244647
-1.24353,2.21815,-0.537222,0.0898338,1.15268,0.454711,1.37104,-2.67175,0.000358926,-1.00983,-1.51738,2.17321,1.22334,0.693467,-1.22309,-1.30732,-0.0625401,0.380343,0.572082,1.39879
-0.10887,0.649272,0.672292,1.27936,2.23766,1.81755,-1.89635,2.44658,0.950622,1.18922,1.75904,1.46432,-1.77903,1.40519,1.00749,1.28477,0.116819,1.08933,-2.77998,-0.261804
-1.8292,0.861342,-0.555329,0.884293,0.652361,1.79587,-0.569069,0.313436,-0.0170363,-0.065559,0.0969955,-0.339055,-0.26994,-0.349593,-0.293095,-0.429951,-0.0247344,0.969762,-0.271639,0.365965
-1.50404,-0.51722,0.240909,0.461738,-1.13891,0.677865,0.0156905,2.1216,0.377321,0.0402881,1.44157,-1.13685,-0.23636,0.863817,0.401442,2.3285,-0.534466,-0.0659532,0.456621,-0.368713
-1.77258,-0.454259,1.60873,1.64511,-0.355201,0.883289,-0.412975,1.23749,0.0532553,0.949411,1.89311,-1.1239,-0.037599,0.0432646,-0.171242,1.1469,-0.289379,-0.189378,0.507384,0.292261
2.38875,0.31507,1.1575,1.8552,1.37536,-0.0123618,0.14545,1.82892,0.321553,1.15731,1.94331,2.0837,-1.96254,0.750991,1.71894,2.13407,-0.457723,-0.608538,-1.06982,-0.0830625