0.706236,-3.00431,0.595544,0.101956,-0.917572,-1.84091,-1.57483,0.245125,-0.683458,-0.158055,-0.0820293,-2.01079,-0.528954,-0.813868,0.0598044,0.227689,-0.180302,-1.07441,0.125568,-0.593649
0.166981,-0.207678,1.54278,0.509018,-0.943347,0.146559,0.184732,0.312694,-0.544422,1.95169,1.94833,-1.46255,-0.139923,-0.593397,0.201688,0.868084,-0.550299,-0.644369,1.04175,0.767357
-0.371791,-1.34693,-0.608578,0.688423,0.116279,0.0180275,-2.26002,-0.419989,-1.29902,0.0219147,-0.270539,-1.9211,-1.52501,-1.01545,-0.0574235,0.118513,-0.933194,-0.118707,-0.270815,0.73665
1.08803,-0.168255,-0.428722,1.07512,1.92118,0.860264,-1.57313,1.85569,0.295347,0.598466,0.664493,0.895628,-2.44522,0.258289,1.64867,0.574819,-0.130548,0.770244,-2.46462,-0.343692
-2.13946,-0.066216,-1.93019,1.49839,2.19743,0.847302,-1.79789,-1.44737,-0.405629,-2.55264,-2.71676,0.683776,-0.510076,-0.71225,-1.08849,-2.25886,0.220983,1.0519,-1.07651,0.236581
-2.72562,-0.422132,-0.627218,0.216679,0.576886,0.375915,-2.19513,-2.02867,-0.630508,-1.61263,-1.91923,-0.826761,0.805616,-0.315826,-2.23615,-1.62064,0.118893,0.497916,-0.148694,0.552192
1.32571,-0.643692,1.95207,0.316362,1.31514,0.113372,-2.60396,0.802443,0.0783415,2.27312,1.64598,0.0678801,-1.26066,0.337332,0.393899,0.261704,0.213857,0.141095,-2.342,0.0586368
0.089953,2.29115,-0.726557,0.296381,2.05597,0.963228,0.911735,-1.53093,0.383042,-0.502017,-1.32366,2.6119,0.439139,-0.115942,-0.375019,-2.22591,0.722268,0.981174,-0.709448,0.462509
-2.50222,1.20315,-1.99216,0.0674019,2.13835,2.62186,-1.89365,0.521299,0.696236,-0.971544,-1.32105,0.53928,-0.614992,0.279549,-0.250144,-1.73803,0.681425,2.49641,-2.51224,-0.245803
-1.24359,2.21842,-0.5426,0.0913683,1.15286,0.455525,1.37101,-2.67159,0.00102487,-1.01455,-1.51761,2.17302,1.22331,0.693499,-1.22791,-1.30864,-0.062545,0.379046,0.575381,1.39876
-0.108681,0.653441,0.679855,1.28999,2.23745,1.81759,-1.89635,2.44647,0.950651,1.18928,1.75924,1.4646,-1.77903,1.40509,1.01027,1.28481,0.11787,1.09264,-2.79207,-0.264568
-1.82928,0.861417,-0.554198,0.884382,0.655697,1.7955,-0.570111,0.31161,-0.016965,-0.065919,0.0941106,-0.337547,-0.27162,-0.349535,-0.289699,-0.430927,-0.0253236,0.971973,-0.276605,0.367592
-1.50401,-0.517039,0.242803,0.462502,-1.13891,0.677085,0.0145162,2.12164,0.377421,0.0474553,1.44631,-1.14216,-0.23353,0.863817,0.401871,2.32855,-0.534389,-0.0646206,0.459555,-0.367859
-1.77256,-0.45136,1.60868,1.64506,-0.353205,0.883824,-0.412947,1.23734,0.0516071,0.951704,1.89339,-1.1237,-0.0348563,0.0451024,-0.174334,1.14691,-0.291077,-0.190734,0.509357,0.294681
2.38865,0.313025,1.1591,1.855,1.38207,-0.0126866,0.143663,1.8308,0.323481,1.16463,1.9427,2.08318,-1.96265,0.756527,1.71927,2.13399,-0.455941,-0.606344,-1.06965,-0.0819826