0.706792,-3.00423,0.596258,0.100347,-0.920519,-1.84089,-1.57483,0.243498,-0.684665,-0.157312,-0.0822317,-2.01093,-0.529292,-0.81379,0.0579234,0.227721,-0.181025,-1.07449,0.124488,-0.593584
0.167238,-0.20793,1.54536,0.509061,-0.947065,0.144467,0.186499,0.313397,-0.545509,1.95175,1.9482,-1.4626,-0.14018,-0.593308,0.202093,0.871846,-0.551753,-0.647293,1.0418,0.767362
-0.373684,-1.34855,-0.608566,0.688325,0.114571,0.0184901,-2.26002,-0.420026,-1.29903,0.0211344,-0.271066,-1.92106,-1.52502,-1.01553,-0.0587169,0.118526,-0.933198,-0.118355,-0.270031,0.736635
1.09004,-0.167059,-0.426664,1.07577,1.92117,0.861465,-1.5747,1.85576,0.294681,0.599605,0.665921,0.895892,-2.4452,0.257992,1.64863,0.576748,-0.130421,0.769716,-2.46462,-0.344623
-2.13947,-0.0635686,-1.93027,1.4984,2.19735,0.850789,-1.79791,-1.44908,-0.405748,-2.55269,-2.71659,0.684353,-0.510411,-0.712247,-1.09094,-2.25892,0.220769,1.05407,-1.07677,0.237569
-2.72561,-0.423934,-0.62889,0.21725,0.57689,0.376124,-2.19512,-2.02861,-0.630511,-1.61258,-1.91939,-0.828228,0.804468,-0.316703,-2.23614,-1.62478,0.118892,0.500642,-0.151264,0.55334
1.32572,-0.645389,1.95202,0.319188,1.31512,0.114936,-2.60396,0.809988,0.0784834,2.27309,1.64998,0.0673333,-1.26102,0.337979,0.395723,0.263219,0.213599,0.140124,-2.34203,0.0570971
0.0890795,2.29121,-0.727618,0.295395,2.05602,0.963158,0.911727,-1.53236,0.382841,-0.505247,-1.3267,2.61185,0.438591,-0.115951,-0.374982,-2.22589,0.721881,0.98105,-0.710473,0.462778
-2.50218,1.20487,-1.99208,0.0681421,2.13844,2.62198,-1.89361,0.519044,0.696254,-0.976073,-1.32167,0.541002,-0.612359,0.279606,-0.250438,-1.73797,0.681462,2.49638,-2.51219,-0.246454
-1.24357,2.21845,-0.545258,0.0921093,1.15288,0.455892,1.37102,-2.67157,0.00134614,-1.01689,-1.51768,2.17297,1.22332,0.693533,-1.23028,-1.30925,-0.0625337,0.378427,0.577049,1.39876
-0.108608,0.655414,0.683586,1.2953,2.2374,1.81757,-1.89638,2.44646,0.950647,1.18926,1.75932,1.46469,-1.77905,1.40503,1.01159,1.28479,0.118396,1.09436,-2.79797,-0.265892
-1.82924,0.861639,-0.553673,0.88449,0.657437,1.79539,-0.570716,0.310801,-0.0169211,-0.0660927,0.0926895,-0.336806,-0.272451,-0.349469,-0.288031,-0.431385,-0.0256078,0.972979,-0.279053,0.368403
-1.50398,-0.516992,0.243714,0.462825,-1.13889,0.676633,0.0139565,2.12165,0.377439,0.0510826,1.44867,-1.14483,-0.232047,0.863876,0.402061,2.32853,-0.534367,-0.0639278,0.461079,-0.36739
-1.77261,-0.449967,1.6087,1.64497,-0.35227,0.884152,-0.412942,1.23732,0.0507613,0.952733,1.89347,-1.12363,-0.0334683,0.0460655,-0.175857,1.14694,-0.291907,-0.191318,0.510224,0.295885
2.3887,0.312275,1.16005,1.85502,1.38544,-0.0128602,0.142782,1.83176,0.324365,1.16811,1.94253,2.08307,-1.96265,0.759211,1.7193,2.13404,-0.455123,-0.605499,-1.06962,-0.0815175