0.708606,-3.00431,0.59864,0.0955869,-0.929201,-1.84077,-1.57481,0.238917,-0.688051,-0.15469,-0.0823406,-2.01095,-0.53018,-0.813706,0.0521866,0.227766,-0.182919,-1.07445,0.121599,-0.593362
0.168193,-0.208856,1.55299,0.509119,-0.958112,0.138427,0.191507,0.315924,-0.548717,1.95182,1.94813,-1.46261,-0.140936,-0.593214,0.203288,0.882949,-0.555984,-0.65607,1.04186,0.767394
-0.379548,-1.35332,-0.608547,0.687811,0.109307,0.0199271,-2.26003,-0.420077,-1.29903,0.0185072,-0.272296,-1.92104,-1.52504,-1.0156,-0.0625148,0.118543,-0.933202,-0.117437,-0.268107,0.736593
1.09612,-0.163677,-0.420695,1.07757,1.92124,0.864851,-1.57946,1.85592,0.292637,0.603134,0.670211,0.896625,-2.4452,0.257255,1.64855,0.58234,-0.130087,0.768293,-2.46462,-0.347255
-2.13949,-0.0559717,-1.93027,1.49835,2.19737,0.860994,-1.79797,-1.45427,-0.406129,-2.55282,-2.71642,0.686256,-0.51142,-0.712232,-1.09825,-2.25903,0.220131,1.06071,-1.07747,0.240574
-2.72561,-0.429125,-0.633662,0.218904,0.577277,0.376894,-2.19508,-2.02853,-0.630525,-1.61244,-1.91956,-0.832721,0.801174,-0.319236,-2.23622,-1.63691,0.1189,0.508464,-0.158583,0.556747
1.32576,-0.650496,1.95205,0.327704,1.31515,0.11943,-2.60395,0.832258,0.0788747,2.27298,1.6626,0.0651865,-1.26195,0.340082,0.401085,0.267702,0.212922,0.137279,-2.34205,0.0524354
0.0863956,2.29125,-0.730721,0.292203,2.05606,0.963019,0.911725,-1.53646,0.382358,-0.514864,-1.33591,2.61183,0.43713,-0.115918,-0.374996,-2.22592,0.72085,0.980915,-0.713241,0.463407
-2.50211,1.21011,-1.99211,0.0705369,2.13842,2.62202,-1.89357,0.512162,0.696264,-0.989624,-1.32434,0.54559,-0.604482,0.279631,-0.251425,-1.73787,0.681538,2.49655,-2.51221,-0.24854
-1.24352,2.2184,-0.55313,0.0944433,1.15287,0.457022,1.37104,-2.67159,0.00230645,-1.02378,-1.51771,2.17295,1.22334,0.693556,-1.23735,-1.31082,-0.0625185,0.376857,0.582135,1.39877
-0.108746,0.661159,0.694628,1.31091,2.23735,1.81755,-1.89647,2.44646,0.950675,1.18926,1.75934,1.4648,-1.77911,1.40498,1.01546,1.28477,0.119863,1.0994,-2.81509,-0.269774
-1.82915,0.862801,-0.552252,0.884562,0.662624,1.79553,-0.572712,0.30857,-0.0169147,-0.0666463,0.0884091,-0.3349,-0.274771,-0.349395,-0.283225,-0.432772,-0.0264862,0.975903,-0.286397,0.370847
-1.50395,-0.51676,0.246352,0.463722,-1.13885,0.675213,0.0123974,2.12168,0.377396,0.0619698,1.45567,-1.15326,-0.227362,0.863964,0.402655,2.32845,-0.53439,-0.0622186,0.465762,-0.365922
-1.77268,-0.445955,1.60871,1.64492,-0.34948,0.885144,-0.412944,1.23731,0.0481235,0.955413,1.89349,-1.1236,-0.0293254,0.0485753,-0.180324,1.147,-0.294371,-0.192821,0.51236,0.299405
2.38879,0.310447,1.16339,1.85514,1.39555,-0.0130455,0.140419,1.83448,0.326873,1.17826,1.94247,2.08303,-1.96259,0.76727,1.71927,2.13413,-0.452627,-0.603199,-1.06966,-0.0802405