0.709272,-3.00433,0.599469,0.0940313,-0.932123,-1.84076,-1.57482,0.237434,-0.689146,-0.153698,-0.0823172,-2.01091,-0.530431,-0.813723,0.0502241,0.227765,-0.183476,-1.07445,0.120724,-0.593284
0.16853,-0.209212,1.55546,0.509103,-0.961755,0.136412,0.193073,0.316904,-0.549773,1.95182,1.94816,-1.46259,-0.141187,-0.593228,0.203671,0.886576,-0.557361,-0.658975,1.04187,0.767393
-0.381544,-1.35485,-0.608547,0.687611,0.107497,0.0204071,-2.26003,-0.420074,-1.29902,0.0175739,-0.272638,-1.92105,-1.52504,-1.01559,-0.0637503,0.118542,-0.933201,-0.117163,-0.267582,0.736594
1.09816,-0.162604,-0.418757,1.07811,1.92126,0.865924,-1.58102,1.85592,0.291932,0.60436,0.671607,0.896827,-2.44521,0.257067,1.64854,0.584136,-0.129989,0.767811,-2.46461,-0.348088
-2.1395,-0.0534885,-1.93026,1.49833,2.1974,0.864304,-1.79797,-1.456,-0.406251,-2.55283,-2.71643,0.686896,-0.511756,-0.712225,-1.10062,-2.25903,0.219912,1.06292,-1.07764,0.241592
-2.72562,-0.430804,-0.635233,0.219462,0.577484,0.377152,-2.19508,-2.02854,-0.630524,-1.61245,-1.91954,-0.834213,0.800111,-0.32006,-2.23623,-1.64086,0.118894,0.510978,-0.160935,0.557876
1.32577,-0.652219,1.95206,0.330519,1.31518,0.120914,-2.60394,0.839563,0.0789709,2.27297,1.66699,0.0643004,-1.26221,0.340832,0.402867,0.269174,0.212714,0.136353,-2.34205,0.0508705
0.0855,2.29124,-0.731761,0.291097,2.05605,0.962998,0.911719,-1.53775,0.382213,-0.518021,-1.33898,2.61184,0.436683,-0.115909,-0.375016,-2.22593,0.720524,0.980933,-0.714053,0.463548
-2.50212,1.21186,-1.99213,0.0714299,2.1384,2.62199,-1.89357,0.50979,0.696254,-0.994116,-1.32538,0.546995,-0.601833,0.279609,-0.251808,-1.73786,0.681536,2.49656,-2.51224,-0.249256
-1.24353,2.21839,-0.555714,0.0952429,1.15287,0.457456,1.37105,-2.67159,0.00260554,-1.02606,-1.5177,2.17296,1.22334,0.693544,-1.23967,-1.31127,-0.0625169,0.376431,0.583846,1.39877
-0.108904,0.663056,0.698275,1.31601,2.23734,1.81757,-1.89649,2.44647,0.950692,1.18929,1.7593,1.46481,-1.77913,1.40499,1.01676,1.28477,0.120321,1.10099,-2.82057,-0.271055
-1.82915,0.863224,-0.551774,0.884551,0.66431,1.79557,-0.5734,0.307836,-0.016926,-0.0668805,0.0869669,-0.334319,-0.275489,-0.3494,-0.281668,-0.433238,-0.0267989,0.976826,-0.288857,0.37165
-1.50394,-0.516687,0.24722,0.46397,-1.13884,0.674748,0.011927,2.12169,0.37738,0.0655551,1.45803,-1.15618,-0.225742,0.86396,0.402848,2.32844,-0.534403,-0.061744,0.467368,-0.365413
-1.77267,-0.444621,1.60871,1.64494,-0.348545,0.885432,-0.412945,1.23731,0.0472458,0.956227,1.89348,-1.12362,-0.0279466,0.0493115,-0.181793,1.14701,-0.29516,-0.193251,0.512926,0.300545
2.38878,0.309915,1.16457,1.85514,1.39886,-0.0130485,0.139731,1.83529,0.327652,1.18156,1.9425,2.08305,-1.96258,0.769919,1.71928,2.13413,-0.451777,-0.602407,-1.0697,-0.0798317