0.709947,-3.00433,0.600301,0.0924739,-0.935088,-1.84076,-1.57483,0.235968,-0.690237,-0.152663,-0.0822941,-2.01088,-0.530666,-0.813747,0.0482389,0.227762,-0.18401,-1.07445,0.119883,-0.593203
0.168848,-0.209593,1.5579,0.509085,-0.965372,0.134379,0.194587,0.31794,-0.550819,1.95181,1.94818,-1.46257,-0.141443,-0.593245,0.204051,0.89017,-0.558733,-0.661876,1.04188,0.767391
-0.383541,-1.35634,-0.608545,0.687427,0.105649,0.0208863,-2.26003,-0.420069,-1.29902,0.0166334,-0.272981,-1.92106,-1.52504,-1.01558,-0.06498,0.118539,-0.933201,-0.116895,-0.267104,0.736598
1.1002,-0.161562,-0.41684,1.0786,1.92129,0.866984,-1.58258,1.85591,0.291223,0.605587,0.67301,0.896996,-2.44521,0.256911,1.64854,0.585903,-0.129888,0.767333,-2.46459,-0.348911
-2.13949,-0.0510258,-1.93025,1.49832,2.19743,0.867579,-1.79796,-1.4577,-0.406369,-2.55282,-2.71646,0.687518,-0.512086,-0.712218,-1.10295,-2.25902,0.219693,1.06511,-1.07777,0.242616
-2.72563,-0.432464,-0.636809,0.220021,0.577708,0.377402,-2.19508,-2.02855,-0.630521,-1.61247,-1.91951,-0.835685,0.799057,-0.320885,-2.23622,-1.64478,0.118889,0.513457,-0.163258,0.558997
1.32577,-0.653958,1.95207,0.333314,1.3152,0.122399,-2.60393,0.846818,0.0790396,2.27296,1.67146,0.0633304,-1.26245,0.341599,0.404646,0.270645,0.212512,0.135443,-2.34205,0.0493011
0.0846177,2.29124,-0.732814,0.289987,2.05604,0.962986,0.911709,-1.53899,0.382072,-0.521156,-1.34204,2.61185,0.436253,-0.115904,-0.375028,-2.22594,0.720197,0.980951,-0.714802,0.463663
-2.50214,1.21361,-1.99214,0.0723599,2.13838,2.62197,-1.89357,0.507378,0.696244,-0.998611,-1.32642,0.548372,-0.599175,0.279588,-0.252216,-1.73787,0.68153,2.49656,-2.51227,-0.249975
-1.24353,2.21839,-0.558278,0.0960405,1.15288,0.457916,1.37105,-2.67159,0.00288779,-1.02834,-1.5177,2.17297,1.22334,0.69353,-1.24197,-1.31168,-0.0625154,0.376044,0.585561,1.39877
-0.109103,0.664947,0.701911,1.32107,2.23732,1.81758,-1.89651,2.44648,0.950708,1.18932,1.75926,1.46482,-1.77913,1.40501,1.01806,1.28478,0.120768,1.10253,-2.82592,-0.272328
-1.82915,0.863646,-0.551285,0.884543,0.665973,1.79558,-0.574096,0.3071,-0.0169321,-0.067142,0.0855204,-0.333742,-0.276186,-0.34941,-0.280127,-0.433701,-0.0271197,0.977715,-0.29132,0.372441
-1.50394,-0.516635,0.248085,0.464179,-1.13882,0.674285,0.0114823,2.12169,0.377368,0.0691107,1.46042,-1.15912,-0.2241,0.86395,0.40303,2.32843,-0.534411,-0.0612894,0.469002,-0.36489
-1.77265,-0.443273,1.60871,1.64495,-0.347613,0.8857,-0.412944,1.23731,0.0463783,0.957014,1.89347,-1.12365,-0.0265638,0.0500341,-0.183255,1.14701,-0.295923,-0.193644,0.513423,0.301672
2.38876,0.309422,1.16577,1.85514,1.4021,-0.0130513,0.139087,1.83604,0.328394,1.1848,1.94254,2.08306,-1.96258,0.77252,1.71928,2.13412,-0.450932,-0.601608,-1.06973,-0.0794281