0.713177,-3.0043,0.604425,0.084501,-0.950548,-1.8408,-1.57489,0.228981,-0.695577,-0.146994,-0.0823102,-2.01082,-0.531684,-0.813823,0.0380871,0.22779,-0.18644,-1.07448,0.116121,-0.592689
0.170044,-0.211981,1.56952,0.509079,-0.983013,0.124059,0.201363,0.323822,-0.555865,1.95187,1.94813,-1.46253,-0.142747,-0.593215,0.206017,0.907773,-0.56554,-0.676434,1.04195,0.767377
-0.3934,-1.36332,-0.608524,0.68681,0.095828,0.0233217,-2.26002,-0.420063,-1.29904,0.0118827,-0.274891,-1.92106,-1.52506,-1.01559,-0.0711697,0.11853,-0.933208,-0.115624,-0.265399,0.736607
1.11067,-0.156799,-0.407503,1.08057,1.92139,0.872207,-1.59036,1.85589,0.287726,0.611429,0.680469,0.897318,-2.44516,0.256543,1.64859,0.594428,-0.129194,0.765192,-2.46451,-0.353037
-2.13948,-0.0391966,-1.93029,1.49832,2.1975,0.88362,-1.79795,-1.46577,-0.406924,-2.55277,-2.71648,0.690297,-0.513557,-0.712159,-1.11434,-2.25904,0.218679,1.07588,-1.07769,0.247802
-2.72564,-0.440463,-0.64472,0.222795,0.578853,0.378624,-2.19511,-2.0286,-0.630514,-1.61252,-1.91947,-0.842674,0.793939,-0.325057,-2.23616,-1.66396,0.118876,0.525403,-0.174499,0.564424
1.32579,-0.662937,1.95206,0.347033,1.31528,0.129759,-2.60387,0.882386,0.0789256,2.27293,1.69467,0.0572493,-1.26331,0.345606,0.413316,0.278143,0.211694,0.131177,-2.34208,0.0413556
0.0804312,2.29125,-0.738245,0.284386,2.05607,0.963032,0.911666,-1.54471,0.381437,-0.536687,-1.35692,2.61187,0.434413,-0.115923,-0.375031,-2.22594,0.718615,0.980942,-0.717594,0.463914
-2.50216,1.22251,-1.99211,0.0774089,2.13831,2.62197,-1.89352,0.494782,0.696198,-1.0213,-1.33155,0.554972,-0.585967,0.279566,-0.254661,-1.73787,0.681522,2.49655,-2.5124,-0.253613
-1.24355,2.21839,-0.570857,0.0999262,1.1529,0.460401,1.37107,-2.67158,0.0040905,-1.03964,-1.51771,2.17297,1.22334,0.693482,-1.25318,-1.31324,-0.0625071,0.374582,0.594187,1.39878
-0.110594,0.674328,0.719929,1.34574,2.23727,1.81759,-1.8966,2.44656,0.950764,1.18943,1.75912,1.46493,-1.77916,1.40501,1.02447,1.28479,0.122824,1.10944,-2.85055,-0.27846
-1.82917,0.865956,-0.548855,0.884555,0.674031,1.79552,-0.577801,0.303462,-0.0169023,-0.0687814,0.0784215,-0.33085,-0.279425,-0.349461,-0.272686,-0.435932,-0.0287944,0.981787,-0.303626,0.376229
-1.50393,-0.516711,0.252336,0.464635,-1.13874,0.671946,0.00962288,2.1217,0.377339,0.0864964,1.47288,-1.17404,-0.215535,0.863928,0.403827,2.32844,-0.534407,-0.0592113,0.477552,-0.362115
-1.77263,-0.436345,1.60874,1.64496,-0.343083,0.886933,-0.412937,1.23728,0.0421442,0.960422,1.89351,-1.12369,-0.0196037,0.0537323,-0.190443,1.14701,-0.299398,-0.19509,0.514901,0.307123
2.38875,0.307583,1.17199,1.85517,1.41718,-0.0131739,0.136603,1.83895,0.331489,1.1999,1.9426,2.08304,-1.96259,0.784754,1.7193,2.13411,-0.446894,-0.597688,-1.06988,-0.0774819