0.713783,-3.00429,0.605262,0.0828704,-0.953732,-1.8408,-1.57489,0.227675,-0.696605,-0.145754,-0.0823327,-2.01082,-0.531852,-0.813832,0.0360292,0.227802,-0.186883,-1.07448,0.115454,-0.592562
0.170224,-0.212542,1.57175,0.509086,-0.986447,0.121982,0.202566,0.32514,-0.55684,1.95189,1.94811,-1.46254,-0.142998,-0.593197,0.20643,0.911228,-0.566884,-0.679361,1.04196,0.767374
-0.395353,-1.36462,-0.608522,0.686723,0.0937628,0.023817,-2.26002,-0.420065,-1.29904,0.0109132,-0.275293,-1.92106,-1.52506,-1.0156,-0.0724208,0.118532,-0.933209,-0.11539,-0.265188,0.736607
1.1128,-0.155929,-0.405684,1.08087,1.92141,0.873243,-1.59193,1.8559,0.287038,0.612529,0.682063,0.897282,-2.44515,0.25654,1.64859,0.596087,-0.129006,0.764815,-2.46449,-0.353878
-2.13948,-0.0369418,-1.9303,1.49832,2.19751,0.886774,-1.79795,-1.4673,-0.407034,-2.55277,-2.71647,0.690789,-0.513808,-0.712142,-1.11659,-2.25906,0.218496,1.07801,-1.07753,0.248848
-2.72565,-0.442001,-0.64629,0.223353,0.579076,0.378878,-2.19511,-2.0286,-0.630513,-1.61252,-1.91948,-0.844007,0.792948,-0.325895,-2.23615,-1.6677,0.118874,0.52771,-0.176677,0.565468
1.3258,-0.664799,1.95206,0.349738,1.31528,0.131219,-2.60387,0.889336,0.0788182,2.27292,1.69951,0.0558027,-1.26345,0.346435,0.414989,0.27967,0.21158,0.130389,-2.34208,0.0397444
0.0796304,2.29126,-0.739355,0.283249,2.05608,0.96306,0.911662,-1.54576,0.381324,-0.539776,-1.35982,2.61187,0.434117,-0.11593,-0.375035,-2.22594,0.718325,0.980938,-0.717971,0.4639
-2.50216,1.22432,-1.9921,0.0784998,2.1383,2.62197,-1.89351,0.492163,0.696192,-1.02588,-1.33258,0.556226,-0.583377,0.279563,-0.255232,-1.73786,0.681524,2.49655,-2.51242,-0.254352
-1.24355,2.21839,-0.573324,0.100684,1.1529,0.460915,1.37107,-2.67158,0.00430088,-1.04188,-1.51772,2.17297,1.22335,0.693475,-1.25536,-1.31346,-0.0625054,0.374372,0.595924,1.39878
-0.110986,0.676201,0.723495,1.35054,2.23727,1.81759,-1.89662,2.44658,0.950772,1.18945,1.7591,1.46494,-1.77916,1.40501,1.02574,1.28479,0.123183,1.11066,-2.85504,-0.279627
-1.82917,0.866481,-0.548381,0.884559,0.675594,1.79553,-0.578589,0.302747,-0.0168959,-0.0691728,0.0770365,-0.330274,-0.280028,-0.349468,-0.271257,-0.436354,-0.029143,0.982542,-0.306092,0.376962
-1.50393,-0.516784,0.253166,0.46463,-1.13873,0.671473,0.00932792,2.12169,0.377334,0.0898986,1.47546,-1.17709,-0.213759,0.863928,0.403971,2.32844,-0.534405,-0.0588404,0.479319,-0.361536
-1.77264,-0.43494,1.60874,1.64496,-0.342206,0.887171,-0.412938,1.23727,0.0413073,0.960981,1.89352,-1.12368,-0.0182119,0.0544742,-0.191853,1.14702,-0.300037,-0.195282,0.515008,0.308178
2.38874,0.307338,1.17329,1.85518,1.41995,-0.0132113,0.136268,1.83936,0.331991,1.2027,1.9426,2.08304,-1.9626,0.78707,1.71931,2.13412,-0.446124,-0.596918,-1.0699,-0.0771086