0.714951,-3.00426,0.607004,0.0795909,-0.960159,-1.84081,-1.5749,0.225166,-0.698616,-0.143146,-0.0823918,-2.01083,-0.532144,-0.813855,0.0319108,0.227833,-0.187732,-1.07449,0.114172,-0.592297
0.170548,-0.213708,1.57613,0.509098,-0.993206,0.117808,0.204837,0.327923,-0.558763,1.95191,1.94808,-1.46255,-0.14348,-0.593164,0.207278,0.91807,-0.569556,-0.685232,1.04198,0.767364
-0.399252,-1.36716,-0.60852,0.686558,0.089563,0.0248101,-2.26002,-0.420067,-1.29904,0.00894957,-0.276093,-1.92106,-1.52505,-1.01562,-0.0749276,0.118537,-0.93321,-0.114943,-0.264877,0.73661
1.1171,-0.154281,-0.4021,1.08138,1.92144,0.875312,-1.59509,1.8559,0.285674,0.614678,0.685352,0.897127,-2.44516,0.256601,1.64858,0.599352,-0.128581,0.764107,-2.46446,-0.355583
-2.13946,-0.0325492,-1.93033,1.49832,2.19754,0.893033,-1.79796,-1.47029,-0.40726,-2.55278,-2.71642,0.691708,-0.514249,-0.712106,-1.12107,-2.25909,0.218155,1.08224,-1.07705,0.25095
-2.72566,-0.445011,-0.649389,0.224483,0.579499,0.379395,-2.1951,-2.02861,-0.630511,-1.61252,-1.91951,-0.846617,0.790975,-0.327575,-2.23615,-1.67508,0.118868,0.53225,-0.180984,0.56751
1.3258,-0.668617,1.95205,0.355116,1.31528,0.134149,-2.60386,0.903033,0.0785365,2.2729,1.70943,0.0527371,-1.26373,0.348109,0.418267,0.282729,0.211408,0.12889,-2.34209,0.0365097
0.0780616,2.29127,-0.741587,0.280958,2.05609,0.96313,0.911655,-1.54779,0.381116,-0.54593,-1.36557,2.61187,0.433603,-0.115942,-0.375044,-2.22592,0.717781,0.980935,-0.718562,0.463806
-2.50217,1.22798,-1.99208,0.0807696,2.13825,2.62197,-1.8935,0.486816,0.69618,-1.03504,-1.33474,0.558677,-0.578279,0.279545,-0.256435,-1.73785,0.681526,2.49656,-2.51247,-0.255845
-1.24356,2.21839,-0.578194,0.102185,1.15291,0.46196,1.37108,-2.67158,0.00469796,-1.04635,-1.51774,2.17297,1.22335,0.693461,-1.25965,-1.31381,-0.0625022,0.374022,0.599401,1.39878
-0.111841,0.679984,0.730585,1.35998,2.23731,1.81758,-1.89665,2.44662,0.950778,1.18948,1.75905,1.46494,-1.77914,1.40503,1.02828,1.2848,0.123837,1.11293,-2.86356,-0.281904
-1.82916,0.867595,-0.547426,0.884569,0.678657,1.79553,-0.580204,0.301325,-0.0168852,-0.0700177,0.0742714,-0.329133,-0.2812,-0.349479,-0.268457,-0.437163,-0.0298541,0.983996,-0.311041,0.378408
-1.50392,-0.516988,0.254806,0.464552,-1.13872,0.670539,0.00882107,2.12169,0.37733,0.0966202,1.48073,-1.18324,-0.210166,0.863924,0.404237,2.32843,-0.534403,-0.0581329,0.482883,-0.360355
-1.77264,-0.432137,1.60874,1.64495,-0.340485,0.887638,-0.412943,1.23726,0.0396415,0.961981,1.89355,-1.12367,-0.0154381,0.0559223,-0.194651,1.14702,-0.301263,-0.195576,0.515056,0.310258
2.38873,0.30697,1.17598,1.8552,1.42516,-0.0132898,0.13577,1.83998,0.332895,1.20812,1.94259,2.08304,-1.96261,0.791567,1.71932,2.13413,-0.444614,-0.595377,-1.06997,-0.0763797