0.716449,-3.00474,0.607799,0.0758145,-0.965029,-1.8407,-1.57511,0.223228,-0.700542,-0.140338,-0.0816647,-2.01089,-0.531811,-0.813497,0.0275592,0.227535,-0.188397,-1.07462,0.114375,-0.591736
0.171217,-0.215662,1.5794,0.508784,-0.998219,0.113753,0.206586,0.331321,-0.560598,1.9519,1.94882,-1.46259,-0.143446,-0.59276,0.207933,0.924332,-0.572032,-0.691252,1.04298,0.76754
-0.403103,-1.36964,-0.608558,0.68635,0.0855189,0.025811,-2.26,-0.420018,-1.29907,0.00697509,-0.276846,-1.92112,-1.52495,-1.01562,-0.0774474,0.118554,-0.93324,-0.114549,-0.264605,0.736611
1.12122,-0.152345,-0.398023,1.08207,1.92079,0.877303,-1.59809,1.8557,0.284363,0.616761,0.688196,0.89699,-2.44542,0.256442,1.64866,0.602786,-0.128128,0.763573,-2.46494,-0.357496
-2.13952,-0.028109,-1.93015,1.49839,2.19723,0.89918,-1.79792,-1.4733,-0.407514,-2.55283,-2.71656,0.692579,-0.51475,-0.712179,-1.12546,-2.25907,0.217798,1.0865,-1.07673,0.253017
-2.72564,-0.448049,-0.652576,0.225578,0.580061,0.379955,-2.19515,-2.02861,-0.630467,-1.61249,-1.91942,-0.849139,0.789013,-0.329184,-2.23617,-1.68237,0.118918,0.536692,-0.185006,0.569514
1.32541,-0.671424,1.95308,0.361249,1.31349,0.136881,-2.60353,0.915713,0.0781377,2.27284,1.71808,0.0497683,-1.26495,0.348877,0.421822,0.286459,0.2111,0.12776,-2.34362,0.0328398
0.0766103,2.29116,-0.744051,0.278577,2.05626,0.963266,0.9116,-1.54969,0.380951,-0.552045,-1.37103,2.6119,0.433305,-0.115889,-0.375073,-2.22598,0.717309,0.980907,-0.718701,0.463669
-2.50225,1.23184,-1.99191,0.083249,2.13798,2.62196,-1.89345,0.481226,0.696185,-1.04418,-1.33732,0.561143,-0.573475,0.279442,-0.257666,-1.73775,0.681547,2.4966,-2.51268,-0.257408
-1.24356,2.21838,-0.582971,0.10368,1.15286,0.463032,1.37109,-2.67159,0.00506401,-1.05079,-1.51774,2.17299,1.22333,0.693448,-1.26384,-1.31405,-0.0624982,0.373747,0.60284,1.39878
-0.111832,0.682151,0.735221,1.36805,2.23995,1.81775,-1.89713,2.44734,0.950771,1.1895,1.76063,1.46462,-1.77821,1.40591,1.03031,1.28413,0.124665,1.11457,-2.86805,-0.283467
-1.82916,0.868826,-0.546431,0.88462,0.681479,1.79555,-0.581831,0.299876,-0.0168952,-0.070959,0.0714857,-0.327989,-0.282347,-0.349498,-0.26574,-0.437933,-0.0306025,0.985348,-0.316166,0.379814
-1.50414,-0.516665,0.257284,0.464853,-1.13982,0.669522,0.00866235,2.12138,0.377331,0.10316,1.48531,-1.18922,-0.207082,0.86359,0.404681,2.32863,-0.534461,-0.0573051,0.485158,-0.35937
-1.77279,-0.428895,1.60916,1.64512,-0.339711,0.88799,-0.412797,1.23711,0.0379672,0.962863,1.89305,-1.12368,-0.012989,0.0569499,-0.197283,1.14727,-0.302516,-0.195666,0.514034,0.31211
2.3886,0.307084,1.1793,1.85535,1.42908,-0.013427,0.135642,1.84013,0.33369,1.21333,1.94224,2.08313,-1.96282,0.795579,1.71938,2.13428,-0.443172,-0.593758,-1.07043,-0.0757929