0.718512,-3.00447,0.606846,0.0713361,-0.967412,-1.84083,-1.57503,0.221676,-0.702613,-0.137886,-0.0815192,-2.01099,-0.530533,-0.81354,0.0229686,0.227516,-0.188941,-1.07459,0.116622,-0.591105
0.172302,-0.218486,1.58108,0.508777,-1.00091,0.109534,0.207284,0.335006,-0.562288,1.9515,1.94919,-1.46257,-0.143236,-0.59284,0.208595,0.929206,-0.574132,-0.697159,1.04275,0.767363
-0.406738,-1.37203,-0.608526,0.686041,0.0827791,0.0267444,-2.25992,-0.419857,-1.29918,0.00518568,-0.277984,-1.92134,-1.52465,-1.01564,-0.0799621,0.118679,-0.933333,-0.114348,-0.26437,0.736638
1.1249,-0.150123,-0.393283,1.08331,1.92053,0.879426,-1.60107,1.85561,0.283633,0.619132,0.690131,0.897573,-2.44569,0.255893,1.64855,0.60648,-0.127236,0.763298,-2.4647,-0.359634
-2.13951,-0.0233816,-1.93016,1.49836,2.19711,0.905118,-1.79799,-1.47633,-0.407894,-2.55297,-2.71636,0.693718,-0.515507,-0.712153,-1.12951,-2.25922,0.21726,1.09097,-1.07702,0.255249
-2.7257,-0.451308,-0.656118,0.226582,0.580695,0.380601,-2.19519,-2.02875,-0.63032,-1.61244,-1.9194,-0.851345,0.786576,-0.330625,-2.2362,-1.68958,0.119033,0.541092,-0.188223,0.571355
1.32547,-0.67316,1.95273,0.368923,1.31304,0.13993,-2.60378,0.927003,0.0779547,2.27311,1.7238,0.0485266,-1.26816,0.347883,0.425637,0.291133,0.21073,0.127105,-2.3433,0.0291634
0.0752851,2.29123,-0.747092,0.276333,2.05584,0.96356,0.911542,-1.55177,0.380886,-0.558237,-1.37559,2.61201,0.433319,-0.115897,-0.375,-2.22607,0.716816,0.980895,-0.718607,0.463442
-2.5023,1.23566,-1.99193,0.0858367,2.13791,2.62206,-1.89353,0.475357,0.696309,-1.0529,-1.34085,0.564164,-0.569504,0.279364,-0.259039,-1.73771,0.681645,2.49663,-2.51245,-0.258944
-1.24358,2.21837,-0.587688,0.105246,1.15272,0.464228,1.37109,-2.67163,0.0053756,-1.05528,-1.5177,2.17305,1.22326,0.693458,-1.268,-1.31431,-0.0624833,0.373503,0.606037,1.39877
-0.110132,0.682902,0.736161,1.37376,2.24052,1.81724,-1.8967,2.44721,0.950312,1.18891,1.76069,1.46367,-1.77788,1.40581,1.03208,1.28436,0.125031,1.11532,-2.86669,-0.284829
-1.82914,0.870084,-0.545645,0.884709,0.683445,1.79558,-0.583295,0.29826,-0.0169647,-0.0720866,0.0690331,-0.326697,-0.283442,-0.349404,-0.263282,-0.438949,-0.0314878,0.986341,-0.322089,0.38115
-1.50416,-0.515925,0.260902,0.466215,-1.14069,0.668859,0.0085209,2.12126,0.377523,0.109496,1.48912,-1.19326,-0.205567,0.863644,0.405433,2.32828,-0.534407,-0.0562254,0.484835,-0.358317
-1.77272,-0.425129,1.60908,1.64505,-0.339584,0.888329,-0.412764,1.23735,0.0364049,0.964431,1.89265,-1.12377,-0.0107239,0.0572414,-0.199876,1.14746,-0.303755,-0.195601,0.51176,0.313767
2.38856,0.307396,1.18346,1.85528,1.43064,-0.0133246,0.135772,1.83966,0.334742,1.21887,1.94217,2.08344,-1.96298,0.79879,1.7193,2.13429,-0.441458,-0.59197,-1.07016,-0.0752145