0.719595,-3.00435,0.606176,0.0690282,-0.968255,-1.84089,-1.57497,0.220873,-0.703734,-0.136877,-0.081685,-2.01101,-0.529769,-0.813638,0.0206866,0.227613,-0.189171,-1.07453,0.117892,-0.59084
0.172865,-0.219937,1.58172,0.508809,-1.00193,0.107314,0.207511,0.336636,-0.563091,1.95139,1.9492,-1.46262,-0.143257,-0.592962,0.208966,0.931336,-0.575122,-0.700048,1.04246,0.767346
-0.408467,-1.37314,-0.6085,0.685917,0.0818107,0.0271604,-2.25994,-0.419837,-1.29919,0.00439411,-0.278845,-1.9213,-1.52465,-1.01564,-0.0811776,0.118677,-0.933307,-0.114278,-0.264326,0.736671
1.12664,-0.149043,-0.390823,1.08403,1.92056,0.880634,-1.60263,1.85563,0.283554,0.620471,0.690904,0.898187,-2.44573,0.255606,1.64851,0.608284,-0.126636,0.763196,-2.46464,-0.360779
-2.13948,-0.0210163,-1.93027,1.49836,2.19719,0.908052,-1.79798,-1.47791,-0.408127,-2.55298,-2.71623,0.694354,-0.515874,-0.712105,-1.13144,-2.25926,0.21691,1.09323,-1.07732,0.256413
-2.72572,-0.452975,-0.6579,0.227014,0.580941,0.380976,-2.19517,-2.02874,-0.630318,-1.61248,-1.91944,-0.852304,0.785071,-0.331376,-2.23621,-1.69312,0.11899,0.543255,-0.189637,0.572194
1.32554,-0.674047,1.95249,0.373152,1.31328,0.141685,-2.60396,0.932423,0.0780951,2.27319,1.72614,0.0486729,-1.27025,0.347232,0.427583,0.293342,0.21052,0.126807,-2.34289,0.027407
0.0746528,2.29132,-0.748663,0.27545,2.05566,0.963694,0.911515,-1.55288,0.380917,-0.561375,-1.37776,2.61201,0.433355,-0.115873,-0.374974,-2.22611,0.716536,0.980915,-0.718705,0.46335
-2.5023,1.23746,-1.99198,0.0870495,2.13798,2.62206,-1.89361,0.472388,0.696345,-1.05709,-1.34282,0.565997,-0.567775,0.27935,-0.259765,-1.73775,0.681595,2.49659,-2.51235,-0.259683
-1.24359,2.21838,-0.590039,0.106053,1.15274,0.464844,1.37108,-2.67163,0.00552788,-1.05751,-1.51771,2.17305,1.22326,0.693458,-1.27006,-1.31446,-0.0624793,0.373416,0.607605,1.39876
-0.108939,0.683411,0.736277,1.37613,2.24017,1.81722,-1.89642,2.44705,0.950212,1.18882,1.76044,1.46362,-1.77797,1.40556,1.03301,1.28465,0.125083,1.11563,-2.86558,-0.285559
-1.82915,0.870733,-0.545359,0.884708,0.684282,1.79553,-0.584016,0.297438,-0.0169599,-0.0725762,0.0678377,-0.326039,-0.284003,-0.349365,-0.262144,-0.439539,-0.031912,0.98678,-0.32511,0.381731
-1.5041,-0.515515,0.262746,0.467309,-1.14064,0.668685,0.00813706,2.12132,0.37759,0.112677,1.49105,-1.19447,-0.205305,0.863797,0.405929,2.32812,-0.534459,-0.0556911,0.484241,-0.357715
-1.77271,-0.423257,1.60905,1.64501,-0.339453,0.888583,-0.412829,1.2374,0.0356697,0.965586,1.89267,-1.1237,-0.00956078,0.0572372,-0.201203,1.14742,-0.30434,-0.195552,0.510583,0.314623
2.38856,0.30746,1.18561,1.85521,1.43088,-0.0131454,0.13571,1.83934,0.335475,1.22186,1.94224,2.08347,-1.96293,0.800182,1.71932,2.13422,-0.440547,-0.591093,-1.06998,-0.074912