0.720672,-3.0043,0.605537,0.0667283,-0.969043,-1.84091,-1.57494,0.220042,-0.704877,-0.135957,-0.0818479,-2.01101,-0.528981,-0.813707,0.0184292,0.227687,-0.189385,-1.07449,0.119112,-0.590593
0.173447,-0.221376,1.58233,0.508858,-1.00284,0.105057,0.207794,0.338123,-0.563869,1.95138,1.9491,-1.46268,-0.143307,-0.593033,0.209313,0.933397,-0.576121,-0.702926,1.04225,0.767361
-0.410168,-1.37423,-0.608489,0.685814,0.0809503,0.0275683,-2.25999,-0.419861,-1.29919,0.00367275,-0.279868,-1.92123,-1.52471,-1.01563,-0.0823432,0.11865,-0.933277,-0.114206,-0.264279,0.736668
1.12836,-0.147959,-0.38832,1.0848,1.92062,0.881909,-1.60419,1.85568,0.283585,0.621851,0.691606,0.898923,-2.4457,0.255344,1.64848,0.610025,-0.125999,0.763099,-2.46466,-0.361955
-2.13946,-0.0186967,-1.93034,1.49836,2.19729,0.910978,-1.79796,-1.47953,-0.408366,-2.55296,-2.71618,0.694974,-0.516198,-0.712079,-1.13334,-2.25925,0.216544,1.09547,-1.07767,0.25759
-2.72571,-0.454623,-0.659632,0.227416,0.581122,0.381375,-2.19513,-2.02871,-0.630354,-1.61252,-1.91947,-0.853209,0.783442,-0.332164,-2.23622,-1.69662,0.118931,0.545382,-0.191043,0.573005
1.32561,-0.674961,1.95235,0.377532,1.3136,0.143514,-2.60404,0.937808,0.0783751,2.27319,1.72838,0.0491245,-1.27249,0.346671,0.429554,0.295351,0.210281,0.126492,-2.34261,0.0256673
0.0740528,2.29136,-0.750182,0.274735,2.0556,0.963816,0.911506,-1.55397,0.380982,-0.564532,-1.37996,2.612,0.433366,-0.115839,-0.374977,-2.22613,0.716216,0.980939,-0.718888,0.463279
-2.50228,1.23923,-1.99201,0.0881955,2.13806,2.62205,-1.89366,0.469439,0.69635,-1.06123,-1.34482,0.56798,-0.56612,0.279376,-0.260477,-1.7378,0.681547,2.49656,-2.51228,-0.260411
-1.24359,2.2184,-0.592381,0.10687,1.15277,0.465445,1.37108,-2.67162,0.00569052,-1.05973,-1.51772,2.17303,1.22326,0.69345,-1.27209,-1.31461,-0.062479,0.373365,0.609175,1.39876
-0.107677,0.683975,0.736424,1.37833,2.23974,1.8173,-1.8963,2.4469,0.950236,1.18888,1.76018,1.46378,-1.77814,1.40536,1.03393,1.28484,0.125163,1.11597,-2.86468,-0.286288
-1.82917,0.871403,-0.545115,0.884696,0.685134,1.79548,-0.584743,0.296628,-0.0169435,-0.0729683,0.0665856,-0.325403,-0.284577,-0.349375,-0.261046,-0.440119,-0.032295,0.98724,-0.328074,0.38225
-1.50402,-0.515044,0.264536,0.468614,-1.14041,0.668551,0.00753907,2.12141,0.377591,0.115863,1.49304,-1.19538,-0.205232,0.863917,0.406474,2.32805,-0.534503,-0.0551777,0.483595,-0.357082
-1.77272,-0.421414,1.60901,1.64498,-0.339322,0.888893,-0.412894,1.2374,0.0349435,0.966915,1.89276,-1.12363,-0.00841753,0.0571903,-0.202516,1.14734,-0.304894,-0.195504,0.509485,0.315489
2.38859,0.307502,1.18776,1.85519,1.431,-0.0129308,0.135507,1.83903,0.336324,1.22493,1.94231,2.08342,-1.96285,0.801505,1.71936,2.13417,-0.439671,-0.59026,-1.06987,-0.0746101