0.726947,-3.00436,0.602791,0.05357,-0.975097,-1.84082,-1.57499,0.214808,-0.711249,-0.130309,-0.0820293,-2.01086,-0.524739,-0.813724,0.00515502,0.227689,-0.190379,-1.07451,0.125905,-0.589046
0.177234,-0.229806,1.58637,0.509031,-1.0083,0.0916345,0.210296,0.346595,-0.568386,1.95184,1.94841,-1.46259,-0.143571,-0.592928,0.210977,0.945816,-0.582105,-0.719896,1.04233,0.767353
-0.420372,-1.3808,-0.608533,0.685203,0.0757329,0.0302047,-2.26001,-0.420009,-1.29908,-0.000238416,-0.286059,-1.92113,-1.5249,-1.01566,-0.0888906,0.118555,-0.933245,-0.113655,-0.26326,0.736625
1.13871,-0.140916,-0.373241,1.08953,1.921,0.889552,-1.6129,1.85582,0.283378,0.629554,0.695798,0.903451,-2.44539,0.253815,1.64851,0.619906,-0.122534,0.762397,-2.46469,-0.368663
-2.13953,-0.00530035,-1.93024,1.49832,2.19739,0.928184,-1.79795,-1.4895,-0.409525,-2.55276,-2.71652,0.697915,-0.517736,-0.712106,-1.14433,-2.25914,0.214633,1.10848,-1.07981,0.264604
-2.72566,-0.464018,-0.669783,0.230013,0.581931,0.383915,-2.19511,-2.02864,-0.630504,-1.61256,-1.91945,-0.858556,0.774027,-0.336835,-2.23618,-1.717,0.118869,0.557567,-0.200298,0.577941
1.32567,-0.68036,1.95238,0.403319,1.3145,0.154428,-2.6038,0.970419,0.0798948,2.27293,1.74262,0.051503,-1.28565,0.344414,0.44138,0.306351,0.208769,0.124418,-2.34259,0.015172
0.0709748,2.29127,-0.758702,0.271426,2.05603,0.964693,0.911603,-1.55983,0.381053,-0.58336,-1.39329,2.61192,0.433124,-0.11592,-0.375099,-2.22599,0.713953,0.98094,-0.719811,0.46261
-2.50217,1.24993,-1.99205,0.0949,2.1382,2.62203,-1.89357,0.452232,0.69617,-1.08619,-1.35643,0.579575,-0.555989,0.279543,-0.264502,-1.73783,0.681589,2.4966,-2.51236,-0.264835
-1.24359,2.2184,-0.606013,0.111876,1.15278,0.468859,1.3711,-2.67161,0.00683097,-1.073,-1.51775,2.17301,1.22329,0.693422,-1.28367,-1.31527,-0.0624829,0.373607,0.618379,1.39879
-0.101463,0.686843,0.738799,1.39149,2.23839,1.8175,-1.89667,2.44678,0.950755,1.18939,1.75966,1.4646,-1.77876,1.40533,1.03962,1.28462,0.126253,1.11825,-2.86241,-0.290597
-1.82917,0.87557,-0.543667,0.884619,0.690999,1.79551,-0.589247,0.291965,-0.0168797,-0.0749863,0.0587136,-0.321703,-0.28787,-0.349502,-0.254753,-0.442996,-0.0343769,0.990113,-0.345252,0.385115
-1.50399,-0.511604,0.274733,0.476674,-1.13934,0.667799,0.00337864,2.1216,0.377305,0.134607,1.50527,-1.20114,-0.204637,0.863799,0.409405,2.32842,-0.534456,-0.0524067,0.480571,-0.353106
-1.77268,-0.410418,1.60891,1.64499,-0.339389,0.890872,-0.412926,1.23725,0.0307337,0.974875,1.89327,-1.12367,-0.00231652,0.0566997,-0.20992,1.14719,-0.307846,-0.195156,0.503528,0.32047
2.38871,0.308103,1.20012,1.85521,1.43317,-0.0115843,0.133154,1.83787,0.341187,1.24277,1.94249,2.08313,-1.96263,0.809888,1.71939,2.13418,-0.435064,-0.58568,-1.06998,-0.0728234