0.72796,-3.00436,0.602409,0.0514433,-0.976344,-1.84082,-1.57499,0.213929,-0.712221,-0.129266,-0.0820202,-2.01087,-0.524127,-0.813739,0.00293897,0.227702,-0.190484,-1.07451,0.12705,-0.58876
0.177825,-0.23122,1.58713,0.509026,-1.00935,0.0894499,0.210665,0.34811,-0.569148,1.95183,1.94844,-1.46259,-0.143651,-0.592929,0.211253,0.947918,-0.583061,-0.722655,1.04233,0.767345
-0.422049,-1.38189,-0.608528,0.685092,0.0748225,0.0306547,-2.26,-0.420001,-1.29908,-0.000965244,-0.286873,-1.92114,-1.52489,-1.01566,-0.0900094,0.118563,-0.933245,-0.113567,-0.263082,0.736632
1.14045,-0.139684,-0.370783,1.09024,1.921,0.890775,-1.61429,1.85581,0.283206,0.630721,0.696575,0.904104,-2.4454,0.253546,1.64852,0.621557,-0.122007,0.762272,-2.46466,-0.369745
-2.13952,-0.00308828,-1.93025,1.49832,2.19738,0.930991,-1.79795,-1.4911,-0.409674,-2.55276,-2.71651,0.698353,-0.518019,-0.71209,-1.14607,-2.25915,0.214345,1.11061,-1.08014,0.265739
-2.72566,-0.465551,-0.671541,0.23047,0.582197,0.384338,-2.19512,-2.02865,-0.630493,-1.61257,-1.91944,-0.859461,0.772663,-0.337572,-2.23617,-1.72028,0.118869,0.559535,-0.201853,0.578757
1.32566,-0.681235,1.95238,0.407355,1.31447,0.156184,-2.60381,0.975845,0.0799532,2.27295,1.74512,0.0515553,-1.28765,0.343964,0.443327,0.308379,0.208556,0.124076,-2.34259,0.0133996
0.0704752,2.29127,-0.760105,0.270786,2.05604,0.964831,0.911602,-1.56074,0.381018,-0.586474,-1.39542,2.61192,0.433133,-0.115945,-0.375098,-2.22597,0.713625,0.980944,-0.719862,0.462429
-2.50218,1.25172,-1.99205,0.0960758,2.13818,2.62203,-1.89357,0.44939,0.696176,-1.09039,-1.35826,0.581341,-0.55422,0.279525,-0.265205,-1.73783,0.681585,2.49659,-2.51237,-0.265593
-1.24359,2.2184,-0.608223,0.112721,1.15278,0.469435,1.3711,-2.67161,0.00701143,-1.07523,-1.51775,2.17301,1.22329,0.69342,-1.2855,-1.31536,-0.0624818,0.373702,0.619861,1.39879
-0.100645,0.687254,0.739343,1.39386,2.23844,1.8175,-1.89666,2.4468,0.95072,1.18937,1.75967,1.46457,-1.77873,1.40535,1.04058,1.28462,0.126411,1.11859,-2.86209,-0.291275
-1.82917,0.876265,-0.543391,0.884628,0.69203,1.79551,-0.590029,0.291209,-0.0168828,-0.0754504,0.0574949,-0.321071,-0.288385,-0.349493,-0.25373,-0.443456,-0.0347571,0.99055,-0.348083,0.385614
-1.504,-0.511031,0.276457,0.477733,-1.13937,0.667632,0.00287993,2.12159,0.377331,0.13771,1.50721,-1.20238,-0.20431,0.863776,0.409817,2.32843,-0.534456,-0.051981,0.480152,-0.352467
-1.77268,-0.408555,1.60891,1.64499,-0.339494,0.891163,-0.412927,1.23725,0.0300766,0.975938,1.89326,-1.12367,-0.00136947,0.0566414,-0.211109,1.14719,-0.308298,-0.195079,0.50248,0.321284
2.3887,0.308242,1.20208,1.85521,1.43384,-0.0113621,0.132787,1.83771,0.341784,1.24554,1.94249,2.08314,-1.96263,0.811345,1.71939,2.13419,-0.434328,-0.584936,-1.07,-0.0725323