0.730953,-3.00434,0.601321,0.0450723,-0.980162,-1.84084,-1.57499,0.211259,-0.715073,-0.126092,-0.0819972,-2.01089,-0.522298,-0.813762,-0.00373377,0.227729,-0.190693,-1.0745,0.130461,-0.587889
0.17954,-0.235473,1.58945,0.509011,-1.01255,0.0829245,0.211678,0.352649,-0.571409,1.95174,1.94858,-1.46263,-0.143955,-0.592917,0.212076,0.954189,-0.58588,-0.730846,1.04232,0.767339
-0.427011,-1.38511,-0.608513,0.684744,0.0722045,0.0319963,-2.26,-0.419974,-1.29911,-0.00318837,-0.28921,-1.92114,-1.52485,-1.01569,-0.0934092,0.118591,-0.93325,-0.113298,-0.262613,0.736637
1.14568,-0.13595,-0.36345,1.09228,1.92092,0.89444,-1.61849,1.8558,0.282709,0.634127,0.69895,0.906008,-2.44547,0.252781,1.6485,0.626467,-0.120424,0.761916,-2.46465,-0.373007
-2.13951,0.00349806,-1.93029,1.49833,2.19737,0.939329,-1.79796,-1.49582,-0.410086,-2.55279,-2.71643,0.699633,-0.518888,-0.712051,-1.15119,-2.25921,0.213497,1.11691,-1.0811,0.269099
-2.72568,-0.470098,-0.676827,0.231803,0.583152,0.385618,-2.19511,-2.02867,-0.630464,-1.61259,-1.91945,-0.862134,0.768702,-0.339831,-2.23617,-1.72986,0.118864,0.565363,-0.206457,0.581151
1.32566,-0.683864,1.95237,0.419306,1.31431,0.161407,-2.60385,0.991975,0.0801272,2.27299,1.75257,0.051561,-1.2936,0.342493,0.449154,0.314633,0.207962,0.123057,-2.34259,0.00808544
0.0689695,2.29129,-0.764244,0.268753,2.05599,0.965189,0.91158,-1.5635,0.381006,-0.595805,-1.40168,2.61194,0.433295,-0.115968,-0.375098,-2.22596,0.712739,0.980966,-0.719957,0.461809
-2.5022,1.25707,-1.99204,0.099638,2.13815,2.62203,-1.89359,0.440884,0.696209,-1.10295,-1.36368,0.586591,-0.548929,0.279497,-0.267397,-1.73783,0.681575,2.49658,-2.51237,-0.267861
-1.2436,2.2184,-0.6148,0.115277,1.15277,0.471177,1.3711,-2.67161,0.00752573,-1.08191,-1.51776,2.17302,1.22328,0.693414,-1.29086,-1.31563,-0.0624777,0.37405,0.62425,1.39879
-0.0982534,0.688466,0.7411,1.40098,2.23869,1.81748,-1.89659,2.44681,0.950604,1.1893,1.75976,1.46444,-1.77861,1.40535,1.04341,1.28469,0.12686,1.11953,-2.86115,-0.293276
-1.82917,0.878356,-0.542555,0.884659,0.695126,1.7955,-0.592419,0.288964,-0.0168881,-0.0769447,0.0539158,-0.319186,-0.289903,-0.349473,-0.25073,-0.44486,-0.0358901,0.991828,-0.356495,0.387078
-1.50399,-0.509319,0.281646,0.480649,-1.13954,0.667066,0.0015144,2.12155,0.377397,0.147028,1.51289,-1.20618,-0.203204,0.863775,0.411018,2.32837,-0.534475,-0.0507192,0.478866,-0.350558
-1.7727,-0.402945,1.60895,1.64498,-0.339881,0.892016,-0.412938,1.23729,0.0281538,0.978958,1.89315,-1.12365,0.00138327,0.0565136,-0.2146,1.14722,-0.309597,-0.194832,0.499326,0.323734
2.38868,0.308712,1.20789,1.85522,1.4359,-0.0107115,0.1317,1.83718,0.343479,1.25366,1.94246,2.08318,-1.96267,0.815593,1.71941,2.13418,-0.432208,-0.582784,-1.07001,-0.0716431