0.735903,-3.00432,0.599616,0.0345135,-0.986449,-1.84086,-1.57501,0.206707,-0.71968,-0.12082,-0.0819821,-2.0109,-0.519136,-0.813759,-0.0148511,0.227719,-0.190766,-1.07451,0.136177,-0.586453
0.182501,-0.242537,1.59316,0.509019,-1.01754,0.0720527,0.213234,0.359866,-0.575037,1.95171,1.94863,-1.46266,-0.144629,-0.592866,0.213331,0.964217,-0.5904,-0.744219,1.04235,0.767325
-0.435098,-1.39031,-0.608507,0.684143,0.0683281,0.0342348,-2.26002,-0.41997,-1.29912,-0.006698,-0.293288,-1.92114,-1.52482,-1.01571,-0.0990121,0.118598,-0.933253,-0.112808,-0.26187,0.736638
1.15425,-0.129584,-0.351216,1.09559,1.92087,0.900605,-1.62537,1.85581,0.282128,0.639723,0.702695,0.909322,-2.44551,0.251652,1.64846,0.634359,-0.117746,0.761329,-2.46468,-0.378419
-2.13951,0.0142963,-1.9303,1.49832,2.19739,0.95293,-1.79795,-1.50368,-0.410703,-2.5528,-2.7164,0.701553,-0.52022,-0.712034,-1.15931,-2.25923,0.212114,1.12717,-1.0828,0.274627
-2.72568,-0.477505,-0.685526,0.233983,0.584799,0.387849,-2.19511,-2.02868,-0.630469,-1.61261,-1.91945,-0.866357,0.762067,-0.34368,-2.23618,-1.74515,0.118853,0.574821,-0.214061,0.585011
1.32566,-0.68825,1.95238,0.439214,1.31424,0.170157,-2.60386,1.01838,0.0806827,2.27299,1.76455,0.0519035,-1.30392,0.33999,0.45887,0.324948,0.206985,0.121372,-2.3426,-0.000684537
0.0665936,2.29131,-0.77089,0.265573,2.05591,0.965738,0.911544,-1.56809,0.381178,-0.611287,-1.41186,2.61197,0.433805,-0.115942,-0.375112,-2.22601,0.711351,0.980966,-0.720073,0.460584
-2.5022,1.26587,-1.99203,0.105536,2.13816,2.62205,-1.89361,0.42686,0.696198,-1.1236,-1.37276,0.595357,-0.540439,0.279519,-0.271178,-1.73784,0.681588,2.49659,-2.51233,-0.271596
-1.24361,2.21841,-0.625612,0.119607,1.15276,0.47407,1.37111,-2.67161,0.00836832,-1.0929,-1.51778,2.17301,1.22327,0.693397,-1.29934,-1.31603,-0.0624741,0.374797,0.631422,1.39879
-0.094224,0.69046,0.744128,1.41225,2.23879,1.81746,-1.89658,2.44679,0.950618,1.18928,1.75979,1.46441,-1.77857,1.40532,1.04804,1.28474,0.127625,1.12098,-2.85971,-0.296623
-1.82917,0.881873,-0.541215,0.884677,0.70025,1.79548,-0.596479,0.285268,-0.0168712,-0.0794466,0.0479435,-0.316125,-0.292355,-0.349488,-0.24601,-0.447182,-0.0376732,0.993888,-0.370287,0.389297
-1.50397,-0.506319,0.290247,0.485479,-1.13965,0.666141,-0.000902135,2.12157,0.377372,0.162464,1.52222,-1.21195,-0.201606,0.863812,0.412948,2.3283,-0.534501,-0.0486575,0.476413,-0.347261
-1.77272,-0.393625,1.60897,1.64496,-0.340699,0.893439,-0.412947,1.2373,0.0250989,0.984196,1.89311,-1.12364,0.00565751,0.0561736,-0.220155,1.14726,-0.311579,-0.194404,0.49419,0.327801
2.38867,0.309611,1.21747,1.85523,1.43909,-0.00956374,0.129659,1.8362,0.346351,1.26691,1.94246,2.08319,-1.96266,0.822413,1.71944,2.13416,-0.428944,-0.579463,-1.06999,-0.0700991