0.736888,-3.00431,0.599284,0.0324204,-0.987713,-1.84086,-1.57502,0.205792,-0.720575,-0.119763,-0.0819829,-2.0109,-0.518499,-0.813761,-0.0170632,0.227718,-0.190747,-1.07451,0.137344,-0.586168
0.18311,-0.243948,1.59388,0.509024,-1.01848,0.0698827,0.213524,0.36127,-0.575749,1.95172,1.94862,-1.46266,-0.144789,-0.592858,0.213566,0.966154,-0.591276,-0.746849,1.04235,0.767321
-0.436687,-1.39132,-0.608507,0.684028,0.0676011,0.0346882,-2.26002,-0.419972,-1.29912,-0.00737554,-0.294119,-1.92114,-1.52482,-1.01571,-0.100117,0.118596,-0.933252,-0.112709,-0.261719,0.736639
1.15594,-0.128287,-0.348769,1.09625,1.92088,0.90184,-1.62671,1.85582,0.282026,0.640832,0.703406,0.910003,-2.4455,0.251442,1.64846,0.635898,-0.117213,0.761208,-2.46468,-0.379488
-2.13951,0.0164272,-1.9303,1.49832,2.19739,0.955608,-1.79795,-1.50525,-0.410815,-2.55279,-2.71641,0.701903,-0.520466,-0.712031,-1.16088,-2.25923,0.211843,1.12919,-1.08316,0.275722
-2.72568,-0.478965,-0.687257,0.234423,0.585124,0.388311,-2.19511,-2.02868,-0.630472,-1.61262,-1.91945,-0.867166,0.760739,-0.344444,-2.23617,-1.74812,0.11885,0.576674,-0.215576,0.585767
1.32566,-0.689124,1.95238,0.443188,1.31425,0.171917,-2.60386,1.02361,0.0807969,2.27299,1.76688,0.0520134,-1.30603,0.339495,0.460812,0.326989,0.206789,0.121038,-2.3426,-0.00242503
0.0661483,2.29131,-0.772191,0.264997,2.05591,0.965852,0.911541,-1.56898,0.38121,-0.614374,-1.41384,2.61197,0.433923,-0.115942,-0.375115,-2.22601,0.711074,0.980964,-0.720084,0.460311
-2.5022,1.26761,-1.99204,0.106705,2.13816,2.62205,-1.89361,0.424087,0.696192,-1.12769,-1.37458,0.597097,-0.538784,0.279522,-0.271942,-1.73784,0.68159,2.49659,-2.51233,-0.272342
-1.24361,2.21841,-0.627752,0.120479,1.15276,0.474641,1.37111,-2.67161,0.00853731,-1.09507,-1.51778,2.17301,1.22327,0.693393,-1.30097,-1.31609,-0.0624737,0.374969,0.632834,1.39879
-0.0934239,0.690856,0.744742,1.41442,2.23877,1.81746,-1.89658,2.44679,0.950629,1.18929,1.75978,1.46442,-1.77858,1.40531,1.04896,1.28474,0.12778,1.12126,-2.85944,-0.297296
-1.82917,0.882583,-0.540955,0.884678,0.701275,1.79548,-0.5973,0.284534,-0.0168673,-0.0799535,0.0467555,-0.315523,-0.292833,-0.349492,-0.245107,-0.447637,-0.0380209,0.994288,-0.373022,0.389715
-1.50397,-0.505683,0.291962,0.486458,-1.13964,0.665969,-0.0014136,2.12157,0.377364,0.165528,1.52407,-1.21301,-0.201329,0.863812,0.413323,2.3283,-0.534503,-0.0482647,0.475878,-0.346585
-1.77272,-0.391767,1.60897,1.64496,-0.340879,0.893722,-0.412949,1.23729,0.0245137,0.985269,1.89311,-1.12364,0.00646949,0.056077,-0.221231,1.14726,-0.311945,-0.194315,0.493172,0.32861
2.38868,0.3098,1.21937,1.85523,1.43972,-0.00932123,0.129215,1.83601,0.346909,1.26951,1.94247,2.08318,-1.96266,0.823769,1.71945,2.13416,-0.428322,-0.578828,-1.07,-0.0697849