0.73787,-3.00431,0.598956,0.0303344,-0.988988,-1.84086,-1.57502,0.204876,-0.721458,-0.118702,-0.0819842,-2.01089,-0.517863,-0.813764,-0.0192717,0.227719,-0.190718,-1.07451,0.138517,-0.585882
0.183721,-0.245359,1.5946,0.509029,-1.01941,0.0677164,0.213807,0.362666,-0.576458,1.95173,1.94861,-1.46266,-0.144956,-0.592851,0.213798,0.968076,-0.592143,-0.749465,1.04236,0.767317
-0.438264,-1.39233,-0.608507,0.683914,0.066883,0.0351442,-2.26002,-0.419973,-1.29912,-0.00805035,-0.294946,-1.92114,-1.52482,-1.01571,-0.10122,0.118595,-0.933252,-0.112611,-0.261568,0.736639
1.15762,-0.126982,-0.346326,1.0969,1.92088,0.903073,-1.62804,1.85582,0.281922,0.641932,0.704112,0.910685,-2.4455,0.251236,1.64846,0.637427,-0.116684,0.761085,-2.46468,-0.380552
-2.13951,0.0185481,-1.9303,1.49832,2.19739,0.958273,-1.79795,-1.50682,-0.410923,-2.55278,-2.71642,0.702244,-0.520707,-0.712027,-1.16243,-2.25923,0.211575,1.13121,-1.08353,0.276811
-2.72568,-0.480419,-0.688987,0.234866,0.585451,0.388777,-2.19511,-2.02868,-0.630474,-1.61263,-1.91945,-0.867964,0.759419,-0.345205,-2.23617,-1.75106,0.118846,0.578516,-0.21709,0.586518
1.32566,-0.689997,1.95238,0.447149,1.31426,0.173676,-2.60385,1.02882,0.0809041,2.27299,1.7692,0.0521222,-1.30815,0.338999,0.462751,0.32903,0.206593,0.120705,-2.3426,-0.00416214
0.0657124,2.29132,-0.773484,0.264435,2.05591,0.965966,0.911539,-1.56987,0.381239,-0.61746,-1.41581,2.61197,0.434045,-0.115944,-0.375119,-2.22601,0.710799,0.980964,-0.720088,0.460028
-2.5022,1.26935,-1.99204,0.107873,2.13816,2.62205,-1.89361,0.421324,0.696187,-1.13177,-1.3764,0.598827,-0.537138,0.279525,-0.272708,-1.73784,0.681591,2.49659,-2.51233,-0.273089
-1.24361,2.21841,-0.629884,0.121352,1.15276,0.475209,1.37112,-2.67161,0.00870575,-1.09725,-1.51778,2.17301,1.22327,0.69339,-1.30258,-1.31616,-0.0624734,0.375147,0.634237,1.39879
-0.0926309,0.691252,0.745364,1.41658,2.23875,1.81746,-1.89659,2.44679,0.950637,1.1893,1.75977,1.46443,-1.77859,1.40531,1.04987,1.28474,0.127935,1.12152,-2.85918,-0.297968
-1.82917,0.883295,-0.540696,0.88468,0.7023,1.79548,-0.598124,0.283801,-0.0168639,-0.080468,0.0455742,-0.314923,-0.293308,-0.349496,-0.244215,-0.448089,-0.0383675,0.994684,-0.37575,0.390128
-1.50397,-0.505036,0.293675,0.487431,-1.13963,0.665799,-0.00192717,2.12158,0.377359,0.168585,1.5259,-1.21406,-0.201056,0.863809,0.413694,2.3283,-0.534505,-0.0478805,0.475333,-0.345905
-1.77272,-0.389911,1.60897,1.64496,-0.341065,0.894004,-0.412952,1.23729,0.0239368,0.986337,1.89312,-1.12364,0.00726822,0.055975,-0.222294,1.14726,-0.312302,-0.194226,0.492154,0.329417
2.38868,0.309993,1.22126,1.85523,1.44035,-0.00907714,0.128764,1.83581,0.347454,1.2721,1.94247,2.08318,-1.96265,0.825124,1.71945,2.13416,-0.427711,-0.578203,-1.07,-0.0694693