0.739822,-3.00431,0.598312,0.0261829,-0.991567,-1.84086,-1.57502,0.203048,-0.723196,-0.116562,-0.0819868,-2.01089,-0.516599,-0.81377,-0.02368,0.227722,-0.190632,-1.07451,0.140881,-0.585306
0.184941,-0.248181,1.59604,0.509038,-1.02126,0.0633969,0.214347,0.365445,-0.577866,1.95174,1.94859,-1.46266,-0.145313,-0.592837,0.21425,0.971879,-0.593852,-0.754654,1.04236,0.76731
-0.441387,-1.3943,-0.608506,0.683694,0.0654695,0.0360633,-2.26002,-0.419975,-1.29913,-0.00939603,-0.296577,-1.92113,-1.52482,-1.01572,-0.103423,0.118595,-0.933251,-0.112417,-0.261267,0.736641
1.16097,-0.124349,-0.341449,1.09818,1.92089,0.905532,-1.63067,1.85582,0.28171,0.644104,0.705513,0.91204,-2.4455,0.250838,1.64846,0.640456,-0.115635,0.760835,-2.46468,-0.382667
-2.13951,0.0227618,-1.9303,1.49831,2.1974,0.963565,-1.79795,-1.50994,-0.411124,-2.55277,-2.71643,0.702899,-0.521176,-0.712018,-1.16549,-2.25924,0.211045,1.13522,-1.08427,0.278974
-2.72569,-0.483307,-0.692449,0.235756,0.586116,0.38972,-2.1951,-2.02868,-0.630475,-1.61264,-1.91944,-0.86953,0.756806,-0.34672,-2.23616,-1.75687,0.118841,0.582167,-0.220108,0.588006
1.32566,-0.691741,1.95238,0.455027,1.31427,0.177188,-2.60385,1.0392,0.0810984,2.27298,1.77379,0.0523213,-1.3124,0.338003,0.466621,0.333125,0.206207,0.120046,-2.3426,-0.00762748
0.0648654,2.29132,-0.776047,0.263344,2.05592,0.966196,0.911536,-1.57161,0.381292,-0.623624,-1.41969,2.61197,0.434305,-0.115954,-0.375128,-2.226,0.710258,0.980967,-0.72007,0.459432
-2.5022,1.2728,-1.99204,0.110205,2.13816,2.62205,-1.89361,0.415829,0.69618,-1.13989,-1.38001,0.602252,-0.53387,0.279528,-0.274253,-1.73785,0.681593,2.49659,-2.51233,-0.274585
-1.24362,2.21841,-0.634127,0.1231,1.15276,0.476335,1.37112,-2.67161,0.00903953,-1.10157,-1.51779,2.17301,1.22327,0.693385,-1.30575,-1.31628,-0.0624726,0.375519,0.637017,1.39879
-0.091068,0.692042,0.746639,1.42086,2.23873,1.81747,-1.8966,2.44679,0.950643,1.18931,1.75975,1.46444,-1.77859,1.40531,1.05168,1.28475,0.128245,1.12202,-2.85868,-0.299309
-1.82917,0.884722,-0.540177,0.884685,0.704356,1.79548,-0.599783,0.282339,-0.0168588,-0.0815238,0.0432342,-0.313731,-0.294245,-0.3495,-0.242465,-0.448986,-0.0390574,0.995464,-0.381182,0.390938
-1.50397,-0.503713,0.2971,0.489344,-1.13961,0.665459,-0.00295012,2.12158,0.377355,0.174681,1.52954,-1.21613,-0.20051,0.8638,0.414422,2.32831,-0.534509,-0.0471366,0.474221,-0.344537
-1.77272,-0.386202,1.60898,1.64496,-0.341449,0.894559,-0.412957,1.23729,0.022806,0.98845,1.89313,-1.12364,0.00882688,0.0557602,-0.224388,1.14726,-0.31299,-0.194045,0.490121,0.331026
2.38868,0.310388,1.22501,1.85523,1.44165,-0.00858858,0.127845,1.83541,0.348504,1.27719,1.94249,2.08317,-1.96264,0.827826,1.71946,2.13416,-0.426518,-0.576978,-1.07001,-0.0688328