0.740792,-3.0043,0.597998,0.0241167,-0.992869,-1.84086,-1.57503,0.202135,-0.72405,-0.115481,-0.0819876,-2.01089,-0.51597,-0.813773,-0.0258811,0.227725,-0.190574,-1.07451,0.142068,-0.585017
0.18555,-0.249591,1.59676,0.509042,-1.02217,0.061244,0.214606,0.366826,-0.578564,1.95174,1.94859,-1.46267,-0.145501,-0.592829,0.214472,0.973762,-0.594693,-0.757229,1.04237,0.767307
-0.442933,-1.39527,-0.608505,0.683585,0.0647737,0.036526,-2.26002,-0.419975,-1.29913,-0.0100675,-0.297382,-1.92113,-1.52482,-1.01573,-0.104524,0.118596,-0.933251,-0.11232,-0.261119,0.736642
1.16264,-0.123022,-0.339017,1.09881,1.92089,0.906757,-1.63197,1.85582,0.281603,0.645174,0.706211,0.912711,-2.4455,0.250647,1.64846,0.641957,-0.115116,0.760709,-2.46467,-0.383718
-2.13952,0.0248556,-1.93031,1.49831,2.1974,0.966192,-1.79795,-1.51149,-0.411218,-2.55277,-2.71643,0.703214,-0.521404,-0.712012,-1.16699,-2.25925,0.210784,1.13721,-1.08464,0.280047
-2.72569,-0.484742,-0.69418,0.236204,0.586455,0.390196,-2.1951,-2.02869,-0.630475,-1.61265,-1.91944,-0.870299,0.755514,-0.347476,-2.23616,-1.75973,0.118838,0.583978,-0.221613,0.588743
1.32566,-0.692612,1.95238,0.458942,1.31428,0.178939,-2.60385,1.04436,0.0811877,2.27298,1.77608,0.0524084,-1.31453,0.3375,0.468552,0.335182,0.206015,0.119718,-2.3426,-0.00935596
0.0644529,2.29132,-0.777316,0.262811,2.05592,0.966311,0.911534,-1.57247,0.381318,-0.626703,-1.42161,2.61197,0.434446,-0.11596,-0.375132,-2.22599,0.709994,0.980969,-0.720048,0.459119
-2.5022,1.27452,-1.99204,0.111371,2.13816,2.62205,-1.89361,0.413095,0.696178,-1.14393,-1.38181,0.603946,-0.532249,0.27953,-0.275033,-1.73785,0.681594,2.49659,-2.51233,-0.275334
-1.24362,2.21841,-0.636238,0.123975,1.15276,0.476895,1.37112,-2.67161,0.00920431,-1.10373,-1.51779,2.17301,1.22327,0.693383,-1.3073,-1.31633,-0.0624722,0.375713,0.638395,1.39879
-0.0902972,0.692437,0.747295,1.42298,2.23873,1.81747,-1.8966,2.44679,0.950643,1.18932,1.75975,1.46445,-1.7786,1.40531,1.05258,1.28475,0.1284,1.12225,-2.85844,-0.299979
-1.82917,0.885436,-0.539917,0.884688,0.705386,1.79548,-0.600618,0.281609,-0.0168569,-0.0820659,0.0420753,-0.313138,-0.294709,-0.3495,-0.241605,-0.449433,-0.0394002,0.995848,-0.383884,0.391335
-1.50396,-0.503039,0.298811,0.49028,-1.1396,0.665287,-0.00345635,2.12158,0.377355,0.177719,1.53134,-1.21716,-0.200235,0.863796,0.414779,2.32831,-0.534511,-0.0467753,0.473656,-0.343849
-1.77272,-0.384349,1.60898,1.64495,-0.341647,0.894832,-0.41296,1.23729,0.0222512,0.989492,1.89313,-1.12364,0.00958725,0.055649,-0.225418,1.14727,-0.313321,-0.193953,0.489106,0.331828
2.38867,0.31059,1.22687,1.85523,1.44231,-0.00834542,0.12738,1.83521,0.349011,1.2797,1.94249,2.08317,-1.96264,0.829173,1.71947,2.13416,-0.425937,-0.576378,-1.07002,-0.0685116