0.74464,-3.00429,0.596785,0.0159075,-0.998128,-1.84087,-1.57504,0.198487,-0.727382,-0.111094,-0.0819866,-2.01089,-0.513451,-0.813785,-0.0346702,0.227734,-0.19025,-1.07452,0.146843,-0.583851
0.187986,-0.255224,1.59964,0.509053,-1.02578,0.0526752,0.215567,0.372293,-0.581319,1.95175,1.9486,-1.46268,-0.146321,-0.592798,0.215325,0.981167,-0.597977,-0.767398,1.04238,0.767292
-0.449018,-1.39908,-0.6085,0.683159,0.0620702,0.0383938,-2.26002,-0.419974,-1.29913,-0.0127351,-0.300538,-1.92113,-1.52481,-1.01575,-0.108935,0.118606,-0.93325,-0.111924,-0.260548,0.736647
1.16925,-0.11765,-0.329333,1.10125,1.92089,0.911634,-1.63708,1.85583,0.281183,0.649371,0.708972,0.915351,-2.44551,0.249936,1.64844,0.647871,-0.11307,0.760191,-2.46467,-0.387887
-2.13952,0.0331531,-1.93032,1.49831,2.1974,0.976579,-1.79796,-1.51765,-0.411553,-2.55276,-2.71643,0.7044,-0.522273,-0.711991,-1.17288,-2.25927,0.209763,1.1451,-1.08617,0.28428
-2.72569,-0.490426,-0.701093,0.238008,0.587852,0.392138,-2.1951,-2.0287,-0.630474,-1.61267,-1.91943,-0.873282,0.750422,-0.350498,-2.23615,-1.7709,0.11883,0.591127,-0.227603,0.591642
1.32566,-0.696093,1.95238,0.474446,1.31427,0.185908,-2.60385,1.06485,0.0815248,2.27298,1.7851,0.0526874,-1.32307,0.335463,0.47625,0.343464,0.205264,0.118424,-2.3426,-0.0162402
0.0628639,2.29133,-0.782308,0.260728,2.05593,0.96676,0.911525,-1.57587,0.381442,-0.638982,-1.42911,2.61198,0.435087,-0.115981,-0.375146,-2.22598,0.708988,0.980977,-0.719886,0.457777
-2.5022,1.28134,-1.99204,0.116034,2.13816,2.62206,-1.89361,0.402257,0.69617,-1.15999,-1.38892,0.610603,-0.525851,0.279537,-0.278195,-1.73786,0.681598,2.49659,-2.51233,-0.278325
-1.24363,2.21841,-0.644621,0.12749,1.15276,0.479112,1.37113,-2.6716,0.00984623,-1.11229,-1.51781,2.17301,1.22326,0.693375,-1.31333,-1.31651,-0.0624709,0.376522,0.643826,1.39879
-0.0872608,0.694022,0.750025,1.43136,2.23874,1.81747,-1.8966,2.44678,0.950639,1.18932,1.75974,1.46445,-1.77859,1.40531,1.05609,1.28477,0.129031,1.12314,-2.85753,-0.302649
-1.82917,0.888294,-0.53887,0.884702,0.709499,1.79547,-0.603991,0.278703,-0.0168493,-0.0843189,0.0374992,-0.310796,-0.296532,-0.349503,-0.23827,-0.451218,-0.0407508,0.997355,-0.394604,0.39287
-1.50396,-0.500275,0.305647,0.493884,-1.13961,0.664585,-0.00544269,2.12158,0.377355,0.189819,1.53843,-1.22121,-0.19912,0.863783,0.416157,2.32831,-0.53452,-0.0453841,0.471325,-0.341078
-1.77272,-0.376948,1.60899,1.64494,-0.342476,0.895887,-0.412968,1.2373,0.0200952,0.993588,1.89312,-1.12363,0.0125075,0.0551782,-0.229431,1.14728,-0.314577,-0.19359,0.485064,0.335026
2.38867,0.311432,1.23424,1.85524,1.44497,-0.00738399,0.125491,1.83437,0.350947,1.28953,1.9425,2.08317,-1.96264,0.834522,1.71949,2.13415,-0.423718,-0.574069,-1.07003,-0.0672036