0.747496,-3.00428,0.595917,0.0098027,-1.00209,-1.84088,-1.57504,0.195756,-0.729799,-0.107739,-0.0819844,-2.0109,-0.51155,-0.813791,-0.0412427,0.227737,-0.189918,-1.07452,0.150451,-0.582972
0.18982,-0.259437,1.60178,0.509061,-1.02841,0.0462897,0.216215,0.376316,-0.583343,1.95175,1.9486,-1.46269,-0.147002,-0.592775,0.21593,0.986569,-0.600356,-0.774893,1.0424,0.767282
-0.453483,-1.40184,-0.608496,0.682843,0.0601272,0.0398129,-2.26003,-0.419975,-1.29914,-0.0147041,-0.30287,-1.92113,-1.5248,-1.01576,-0.112238,0.118611,-0.933249,-0.111615,-0.260146,0.736649
1.17415,-0.113558,-0.32211,1.103,1.92088,0.915263,-1.64082,1.85584,0.280885,0.652447,0.710991,0.91729,-2.44552,0.249464,1.64843,0.65221,-0.111567,0.759786,-2.46467,-0.390974
-2.13952,0.0392992,-1.93032,1.49831,2.1974,0.984243,-1.79796,-1.52221,-0.411767,-2.55275,-2.71643,0.705214,-0.522874,-0.711977,-1.17714,-2.25928,0.209018,1.15093,-1.08734,0.287394
-2.7257,-0.494636,-0.70626,0.239376,0.588924,0.39363,-2.1951,-2.0287,-0.630474,-1.61269,-1.91943,-0.87542,0.746661,-0.352764,-2.23615,-1.77901,0.118823,0.596399,-0.232061,0.59377
1.32566,-0.698703,1.95239,0.485935,1.31425,0.191102,-2.60385,1.08005,0.0817729,2.27299,1.79173,0.0528565,-1.32952,0.333921,0.481998,0.34971,0.204711,0.117466,-2.34261,-0.0213687
0.0617323,2.29134,-0.785961,0.259228,2.05592,0.967089,0.911515,-1.57839,0.38156,-0.648149,-1.43457,2.61199,0.435648,-0.115988,-0.375155,-2.22597,0.708282,0.980981,-0.7197,0.456684
-2.50221,1.2864,-1.99204,0.119522,2.13816,2.62206,-1.89362,0.394234,0.696163,-1.17191,-1.39422,0.615474,-0.521159,0.279543,-0.280603,-1.73787,0.681601,2.49659,-2.51233,-0.280564
-1.24363,2.21841,-0.650848,0.130139,1.15275,0.480748,1.37114,-2.6716,0.0103098,-1.11864,-1.51782,2.17301,1.22326,0.693368,-1.31766,-1.31662,-0.0624701,0.37716,0.647818,1.39879
-0.0850088,0.695226,0.752164,1.43749,2.23875,1.81747,-1.8966,2.44678,0.950642,1.18932,1.75974,1.46445,-1.77858,1.4053,1.05865,1.28479,0.129514,1.12373,-2.85691,-0.304649
-1.82917,0.890439,-0.538082,0.884713,0.71257,1.79547,-0.606554,0.276533,-0.016842,-0.0860809,0.0341162,-0.309074,-0.29787,-0.349507,-0.235873,-0.452557,-0.041737,0.998456,-0.40255,0.393959
-1.50396,-0.498132,0.31076,0.496467,-1.13962,0.664046,-0.00690881,2.12159,0.377351,0.198833,1.54363,-1.22416,-0.198293,0.863781,0.417144,2.3283,-0.534528,-0.0443904,0.469494,-0.338974
-1.77273,-0.371416,1.609,1.64494,-0.34312,0.896643,-0.412974,1.2373,0.0185401,0.99662,1.89312,-1.12363,0.0145774,0.0547921,-0.232332,1.14729,-0.315451,-0.193324,0.482056,0.337415
2.38867,0.312091,1.23968,1.85524,1.44698,-0.00667368,0.124039,1.83371,0.352322,1.29668,1.94251,2.08317,-1.96263,0.838501,1.7195,2.13414,-0.422158,-0.572426,-1.07004,-0.0661986