0.748442,-3.00428,0.595634,0.00777743,-1.00342,-1.84088,-1.57505,0.194848,-0.730589,-0.106609,-0.081984,-2.0109,-0.510913,-0.813793,-0.043429,0.227738,-0.189793,-1.07452,0.15166,-0.582678
0.190433,-0.26084,1.60249,0.509064,-1.02927,0.0441687,0.216418,0.377642,-0.584011,1.95175,1.9486,-1.46269,-0.147241,-0.592767,0.216126,0.988339,-0.601134,-0.777367,1.0424,0.767279
-0.454953,-1.40274,-0.608495,0.68274,0.0594937,0.0402899,-2.26003,-0.419975,-1.29914,-0.0153532,-0.303644,-1.92113,-1.52479,-1.01577,-0.113338,0.118612,-0.933249,-0.11151,-0.260016,0.73665
1.17577,-0.112183,-0.319709,1.10358,1.92088,0.916467,-1.64205,1.85584,0.280788,0.65346,0.711653,0.91793,-2.44553,0.249319,1.64843,0.653637,-0.111073,0.759647,-2.46467,-0.391994
-2.13952,0.0413332,-1.93032,1.49831,2.1974,0.986774,-1.79796,-1.52373,-0.411832,-2.55275,-2.71643,0.705472,-0.523064,-0.711973,-1.17854,-2.25929,0.208773,1.15285,-1.08773,0.288421
-2.7257,-0.49603,-0.707978,0.239835,0.589283,0.394134,-2.1951,-2.02871,-0.630474,-1.61269,-1.91943,-0.876113,0.745416,-0.353519,-2.23615,-1.78166,0.118821,0.598141,-0.23354,0.59447
1.32566,-0.699573,1.95239,0.489741,1.31425,0.192828,-2.60384,1.08508,0.0818543,2.27299,1.79392,0.0529083,-1.33169,0.333407,0.483909,0.351795,0.204527,0.117149,-2.34261,-0.0230713
0.0613669,2.29134,-0.787163,0.258743,2.05592,0.967198,0.911512,-1.57922,0.381602,-0.651197,-1.43637,2.61199,0.435848,-0.11599,-0.375158,-2.22597,0.708054,0.980982,-0.719626,0.456304
-2.50221,1.28807,-1.99204,0.120681,2.13816,2.62206,-1.89362,0.391581,0.696161,-1.17585,-1.39597,0.617076,-0.519616,0.279545,-0.281411,-1.73787,0.681603,2.49659,-2.51233,-0.281311
-1.24363,2.21841,-0.652912,0.131023,1.15275,0.481288,1.37114,-2.6716,0.0104612,-1.12074,-1.51782,2.17301,1.22326,0.693366,-1.31907,-1.31665,-0.0624699,0.377377,0.649134,1.39879
-0.0842608,0.695632,0.752892,1.43951,2.23875,1.81747,-1.89661,2.44678,0.950643,1.18932,1.75974,1.46445,-1.77858,1.4053,1.05949,1.28479,0.129678,1.12392,-2.85671,-0.305316
-1.82917,0.891155,-0.53782,0.884716,0.71359,1.79547,-0.607414,0.275811,-0.0168394,-0.0866803,0.032997,-0.308506,-0.29831,-0.349509,-0.235094,-0.453003,-0.0420606,0.998817,-0.405181,0.39431
-1.50395,-0.497404,0.312461,0.49731,-1.13963,0.663864,-0.00739577,2.12159,0.377349,0.201825,1.54535,-1.22513,-0.198022,0.86378,0.417465,2.3283,-0.534531,-0.0440691,0.468867,-0.338268
-1.77273,-0.369576,1.609,1.64494,-0.343337,0.896889,-0.412976,1.2373,0.0180329,0.997627,1.89311,-1.12363,0.0152458,0.0546567,-0.23328,1.14729,-0.31573,-0.193237,0.481058,0.338209
2.38867,0.312315,1.24148,1.85525,1.44765,-0.00643911,0.123549,1.83348,0.352766,1.29902,1.94251,2.08317,-1.96263,0.839822,1.71951,2.13414,-0.421656,-0.571894,-1.07004,-0.0658593