0.749386,-3.00428,0.595354,0.00575709,-1.00474,-1.84088,-1.57505,0.193941,-0.731373,-0.105473,-0.0819836,-2.0109,-0.510276,-0.813795,-0.0456128,0.227738,-0.18966,-1.07452,0.152871,-0.582383
0.191047,-0.262242,1.60319,0.509067,-1.03012,0.0420516,0.216614,0.37896,-0.584674,1.95175,1.9486,-1.46269,-0.147486,-0.59276,0.216318,0.990095,-0.601903,-0.779828,1.0424,0.767276
-0.456413,-1.40363,-0.608494,0.682638,0.0588663,0.0407689,-2.26003,-0.419975,-1.29914,-0.0159988,-0.304415,-1.92113,-1.52479,-1.01577,-0.114436,0.118614,-0.933248,-0.111404,-0.259889,0.736651
1.17738,-0.110802,-0.317312,1.10414,1.92088,0.917668,-1.64327,1.85584,0.280692,0.654468,0.712308,0.918565,-2.44553,0.249178,1.64843,0.655056,-0.110582,0.759506,-2.46467,-0.39301
-2.13952,0.0433599,-1.93033,1.49831,2.19741,0.989295,-1.79796,-1.52524,-0.411893,-2.55275,-2.71643,0.705724,-0.523249,-0.711968,-1.17992,-2.25929,0.208531,1.15477,-1.08813,0.289442
-2.7257,-0.497419,-0.709695,0.240296,0.589642,0.394642,-2.1951,-2.02871,-0.630474,-1.6127,-1.91943,-0.876796,0.744175,-0.354273,-2.23614,-1.78428,0.118818,0.599874,-0.235016,0.595167
1.32566,-0.700443,1.95239,0.493535,1.31425,0.194551,-2.60384,1.0901,0.0819347,2.27299,1.79609,0.0529578,-1.33386,0.332894,0.485817,0.353882,0.204344,0.116834,-2.34261,-0.0247703
0.0610076,2.29134,-0.788357,0.258265,2.05591,0.967306,0.911509,-1.58004,0.381645,-0.654241,-1.43815,2.61199,0.436054,-0.115992,-0.375161,-2.22597,0.70783,0.980983,-0.719547,0.455917
-2.50221,1.28974,-1.99204,0.121839,2.13816,2.62207,-1.89362,0.388938,0.696158,-1.17978,-1.39773,0.618665,-0.518083,0.279547,-0.282221,-1.73787,0.681604,2.49659,-2.51232,-0.282057
-1.24364,2.21841,-0.65497,0.131909,1.15275,0.481825,1.37114,-2.6716,0.010611,-1.12284,-1.51782,2.17301,1.22326,0.693363,-1.32047,-1.31667,-0.0624697,0.377596,0.650442,1.39879
-0.0835142,0.696039,0.753627,1.44151,2.23876,1.81747,-1.89661,2.44678,0.950645,1.18933,1.75974,1.46445,-1.77858,1.4053,1.06033,1.2848,0.129844,1.1241,-2.85652,-0.305983
-1.82917,0.891871,-0.537558,0.884719,0.714609,1.79546,-0.608276,0.275089,-0.0168369,-0.0872857,0.0318821,-0.307942,-0.298747,-0.349511,-0.234325,-0.453449,-0.0423817,0.999177,-0.407805,0.394656
-1.50395,-0.496668,0.31416,0.498144,-1.13963,0.663682,-0.00788209,2.12159,0.377347,0.204811,1.54705,-1.22608,-0.197754,0.86378,0.417782,2.3283,-0.534534,-0.0437529,0.468232,-0.337559
-1.77273,-0.367738,1.609,1.64493,-0.343553,0.897132,-0.412978,1.2373,0.0175312,0.998632,1.89311,-1.12363,0.0159037,0.0545181,-0.234218,1.14729,-0.316003,-0.193151,0.480062,0.339002
2.38867,0.31254,1.24328,1.85525,1.44831,-0.00620587,0.123055,1.83325,0.353203,1.30135,1.94252,2.08317,-1.96263,0.841141,1.71951,2.13414,-0.421164,-0.571371,-1.07004,-0.0655178