0.750327,-3.00427,0.595078,0.00374175,-1.00607,-1.84088,-1.57505,0.193036,-0.732149,-0.104332,-0.0819835,-2.0109,-0.509637,-0.813797,-0.0477941,0.227739,-0.18952,-1.07453,0.154085,-0.582088
0.191661,-0.263643,1.60389,0.50907,-1.03096,0.0399384,0.216805,0.380272,-0.585334,1.95175,1.9486,-1.4627,-0.147736,-0.592753,0.216508,0.991836,-0.602666,-0.782278,1.04241,0.767272
-0.457865,-1.40451,-0.608493,0.682537,0.0582445,0.04125,-2.26003,-0.419976,-1.29914,-0.0166409,-0.305184,-1.92112,-1.52479,-1.01578,-0.115533,0.118615,-0.933248,-0.111296,-0.259763,0.736652
1.17899,-0.109416,-0.314919,1.10471,1.92088,0.918866,-1.64448,1.85584,0.280598,0.655469,0.712958,0.919196,-2.44553,0.249044,1.64842,0.656466,-0.110095,0.759363,-2.46467,-0.394022
-2.13952,0.0453792,-1.93033,1.4983,2.19741,0.991804,-1.79796,-1.52674,-0.411951,-2.55274,-2.71643,0.705969,-0.523428,-0.711964,-1.18129,-2.25929,0.20829,1.15668,-1.08853,0.290457
-2.7257,-0.498803,-0.711409,0.240759,0.590002,0.395153,-2.1951,-2.02871,-0.630475,-1.6127,-1.91942,-0.877469,0.742939,-0.355026,-2.23614,-1.78689,0.118816,0.601599,-0.236487,0.595859
1.32566,-0.701313,1.95239,0.497316,1.31425,0.196271,-2.60384,1.0951,0.0820137,2.27298,1.79825,0.0530045,-1.33603,0.332381,0.487723,0.355971,0.20416,0.11652,-2.34261,-0.0264658
0.0606543,2.29134,-0.789543,0.257795,2.05591,0.967415,0.911506,-1.58087,0.381689,-0.65728,-1.43991,2.612,0.436266,-0.115994,-0.375164,-2.22597,0.70761,0.980984,-0.719461,0.455522
-2.50221,1.2914,-1.99204,0.122995,2.13816,2.62207,-1.89362,0.386305,0.696155,-1.1837,-1.39948,0.620243,-0.51656,0.27955,-0.283034,-1.73787,0.681605,2.49659,-2.51232,-0.282802
-1.24364,2.21841,-0.657023,0.132796,1.15275,0.482358,1.37115,-2.6716,0.0107593,-1.12493,-1.51783,2.17301,1.22326,0.693361,-1.32185,-1.31669,-0.0624695,0.377817,0.651742,1.39879
-0.0827687,0.69645,0.75437,1.4435,2.23876,1.81747,-1.89661,2.44677,0.950647,1.18933,1.75974,1.46446,-1.77858,1.4053,1.06115,1.28481,0.13001,1.12427,-2.85633,-0.30665
-1.82917,0.892586,-0.537296,0.884722,0.715627,1.79546,-0.609141,0.274368,-0.0168343,-0.0878971,0.0307717,-0.307381,-0.299182,-0.349512,-0.233565,-0.453894,-0.0427004,0.999533,-0.410419,0.394996
-1.50395,-0.495926,0.315857,0.498969,-1.13963,0.663499,-0.00836771,2.12159,0.377345,0.207791,1.54875,-1.22702,-0.197488,0.863779,0.418096,2.3283,-0.534537,-0.0434422,0.46759,-0.336848
-1.77273,-0.365902,1.60901,1.64493,-0.34377,0.897372,-0.41298,1.2373,0.0170347,0.999635,1.89311,-1.12362,0.0165514,0.0543763,-0.235146,1.1473,-0.31627,-0.193065,0.479068,0.339793
2.38867,0.312767,1.24507,1.85525,1.44898,-0.00597411,0.122559,1.83302,0.353633,1.30365,1.94252,2.08317,-1.96263,0.842457,1.71952,2.13414,-0.42068,-0.570855,-1.07005,-0.0651743