0.751265,-3.00427,0.594804,0.00173143,-1.00739,-1.84088,-1.57505,0.192132,-0.732918,-0.103184,-0.0819834,-2.0109,-0.508997,-0.813799,-0.049973,0.22774,-0.189374,-1.07453,0.155302,-0.581793
0.192275,-0.265044,1.60459,0.509073,-1.0318,0.0378291,0.21699,0.381576,-0.585991,1.95175,1.9486,-1.4627,-0.147991,-0.592746,0.216694,0.993562,-0.60342,-0.784715,1.04241,0.767269
-0.459306,-1.40538,-0.608492,0.682437,0.057628,0.0417332,-2.26003,-0.419976,-1.29914,-0.0172798,-0.30595,-1.92112,-1.52479,-1.01578,-0.11663,0.118616,-0.933248,-0.111188,-0.25964,0.736653
1.18059,-0.108024,-0.31253,1.10526,1.92088,0.920061,-1.64568,1.85585,0.280503,0.656463,0.713602,0.919822,-2.44553,0.248914,1.64842,0.657867,-0.109612,0.759218,-2.46467,-0.395029
-2.13952,0.0473912,-1.93033,1.4983,2.19741,0.994302,-1.79796,-1.52824,-0.412006,-2.55274,-2.71643,0.706208,-0.523602,-0.71196,-1.18264,-2.2593,0.208051,1.15859,-1.08893,0.291467
-2.7257,-0.500184,-0.713123,0.241225,0.590362,0.395668,-2.1951,-2.02871,-0.630475,-1.61271,-1.91942,-0.878133,0.741707,-0.35578,-2.23614,-1.78946,0.118814,0.603317,-0.237956,0.596547
1.32566,-0.702183,1.95239,0.501085,1.31425,0.197988,-2.60384,1.10009,0.0820913,2.27298,1.80039,0.0530482,-1.33821,0.331869,0.489625,0.358061,0.203977,0.116207,-2.34261,-0.0281577
0.0603071,2.29135,-0.790722,0.257334,2.05591,0.967523,0.911503,-1.58168,0.381733,-0.660316,-1.44166,2.612,0.436483,-0.115996,-0.375167,-2.22597,0.707393,0.980985,-0.719369,0.45512
-2.50221,1.29306,-1.99204,0.124149,2.13816,2.62207,-1.89362,0.383683,0.696153,-1.18761,-1.40122,0.621808,-0.515047,0.279552,-0.283849,-1.73788,0.681606,2.49659,-2.51232,-0.283548
-1.24364,2.21841,-0.65907,0.133683,1.15275,0.482889,1.37115,-2.6716,0.010906,-1.12701,-1.51783,2.17301,1.22326,0.693359,-1.32321,-1.31671,-0.0624693,0.378041,0.653034,1.39879
-0.0820245,0.696863,0.75512,1.44547,2.23876,1.81748,-1.89661,2.44677,0.950648,1.18933,1.75973,1.46446,-1.77858,1.4053,1.06197,1.28481,0.130178,1.12444,-2.85615,-0.307317
-1.82917,0.893302,-0.537034,0.884725,0.716643,1.79546,-0.61001,0.273648,-0.0168319,-0.0885146,0.0296658,-0.306823,-0.299615,-0.349514,-0.232815,-0.45434,-0.0430166,0.999888,-0.413025,0.39533
-1.50395,-0.495176,0.317553,0.499786,-1.13963,0.663316,-0.00885246,2.12159,0.377343,0.210764,1.55044,-1.22796,-0.197224,0.863778,0.418405,2.3283,-0.534539,-0.0431368,0.46694,-0.336134
-1.77273,-0.364068,1.60901,1.64493,-0.343987,0.897609,-0.412982,1.2373,0.0165434,1.00063,1.89311,-1.12362,0.0171891,0.0542315,-0.236066,1.1473,-0.316531,-0.192981,0.478076,0.340584
2.38867,0.312996,1.24685,1.85525,1.44965,-0.00574403,0.12206,1.83278,0.354056,1.30594,1.94252,2.08317,-1.96262,0.843772,1.71952,2.13414,-0.420205,-0.570346,-1.07005,-0.0648287