0.752201,-3.00427,0.594534,-0.000273822,-1.00872,-1.84089,-1.57506,0.191231,-0.733681,-0.10203,-0.0819835,-2.0109,-0.508356,-0.813801,-0.0521494,0.227741,-0.189222,-1.07453,0.156521,-0.581497
0.192889,-0.266443,1.60529,0.509076,-1.03262,0.0357239,0.217168,0.382874,-0.586644,1.95175,1.9486,-1.4627,-0.148252,-0.592738,0.216878,0.995275,-0.604168,-0.78714,1.04242,0.767266
-0.460739,-1.40624,-0.608492,0.682339,0.0570164,0.0422184,-2.26003,-0.419977,-1.29915,-0.0179154,-0.306713,-1.92112,-1.52478,-1.01579,-0.117725,0.118618,-0.933247,-0.111079,-0.259519,0.736654
1.18219,-0.106627,-0.310144,1.10581,1.92088,0.921252,-1.64686,1.85585,0.28041,0.657452,0.714241,0.920445,-2.44553,0.24879,1.64842,0.65926,-0.109132,0.759072,-2.46467,-0.396032
-2.13952,0.0493961,-1.93033,1.4983,2.19741,0.996788,-1.79796,-1.52974,-0.412058,-2.55274,-2.71643,0.706441,-0.523771,-0.711956,-1.18399,-2.2593,0.207814,1.16048,-1.08934,0.292471
-2.7257,-0.50156,-0.714834,0.241692,0.590723,0.396186,-2.1951,-2.02872,-0.630475,-1.61272,-1.91942,-0.878787,0.740481,-0.356532,-2.23614,-1.79202,0.118812,0.605027,-0.23942,0.597231
1.32566,-0.703052,1.95239,0.504841,1.31425,0.199702,-2.60384,1.10506,0.0821674,2.27298,1.80252,0.0530887,-1.34039,0.331358,0.491525,0.360153,0.203795,0.115896,-2.34261,-0.0298462
0.0599657,2.29135,-0.791894,0.256879,2.05591,0.967632,0.9115,-1.5825,0.381778,-0.663347,-1.44339,2.612,0.436705,-0.115999,-0.37517,-2.22597,0.707179,0.980986,-0.719271,0.454711
-2.50221,1.29471,-1.99204,0.125302,2.13816,2.62207,-1.89362,0.381072,0.69615,-1.1915,-1.40296,0.623362,-0.513544,0.279554,-0.284666,-1.73788,0.681607,2.49659,-2.51232,-0.284293
-1.24364,2.21842,-0.661112,0.13457,1.15275,0.483416,1.37115,-2.6716,0.0110511,-1.12909,-1.51783,2.17301,1.22325,0.693356,-1.32456,-1.31672,-0.0624692,0.378266,0.654318,1.3988
-0.0812814,0.697279,0.755878,1.44744,2.23876,1.81748,-1.89661,2.44677,0.95065,1.18933,1.75973,1.46446,-1.77858,1.40529,1.06279,1.28482,0.130348,1.1246,-2.85597,-0.307984
-1.82917,0.894017,-0.536772,0.884728,0.717657,1.79546,-0.61088,0.272928,-0.0168295,-0.0891382,0.0285644,-0.306268,-0.300045,-0.349515,-0.232073,-0.454785,-0.0433304,1.00024,-0.415623,0.39566
-1.50395,-0.49442,0.319246,0.500594,-1.13963,0.663131,-0.00933616,2.12159,0.377342,0.213731,1.55211,-1.22888,-0.196963,0.863777,0.418711,2.3283,-0.534542,-0.0428367,0.466283,-0.335419
-1.77274,-0.362236,1.60901,1.64493,-0.344203,0.897842,-0.412984,1.2373,0.0160571,1.00163,1.89311,-1.12362,0.0178169,0.0540838,-0.236976,1.1473,-0.316787,-0.192898,0.477086,0.341373
2.38867,0.313227,1.24862,1.85525,1.45032,-0.00551576,0.121558,1.83254,0.354471,1.30821,1.94253,2.08317,-1.96262,0.845084,1.71953,2.13413,-0.419738,-0.569845,-1.07005,-0.0644811