0.753133,-3.00427,0.594266,-0.00227403,-1.01005,-1.84089,-1.57506,0.190331,-0.734436,-0.10087,-0.0819835,-2.0109,-0.507714,-0.813803,-0.0543233,0.227741,-0.189063,-1.07453,0.157742,-0.5812
0.193504,-0.267842,1.60599,0.509079,-1.03344,0.0336228,0.217341,0.384165,-0.587294,1.95176,1.9486,-1.46271,-0.148517,-0.592731,0.217059,0.996974,-0.604908,-0.789554,1.04242,0.767262
-0.462162,-1.40709,-0.608491,0.682241,0.0564095,0.0427056,-2.26003,-0.419977,-1.29915,-0.018548,-0.307474,-1.92112,-1.52478,-1.01579,-0.11882,0.118619,-0.933247,-0.110969,-0.2594,0.736655
1.18378,-0.105225,-0.307763,1.10635,1.92088,0.922441,-1.64804,1.85585,0.280317,0.658434,0.714875,0.921062,-2.44554,0.248672,1.64842,0.660645,-0.108656,0.758923,-2.46467,-0.39703
-2.13952,0.051394,-1.93033,1.4983,2.19741,0.999264,-1.79796,-1.53123,-0.412106,-2.55273,-2.71643,0.706669,-0.523935,-0.711952,-1.18532,-2.25931,0.207578,1.16237,-1.08975,0.293469
-2.7257,-0.502931,-0.716545,0.242162,0.591083,0.396707,-2.1951,-2.02872,-0.630475,-1.61272,-1.91942,-0.879432,0.739259,-0.357285,-2.23614,-1.79456,0.11881,0.60673,-0.240881,0.597911
1.32566,-0.703922,1.95239,0.508584,1.31425,0.201412,-2.60384,1.11002,0.0822421,2.27298,1.80464,0.0531256,-1.34258,0.330847,0.493422,0.362247,0.203612,0.115585,-2.34261,-0.0315311
0.0596302,2.29135,-0.793058,0.256432,2.05591,0.96774,0.911497,-1.5833,0.381823,-0.666375,-1.44512,2.612,0.436933,-0.116001,-0.375173,-2.22597,0.706969,0.980987,-0.719167,0.454295
-2.50221,1.29635,-1.99204,0.126452,2.13816,2.62207,-1.89362,0.378471,0.696148,-1.19538,-1.4047,0.624903,-0.51205,0.279556,-0.285485,-1.73788,0.681608,2.49659,-2.51232,-0.285039
-1.24364,2.21842,-0.663149,0.135459,1.15275,0.48394,1.37115,-2.6716,0.0111947,-1.13116,-1.51784,2.17301,1.22325,0.693354,-1.32589,-1.31673,-0.062469,0.378493,0.655595,1.3988
-0.0805393,0.697697,0.756643,1.44938,2.23876,1.81748,-1.89661,2.44677,0.950651,1.18933,1.75973,1.46446,-1.77858,1.40529,1.06359,1.28482,0.130519,1.12476,-2.8558,-0.308652
-1.82917,0.894732,-0.536511,0.884731,0.71867,1.79546,-0.611754,0.272208,-0.0168272,-0.089768,0.0274675,-0.305717,-0.300472,-0.349517,-0.231341,-0.455231,-0.0436417,1.00059,-0.418212,0.395984
-1.50395,-0.493656,0.320938,0.501392,-1.13963,0.662946,-0.00981865,2.1216,0.37734,0.216691,1.55378,-1.2298,-0.196703,0.863776,0.419014,2.32829,-0.534544,-0.042542,0.465618,-0.334701
-1.77274,-0.360407,1.60902,1.64493,-0.344418,0.898072,-0.412986,1.2373,0.0155756,1.00262,1.89311,-1.12362,0.018435,0.0539331,-0.237878,1.1473,-0.317038,-0.192815,0.476098,0.342161
2.38866,0.313459,1.25039,1.85525,1.45099,-0.00528946,0.121054,1.8323,0.35488,1.31045,1.94253,2.08317,-1.96262,0.846394,1.71953,2.13413,-0.41928,-0.569351,-1.07005,-0.0641314