0.754064,-3.00426,0.594001,-0.00426923,-1.01137,-1.84089,-1.57506,0.189433,-0.735185,-0.0997032,-0.0819836,-2.0109,-0.50707,-0.813805,-0.0564949,0.227742,-0.188899,-1.07453,0.158964,-0.580903
0.194118,-0.26924,1.60668,0.509082,-1.03426,0.0315259,0.217509,0.38545,-0.58794,1.95176,1.9486,-1.46271,-0.148788,-0.592724,0.217237,0.998659,-0.60564,-0.791956,1.04242,0.767259
-0.463577,-1.40794,-0.60849,0.682145,0.0558071,0.0431947,-2.26003,-0.419978,-1.29915,-0.0191774,-0.308231,-1.92112,-1.52478,-1.01579,-0.119914,0.118621,-0.933247,-0.110857,-0.259283,0.736655
1.18536,-0.103818,-0.305385,1.10689,1.92088,0.923626,-1.64921,1.85585,0.280225,0.65941,0.715504,0.921674,-2.44554,0.248558,1.64841,0.662021,-0.108184,0.758773,-2.46467,-0.398024
-2.13952,0.0533849,-1.93033,1.4983,2.19741,1.00173,-1.79796,-1.53272,-0.412152,-2.55273,-2.71643,0.706891,-0.524093,-0.711947,-1.18665,-2.25931,0.207344,1.16425,-1.09016,0.294461
-2.7257,-0.504298,-0.718253,0.242634,0.591444,0.397232,-2.19509,-2.02872,-0.630475,-1.61273,-1.91942,-0.880067,0.738041,-0.358036,-2.23614,-1.79707,0.118808,0.608425,-0.242337,0.598587
1.32566,-0.704792,1.95239,0.512314,1.31425,0.203119,-2.60384,1.11496,0.0823155,2.27298,1.80675,0.0531588,-1.34476,0.330338,0.495317,0.364342,0.203429,0.115277,-2.34261,-0.0332125
0.0593003,2.29135,-0.794215,0.255992,2.05591,0.967848,0.911495,-1.58411,0.381869,-0.669398,-1.44682,2.612,0.437165,-0.116004,-0.375176,-2.22597,0.706763,0.980988,-0.719057,0.453872
-2.50221,1.29799,-1.99204,0.127601,2.13816,2.62207,-1.89362,0.37588,0.696145,-1.19924,-1.40643,0.626431,-0.510566,0.279558,-0.286307,-1.73788,0.681609,2.49658,-2.51232,-0.285784
-1.24364,2.21842,-0.665179,0.136348,1.15275,0.484461,1.37116,-2.6716,0.0113366,-1.13322,-1.51784,2.17301,1.22325,0.693352,-1.32721,-1.31674,-0.0624689,0.378721,0.656864,1.3988
-0.0797982,0.698119,0.757416,1.45132,2.23876,1.81748,-1.89661,2.44677,0.950652,1.18934,1.75973,1.46446,-1.77857,1.40529,1.06439,1.28483,0.130692,1.12491,-2.85563,-0.309319
-1.82917,0.895447,-0.536249,0.884735,0.719682,1.79546,-0.61263,0.271489,-0.0168249,-0.0904041,0.0263752,-0.305169,-0.300897,-0.349518,-0.230618,-0.455677,-0.0439505,1.00094,-0.420792,0.396303
-1.50395,-0.492887,0.322629,0.502182,-1.13963,0.662759,-0.0102997,2.1216,0.377339,0.219645,1.55544,-1.23071,-0.196446,0.863775,0.419313,2.32829,-0.534547,-0.0422525,0.464947,-0.333982
-1.77274,-0.358579,1.60902,1.64492,-0.344633,0.898299,-0.412988,1.2373,0.0150989,1.00361,1.89311,-1.12362,0.0190435,0.0537797,-0.238771,1.14731,-0.317283,-0.192734,0.475112,0.342948
2.38866,0.313692,1.25215,1.85525,1.45165,-0.00506524,0.120548,1.83206,0.355282,1.31268,1.94253,2.08317,-1.96262,0.847702,1.71954,2.13413,-0.418831,-0.568865,-1.07006,-0.0637797