0.754992,-3.00426,0.59374,-0.00625947,-1.0127,-1.84089,-1.57506,0.188538,-0.735927,-0.0985301,-0.0819837,-2.0109,-0.506426,-0.813807,-0.058664,0.227743,-0.188729,-1.07453,0.160189,-0.580605
0.194732,-0.270637,1.60737,0.509086,-1.03506,0.029433,0.217671,0.386729,-0.588583,1.95176,1.9486,-1.46271,-0.149063,-0.592717,0.217413,1.00033,-0.606366,-0.794346,1.04243,0.767256
-0.464982,-1.40877,-0.608489,0.682049,0.055209,0.0436857,-2.26004,-0.419978,-1.29915,-0.0198037,-0.308986,-1.92112,-1.52478,-1.0158,-0.121007,0.118622,-0.933246,-0.110745,-0.259169,0.736656
1.18694,-0.102406,-0.303011,1.10742,1.92088,0.924807,-1.65037,1.85586,0.280133,0.660379,0.716128,0.922282,-2.44554,0.24845,1.64841,0.66339,-0.107715,0.758621,-2.46466,-0.399014
-2.13952,0.055369,-1.93034,1.4983,2.19741,1.00418,-1.79796,-1.5342,-0.412194,-2.55273,-2.71644,0.707108,-0.524247,-0.711943,-1.18796,-2.25931,0.207112,1.16613,-1.09058,0.295448
-2.72571,-0.505662,-0.719961,0.243108,0.591805,0.39776,-2.19509,-2.02872,-0.630475,-1.61273,-1.91941,-0.880693,0.736828,-0.358788,-2.23613,-1.79956,0.118805,0.610113,-0.243789,0.599259
1.32566,-0.705663,1.95239,0.516031,1.31425,0.204822,-2.60384,1.11989,0.0823878,2.27298,1.80885,0.0531883,-1.34696,0.329829,0.497208,0.36644,0.203246,0.114969,-2.34261,-0.0348903
0.0589759,2.29136,-0.795365,0.255559,2.05591,0.967956,0.911492,-1.58491,0.381916,-0.672416,-1.44852,2.612,0.437403,-0.116007,-0.375179,-2.22597,0.70656,0.980989,-0.718941,0.453443
-2.50221,1.29962,-1.99204,0.128748,2.13816,2.62207,-1.89362,0.373301,0.696143,-1.20309,-1.40816,0.627947,-0.509092,0.279561,-0.28713,-1.73789,0.68161,2.49658,-2.51232,-0.286529
-1.24365,2.21842,-0.667205,0.137237,1.15275,0.484979,1.37116,-2.6716,0.0114769,-1.13528,-1.51784,2.17301,1.22325,0.69335,-1.32851,-1.31674,-0.0624688,0.378951,0.658125,1.3988
-0.0790578,0.698543,0.758196,1.45324,2.23876,1.81748,-1.89662,2.44677,0.950653,1.18934,1.75972,1.46446,-1.77857,1.40529,1.06518,1.28483,0.130866,1.12505,-2.85547,-0.309986
-1.82917,0.896162,-0.535987,0.884738,0.720691,1.79545,-0.613508,0.270771,-0.0168226,-0.0910462,0.0252874,-0.304623,-0.30132,-0.34952,-0.229904,-0.456123,-0.0442569,1.00128,-0.423364,0.396616
-1.50394,-0.49211,0.324317,0.502962,-1.13963,0.662572,-0.0107794,2.1216,0.377338,0.222592,1.55708,-1.23161,-0.19619,0.863773,0.419609,2.32829,-0.534549,-0.041968,0.464269,-0.333261
-1.77274,-0.356755,1.60902,1.64492,-0.344848,0.898522,-0.41299,1.2373,0.0146268,1.0046,1.89311,-1.12362,0.0196426,0.0536236,-0.239656,1.14731,-0.317523,-0.192654,0.474128,0.343733
2.38866,0.313927,1.25391,1.85525,1.45232,-0.00484318,0.12004,1.83181,0.355677,1.31489,1.94254,2.08317,-1.96262,0.849008,1.71954,2.13413,-0.41839,-0.568386,-1.07006,-0.0634261