0.241297,-3.00511,0.0809661,0.163235,-0.287205,-1.83908,-1.57435,0.0868173,-0.0865803,-0.0744116,-0.0821194,-2.01131,-0.154295,-0.811247,-0.0318687,0.225504,0.0936858,-1.07368,0.0533674,-0.164374
0.125262,-0.191554,0.368798,0.50854,-0.077737,0.20131,-0.108703,0.061893,-0.14912,1.95148,1.94841,-1.46209,0.183423,-0.593193,0.171901,0.0765026,-0.285035,0.00144092,1.04242,0.767796
-0.0873635,-0.31781,-0.609159,0.238575,0.0358492,-0.0809574,-2.25932,-0.420372,-1.29872,0.126844,-0.119828,-1.92119,-1.52489,-1.01501,-0.149272,0.11898,-0.932909,-0.13561,-0.114974,0.736787
0.262088,-0.0664778,-0.113258,0.16346,1.91976,0.171373,-0.455851,1.85456,0.0772266,-0.0516939,0.225639,0.249224,-2.44487,0.0450154,1.64998,0.01791,-0.175851,0.227497,-2.46295,-0.0306678
-2.14033,-0.125141,-1.92863,1.49805,2.1974,0.126304,-1.79674,-0.294471,-0.124251,-2.55233,-2.71675,0.0921662,-0.14094,-0.713362,-0.232453,-2.25788,-0.00924579,0.205217,-0.233945,0.0119681
-2.72435,-0.0374741,-0.124366,0.0202679,0.151544,0.140486,-2.19674,-2.02767,-0.630178,-1.61249,-1.91814,-0.14353,0.48846,-0.0554493,-2.23632,-0.239891,0.118188,0.0307669,0.0560881,0.17649
1.32436,-0.151811,1.95276,-0.160656,1.31363,-0.00059824,-2.60278,-0.0286373,-0.0384405,2.2726,0.362658,-0.0315317,-0.339784,0.0741987,0.0236416,0.0424343,0.0372357,0.0685829,-2.34313,0.08314
0.112878,2.29107,-0.129734,0.0723852,2.05624,0.368295,0.912027,-0.292232,0.179383,-0.0908005,-0.273515,2.61026,0.0396185,-0.115038,-0.373348,-2.22612,0.255948,0.97929,-0.109227,0.0372066
-2.50185,0.194483,-1.99178,0.0998398,2.13703,2.62167,-1.89259,0.135532,0.69679,-0.0497725,-0.321803,0.0904497,-0.212006,0.279057,-0.0915769,-1.73808,0.681799,2.49626,-2.51155,-0.021738
-1.24347,2.21655,-0.0334828,0.0473548,1.15146,0.136059,1.37131,-2.67176,0.00645442,-0.121114,-1.5169,2.17351,1.22198,0.695509,-0.311222,-0.339178,-0.0632017,0.165455,0.0468358,1.39898
-0.0486785,0.12486,0.0281033,0.230951,2.23891,1.81641,-1.89655,2.44736,0.949886,1.18879,1.76007,1.46367,-1.77616,1.40517,0.141818,1.28385,0.0104984,0.275138,-0.4913,-0.0454981
-1.82746,0.315761,-0.234641,0.884191,0.147801,1.79517,-0.222014,0.0415786,-0.017634,-0.19945,0.144271,-0.237418,0.0656073,-0.347319,-0.133546,0.00401978,0.116418,0.380186,-0.0230761,0.0724538
-1.50472,-0.147407,0.240477,0.00155141,-1.13868,0.307666,0.0735676,2.1195,0.377625,-0.245414,0.316498,-0.247547,-0.172216,0.86523,0.0457676,2.32811,-0.533849,-0.178976,0.131112,-0.124464
-1.7732,-0.194917,1.60844,1.64516,-0.18312,0.184919,-0.411449,1.23713,0.0613217,0.417183,1.89186,-1.12295,-0.185149,-0.134107,-0.0553781,1.14599,0.0234253,-0.114655,0.0669361,-0.0106274
2.38907,0.105137,0.255078,1.85518,0.199597,0.0578367,0.121813,0.324449,0.0220942,0.162018,1.94184,2.08328,-1.96257,0.180644,1.71664,2.13428,-0.0769324,-0.136634,-1.06875,0.0214348