0.755917,-3.00426,0.593481,-0.00824479,-1.01403,-1.84089,-1.57506,0.187644,-0.736663,-0.0973505,-0.0819838,-2.0109,-0.50578,-0.813809,-0.0608307,0.227745,-0.188553,-1.07453,0.161415,-0.580306
0.195346,-0.272033,1.60806,0.509089,-1.03586,0.0273443,0.217827,0.388001,-0.589223,1.95176,1.9486,-1.46271,-0.149343,-0.592709,0.217586,1.00199,-0.607084,-0.796725,1.04243,0.767252
-0.466379,-1.4096,-0.608488,0.681955,0.0546152,0.0441786,-2.26004,-0.419979,-1.29915,-0.0204268,-0.309737,-1.92112,-1.52478,-1.0158,-0.122099,0.118624,-0.933246,-0.110631,-0.259057,0.736657
1.18851,-0.100989,-0.300642,1.10795,1.92088,0.925985,-1.65153,1.85586,0.280042,0.661343,0.716748,0.922885,-2.44554,0.248347,1.64841,0.664751,-0.10725,0.758467,-2.46466,-0.4
-2.13952,0.0573465,-1.93034,1.4983,2.19741,1.00663,-1.79796,-1.53568,-0.412234,-2.55273,-2.71644,0.707319,-0.524395,-0.711939,-1.18926,-2.25932,0.206882,1.168,-1.09099,0.296428
-2.72571,-0.507021,-0.721667,0.243584,0.592165,0.398292,-2.19509,-2.02872,-0.630475,-1.61274,-1.91941,-0.881309,0.73562,-0.359539,-2.23613,-1.80202,0.118803,0.611793,-0.245237,0.599927
1.32566,-0.706533,1.95239,0.519735,1.31424,0.206522,-2.60384,1.1248,0.082459,2.27298,1.81093,0.0532142,-1.34915,0.329322,0.499096,0.36854,0.203064,0.114663,-2.34261,-0.0365646
0.0586568,2.29136,-0.796508,0.255132,2.05591,0.968064,0.91149,-1.58571,0.381963,-0.675431,-1.4502,2.61201,0.437646,-0.116009,-0.375182,-2.22596,0.70636,0.98099,-0.718819,0.453008
-2.50221,1.30125,-1.99204,0.129893,2.13816,2.62207,-1.89362,0.370731,0.69614,-1.20693,-1.40988,0.629451,-0.507627,0.279563,-0.287955,-1.73789,0.681611,2.49658,-2.51232,-0.287273
-1.24365,2.21842,-0.669225,0.138128,1.15275,0.485494,1.37116,-2.67159,0.0116155,-1.13733,-1.51785,2.17301,1.22325,0.693348,-1.3298,-1.31674,-0.0624687,0.379182,0.659378,1.3988
-0.078318,0.698971,0.758983,1.45515,2.23876,1.81748,-1.89662,2.44677,0.950654,1.18934,1.75972,1.46447,-1.77857,1.40529,1.06597,1.28484,0.131042,1.12519,-2.85531,-0.310653
-1.82917,0.896876,-0.535725,0.884741,0.721699,1.79545,-0.61439,0.270052,-0.0168204,-0.0916943,0.0242039,-0.304081,-0.301741,-0.349521,-0.229198,-0.45657,-0.0445606,1.00162,-0.425928,0.396925
-1.50394,-0.491328,0.326003,0.503733,-1.13964,0.662383,-0.0112574,2.1216,0.377337,0.225532,1.55872,-1.2325,-0.195935,0.863772,0.419901,2.32829,-0.534552,-0.0416884,0.463584,-0.332538
-1.77274,-0.354932,1.60902,1.64492,-0.345061,0.898742,-0.412992,1.23731,0.0141591,1.00558,1.89311,-1.12362,0.0202325,0.0534648,-0.240532,1.14731,-0.317758,-0.192575,0.473146,0.344518
2.38866,0.314163,1.25565,1.85526,1.45299,-0.00462336,0.11953,1.83155,0.356065,1.31708,1.94254,2.08317,-1.96262,0.850311,1.71955,2.13412,-0.417956,-0.567913,-1.07006,-0.0630705