0.75684,-3.00425,0.593226,-0.0102252,-1.01536,-1.84089,-1.57507,0.186753,-0.737393,-0.0961644,-0.0819838,-2.0109,-0.505133,-0.813811,-0.062995,0.227745,-0.188371,-1.07454,0.162643,-0.580007
0.19596,-0.273429,1.60875,0.509092,-1.03665,0.0252598,0.217979,0.389267,-0.589859,1.95176,1.9486,-1.46272,-0.149627,-0.592702,0.217756,1.00363,-0.607796,-0.799092,1.04244,0.767249
-0.467767,-1.41041,-0.608486,0.681861,0.0540256,0.0446734,-2.26004,-0.419979,-1.29915,-0.0210468,-0.310486,-1.92112,-1.52477,-1.01581,-0.12319,0.118626,-0.933245,-0.110516,-0.258948,0.736658
1.19007,-0.0995666,-0.298276,1.10847,1.92088,0.92716,-1.65267,1.85586,0.279952,0.6623,0.717362,0.923482,-2.44554,0.248248,1.6484,0.666103,-0.106789,0.75831,-2.46466,-0.400981
-2.13952,0.0593175,-1.93034,1.4983,2.19742,1.00906,-1.79796,-1.53716,-0.412271,-2.55272,-2.71644,0.707526,-0.524538,-0.711935,-1.19055,-2.25932,0.206653,1.16986,-1.09141,0.297403
-2.72571,-0.508376,-0.723371,0.244062,0.592526,0.398827,-2.19509,-2.02873,-0.630475,-1.61274,-1.91941,-0.881917,0.734416,-0.36029,-2.23613,-1.80447,0.118801,0.613467,-0.246681,0.600591
1.32566,-0.707403,1.9524,0.523426,1.31424,0.208217,-2.60384,1.1297,0.0825293,2.27298,1.813,0.0532363,-1.35135,0.328815,0.500982,0.370641,0.202881,0.114357,-2.34261,-0.0382353
0.058343,2.29136,-0.797644,0.254711,2.0559,0.968172,0.911487,-1.5865,0.382011,-0.67844,-1.45186,2.61201,0.437895,-0.116012,-0.375185,-2.22596,0.706164,0.980991,-0.718691,0.452566
-2.50221,1.30287,-1.99204,0.131036,2.13816,2.62207,-1.89362,0.368172,0.696138,-1.21076,-1.4116,0.630942,-0.506172,0.279565,-0.288783,-1.73789,0.681612,2.49658,-2.51232,-0.288018
-1.24365,2.21842,-0.671239,0.139018,1.15275,0.486005,1.37116,-2.67159,0.0117524,-1.13937,-1.51785,2.17301,1.22325,0.693346,-1.33107,-1.31673,-0.0624686,0.379415,0.660623,1.3988
-0.0775787,0.699402,0.759778,1.45705,2.23876,1.81748,-1.89662,2.44676,0.950655,1.18934,1.75972,1.46447,-1.77857,1.40529,1.06675,1.28484,0.131219,1.12532,-2.85515,-0.311321
-1.82917,0.89759,-0.535464,0.884744,0.722705,1.79545,-0.615273,0.269334,-0.0168182,-0.0923484,0.0231248,-0.303543,-0.302159,-0.349522,-0.228501,-0.457016,-0.0448618,1.00196,-0.428483,0.397228
-1.50394,-0.490539,0.327688,0.504496,-1.13964,0.662193,-0.0117339,2.1216,0.377335,0.228466,1.56035,-1.23339,-0.195683,0.863771,0.42019,2.32829,-0.534554,-0.0414137,0.462893,-0.331813
-1.77274,-0.353112,1.60903,1.64492,-0.345273,0.898958,-0.412994,1.23731,0.0136959,1.00657,1.89311,-1.12362,0.0208132,0.0533035,-0.241399,1.14732,-0.317988,-0.192497,0.472166,0.345302
2.38866,0.314401,1.2574,1.85526,1.45365,-0.00440584,0.119018,1.8313,0.356447,1.31925,1.94254,2.08316,-1.96261,0.851612,1.71955,2.13412,-0.417531,-0.567448,-1.07007,-0.0627129