0.75776,-3.00425,0.592974,-0.0122009,-1.01669,-1.8409,-1.57507,0.185864,-0.738116,-0.0949717,-0.0819839,-2.0109,-0.504485,-0.813813,-0.0651569,0.227746,-0.188184,-1.07454,0.163872,-0.579707
0.196574,-0.274823,1.60943,0.509094,-1.03744,0.0231794,0.218125,0.390527,-0.590492,1.95176,1.9486,-1.46272,-0.149917,-0.592695,0.217924,1.00527,-0.6085,-0.801448,1.04244,0.767246
-0.469146,-1.41122,-0.608485,0.681768,0.05344,0.04517,-2.26004,-0.41998,-1.29915,-0.0216635,-0.311232,-1.92112,-1.52477,-1.01581,-0.124281,0.118627,-0.933245,-0.1104,-0.258841,0.736659
1.19163,-0.0981399,-0.295915,1.10898,1.92088,0.928331,-1.6538,1.85586,0.279862,0.663251,0.717972,0.924074,-2.44555,0.248155,1.6484,0.667448,-0.106332,0.758152,-2.46466,-0.401958
-2.13952,0.061282,-1.93034,1.4983,2.19742,1.01149,-1.79796,-1.53863,-0.412304,-2.55272,-2.71644,0.707727,-0.524676,-0.711931,-1.19182,-2.25933,0.206426,1.17171,-1.09183,0.298372
-2.72571,-0.509727,-0.725074,0.244542,0.592887,0.399365,-2.19509,-2.02873,-0.630475,-1.61275,-1.91941,-0.882515,0.733216,-0.361041,-2.23613,-1.80689,0.118799,0.615134,-0.24812,0.601251
1.32566,-0.708274,1.9524,0.527104,1.31424,0.209909,-2.60384,1.13458,0.0825987,2.27298,1.81506,0.0532549,-1.35356,0.32831,0.502864,0.372744,0.202698,0.114054,-2.34261,-0.0399023
0.0580342,2.29136,-0.798773,0.254297,2.0559,0.968279,0.911485,-1.58729,0.38206,-0.681445,-1.45351,2.61201,0.438148,-0.116015,-0.375188,-2.22596,0.705972,0.980993,-0.718557,0.452118
-2.50221,1.30448,-1.99204,0.132178,2.13816,2.62207,-1.89362,0.365624,0.696135,-1.21457,-1.41331,0.63242,-0.504727,0.279567,-0.289611,-1.73789,0.681613,2.49658,-2.51232,-0.288762
-1.24365,2.21842,-0.673248,0.13991,1.15275,0.486514,1.37117,-2.67159,0.0118877,-1.1414,-1.51785,2.17301,1.22325,0.693344,-1.33233,-1.31672,-0.0624686,0.379648,0.66186,1.3988
-0.0768396,0.699836,0.760579,1.45893,2.23876,1.81748,-1.89662,2.44676,0.950656,1.18934,1.75972,1.46447,-1.77857,1.40528,1.06752,1.28485,0.131398,1.12544,-2.855,-0.311988
-1.82917,0.898303,-0.535202,0.884747,0.723709,1.79545,-0.616159,0.268617,-0.016816,-0.0930083,0.0220499,-0.303007,-0.302575,-0.349523,-0.227813,-0.457464,-0.0451604,1.0023,-0.431029,0.397527
-1.50394,-0.489745,0.329371,0.505249,-1.13964,0.662002,-0.0122088,2.1216,0.377334,0.231393,1.56197,-1.23427,-0.195432,0.86377,0.420475,2.32829,-0.534556,-0.0411438,0.462195,-0.331086
-1.77274,-0.351294,1.60903,1.64491,-0.345484,0.899171,-0.412996,1.23731,0.0132369,1.00754,1.8931,-1.12362,0.021385,0.0531396,-0.242259,1.14732,-0.318214,-0.192421,0.471188,0.346084
2.38866,0.314639,1.25913,1.85526,1.45432,-0.00419067,0.118504,1.83104,0.356823,1.3214,1.94255,2.08316,-1.96261,0.852911,1.71956,2.13412,-0.417114,-0.56699,-1.07007,-0.0623535