0.762327,-3.00424,0.591755,-0.0220075,-1.02331,-1.84091,-1.57508,0.181455,-0.741644,-0.0889101,-0.0819843,-2.01091,-0.501222,-0.813822,-0.0759286,0.22775,-0.187177,-1.07454,0.170031,-0.578198
0.199636,-0.281783,1.61283,0.509109,-1.04126,0.0128399,0.218783,0.396734,-0.593606,1.95177,1.9486,-1.46273,-0.151426,-0.592661,0.218726,1.01323,-0.61192,-0.813058,1.04246,0.76723
-0.475914,-1.41511,-0.60848,0.681316,0.0505685,0.0476793,-2.26004,-0.419983,-1.29916,-0.0246968,-0.314926,-1.92111,-1.52476,-1.01583,-0.129717,0.118636,-0.933243,-0.109798,-0.258345,0.736664
1.19934,-0.0909377,-0.284167,1.11147,1.92088,0.934134,-1.65933,1.85587,0.279419,0.667919,0.720944,0.926959,-2.44556,0.247763,1.64839,0.674059,-0.104102,0.757333,-2.46466,-0.406777
-2.13952,0.0710106,-1.93035,1.49829,2.19742,1.02345,-1.79797,-1.54591,-0.412431,-2.55271,-2.71644,0.708666,-0.525289,-0.711911,-1.19806,-2.25935,0.205313,1.18088,-1.09398,0.303131
-2.72571,-0.516425,-0.733568,0.246977,0.594685,0.402105,-2.19509,-2.02874,-0.630475,-1.61278,-1.9194,-0.885372,0.72728,-0.364795,-2.23612,-1.8187,0.118789,0.623367,-0.255246,0.604492
1.32566,-0.71263,1.9524,0.545301,1.31424,0.218312,-2.60384,1.15879,0.0829344,2.27298,1.82519,0.0532966,-1.36461,0.325807,0.512234,0.383282,0.20178,0.112551,-2.34262,-0.0481833
0.0565651,2.29137,-0.804319,0.252314,2.0559,0.968813,0.911472,-1.5912,0.382317,-0.696399,-1.46159,2.61202,0.439486,-0.116027,-0.375202,-2.22595,0.70506,0.980998,-0.717807,0.449792
-2.50222,1.31245,-1.99204,0.137856,2.13817,2.62208,-1.89362,0.353041,0.696123,-1.23342,-1.42182,0.639626,-0.497642,0.279578,-0.293778,-1.73791,0.681618,2.49658,-2.51231,-0.292478
-1.24366,2.21842,-0.68321,0.144376,1.15275,0.489007,1.37118,-2.67159,0.0125405,-1.15148,-1.51787,2.17301,1.22325,0.693335,-1.33843,-1.31661,-0.0624685,0.380832,0.667932,1.3988
-0.0731447,0.702056,0.764688,1.46817,2.23877,1.81748,-1.89663,2.44676,0.950661,1.18935,1.75971,1.46448,-1.77857,1.40527,1.07127,1.28487,0.132317,1.12599,-2.85431,-0.315324
-1.82917,0.901862,-0.533896,0.884763,0.728698,1.79544,-0.620624,0.265036,-0.016805,-0.0963908,0.0167371,-0.300376,-0.304625,-0.34953,-0.224496,-0.459709,-0.0466136,1.00397,-0.443633,0.398942
-1.50393,-0.485687,0.337755,0.508883,-1.13965,0.661028,-0.0145601,2.12161,0.377328,0.245928,1.56993,-1.23856,-0.194208,0.863765,0.421857,2.32828,-0.534569,-0.0398636,0.458606,-0.32743
-1.77275,-0.342241,1.60904,1.6449,-0.346519,0.900186,-0.413006,1.23731,0.0110035,1.01238,1.8931,-1.12361,0.0241139,0.0522842,-0.24644,1.14733,-0.319276,-0.192058,0.466324,0.34998
2.38866,0.315848,1.26771,1.85527,1.45763,-0.00315156,0.115909,1.8297,0.358611,1.33188,1.94257,2.08316,-1.96261,0.859375,1.71958,2.13411,-0.415142,-0.564798,-1.07008,-0.0605287