0.249815,-3.00515,0.085201,0.165892,-0.296155,-1.83913,-1.57428,0.0892026,-0.0926341,-0.0804421,-0.0822099,-2.01133,-0.156191,-0.811126,-0.0298969,0.225497,0.0924271,-1.07362,0.054989,-0.169063
0.129554,-0.194149,0.378283,0.508304,-0.0838124,0.203781,-0.109108,0.0636382,-0.151086,1.95114,1.94865,-1.46207,0.180479,-0.593426,0.171383,0.0794723,-0.285462,-0.000240686,1.04234,0.768121
-0.0903668,-0.329768,-0.60918,0.242439,0.0394447,-0.0803435,-2.25922,-0.420411,-1.29882,0.125924,-0.121122,-1.92122,-1.52502,-1.01487,-0.148098,0.118984,-0.932931,-0.140136,-0.119056,0.736576
0.270981,-0.0670172,-0.119225,0.174385,1.91974,0.176958,-0.471313,1.8546,0.0813895,-0.0475943,0.230438,0.256691,-2.44477,0.0487132,1.65003,0.0190709,-0.178652,0.235766,-2.463,-0.0346114
-2.14032,-0.128181,-1.92865,1.49798,2.1974,0.130313,-1.79678,-0.304914,-0.127859,-2.55242,-2.71669,0.095119,-0.14907,-0.713426,-0.242718,-2.25788,-0.00532134,0.212199,-0.242277,0.0122785
-2.72432,-0.037346,-0.131549,0.0252811,0.154939,0.143415,-2.19685,-2.02763,-0.630057,-1.61272,-1.918,-0.150286,0.500366,-0.0555298,-2.23625,-0.249089,0.11821,0.0326065,0.0573693,0.179292
1.32436,-0.156545,1.95274,-0.1636,1.31363,-0.00135321,-2.60279,-0.0292669,-0.0381945,2.27259,0.375628,-0.0330188,-0.353777,0.0772445,0.0238019,0.043486,0.0398595,0.0707577,-2.34313,0.0846786
0.115968,2.29105,-0.133668,0.0745509,2.05625,0.381173,0.912059,-0.303877,0.183649,-0.0956143,-0.281637,2.61025,0.0437845,-0.114969,-0.373352,-2.22613,0.261121,0.979322,-0.113155,0.0393519
-2.50186,0.200352,-1.99177,0.101954,2.13706,2.62168,-1.89258,0.140265,0.696764,-0.0535185,-0.332145,0.0940001,-0.218609,0.27909,-0.0938757,-1.73807,0.681797,2.49627,-2.51154,-0.0221608
-1.24347,2.21655,-0.0343308,0.0465682,1.15147,0.141933,1.37135,-2.67179,0.00451281,-0.130209,-1.51697,2.17349,1.22192,0.695593,-0.320708,-0.350853,-0.0632015,0.171723,0.0495733,1.39886
-0.0498849,0.129118,0.0309707,0.238372,2.23891,1.8164,-1.89652,2.44735,0.949858,1.18886,1.76002,1.46366,-1.77622,1.40521,0.149174,1.28385,0.00948223,0.284828,-0.510228,-0.0466307
-1.82751,0.324821,-0.242199,0.884268,0.151357,1.79512,-0.230028,0.0430015,-0.0176839,-0.205425,0.150938,-0.243415,0.066583,-0.347266,-0.137084,0.00112031,0.115282,0.394138,-0.0239703,0.0754509
-1.50471,-0.152097,0.246859,0.00282555,-1.13869,0.317035,0.076196,2.1195,0.377639,-0.251502,0.328669,-0.258535,-0.180407,0.865207,0.0476529,2.32811,-0.533825,-0.185368,0.135887,-0.130328
-1.7732,-0.202365,1.60842,1.64525,-0.187119,0.194507,-0.411391,1.23711,0.0623164,0.42641,1.89175,-1.12298,-0.186988,-0.141127,-0.0549072,1.14602,0.0204279,-0.118426,0.0684133,-0.0075972
2.38908,0.107609,0.263223,1.85513,0.206902,0.0599312,0.126297,0.336526,0.0237567,0.16942,1.94189,2.08329,-1.96254,0.186491,1.71666,2.13428,-0.0787704,-0.142003,-1.06876,0.0208792