0.765939,-3.00423,0.590831,-0.0297676,-1.02859,-1.84091,-1.57508,0.177974,-0.744365,-0.0839427,-0.081985,-2.01091,-0.498586,-0.813829,-0.0844989,0.227753,-0.186292,-1.07455,0.17497,-0.576978
0.202076,-0.287336,1.6155,0.50912,-1.04419,0.00464393,0.219228,0.401592,-0.59604,1.95178,1.9486,-1.46274,-0.152705,-0.592634,0.219326,1.01936,-0.614537,-0.822147,1.04247,0.767217
-0.481179,-1.41806,-0.608476,0.680969,0.0483315,0.0497171,-2.26005,-0.419986,-1.29916,-0.0270612,-0.317839,-1.92111,-1.52475,-1.01585,-0.134044,0.118643,-0.933241,-0.109292,-0.257995,0.736668
1.2054,-0.0850974,-0.27484,1.11338,1.92088,0.93871,-1.66358,1.85588,0.279071,0.671552,0.723232,0.929176,-2.44556,0.247534,1.64837,0.679217,-0.102386,0.756643,-2.46466,-0.410553
-2.13953,0.0786851,-1.93036,1.49829,2.19743,1.03284,-1.79797,-1.55165,-0.412484,-2.55269,-2.71644,0.709342,-0.525689,-0.711895,-1.20286,-2.25936,0.20445,1.18808,-1.09573,0.306835
-2.72572,-0.521717,-0.740338,0.248966,0.596115,0.404358,-2.19509,-2.02875,-0.630476,-1.6128,-1.91939,-0.887501,0.722602,-0.367797,-2.23611,-1.82779,0.118782,0.629836,-0.26086,0.607015
1.32566,-0.716119,1.9524,0.559628,1.31423,0.224964,-2.60383,1.17791,0.0831902,2.27298,1.83309,0.0532706,-1.37351,0.32384,0.519677,0.391736,0.201038,0.111368,-2.34262,-0.0547419
0.0554759,2.29138,-0.808642,0.250834,2.05589,0.969235,0.911462,-1.59427,0.382533,-0.708272,-1.46782,2.61202,0.440635,-0.116035,-0.375212,-2.22595,0.704387,0.981002,-0.717111,0.447836
-2.50222,1.31872,-1.99204,0.14236,2.13817,2.62208,-1.89363,0.343162,0.696114,-1.24826,-1.42855,0.645168,-0.492142,0.279587,-0.297133,-1.73792,0.681622,2.49658,-2.51231,-0.295446
-1.24367,2.21842,-0.691081,0.14796,1.15274,0.490944,1.37119,-2.67159,0.0130355,-1.15943,-1.51788,2.173,1.22324,0.693327,-1.34307,-1.31645,-0.0624686,0.381797,0.67265,1.3988
-0.0701841,0.703897,0.768088,1.47535,2.23877,1.81749,-1.89663,2.44675,0.950665,1.18936,1.7597,1.46448,-1.77856,1.40527,1.07414,1.2849,0.133083,1.12633,-2.85383,-0.317992
-1.82917,0.904698,-0.532855,0.884776,0.732652,1.79544,-0.624235,0.262178,-0.0167964,-0.0991916,0.0125586,-0.298327,-0.306229,-0.349535,-0.221989,-0.461518,-0.0477278,1.00526,-0.453565,0.399985
-1.50393,-0.482344,0.344426,0.511641,-1.13965,0.660226,-0.0164141,2.12161,0.377323,0.257433,1.57613,-1.24188,-0.193264,0.863762,0.422908,2.32828,-0.534578,-0.0389209,0.455624,-0.324479
-1.77275,-0.335044,1.60905,1.6449,-0.347316,0.90094,-0.413013,1.23732,0.00928606,1.01621,1.89309,-1.12361,0.0261484,0.0515598,-0.249651,1.14734,-0.320052,-0.191791,0.462466,0.353077
2.38866,0.31683,1.27446,1.85527,1.46025,-0.00236687,0.113806,1.82857,0.359937,1.33992,1.94258,2.08316,-1.9626,0.864506,1.7196,2.1341,-0.413695,-0.563161,-1.07009,-0.059038