0.766836,-3.00422,0.590607,-0.0316958,-1.0299,-1.84091,-1.57509,0.17711,-0.745032,-0.0826844,-0.0819853,-2.01091,-0.497923,-0.813831,-0.0866347,0.227754,-0.186061,-1.07455,0.176206,-0.576671
0.202684,-0.288722,1.61616,0.509123,-1.04491,0.00260553,0.219328,0.402792,-0.596641,1.95178,1.9486,-1.46275,-0.153034,-0.592627,0.21947,1.02086,-0.615175,-0.824392,1.04248,0.767214
-0.482475,-1.41878,-0.608475,0.680884,0.0477798,0.0502305,-2.26005,-0.419986,-1.29917,-0.0276435,-0.318561,-1.92111,-1.52475,-1.01585,-0.135122,0.118645,-0.93324,-0.109161,-0.257914,0.736669
1.2069,-0.083627,-0.272518,1.11384,1.92088,0.939845,-1.66462,1.85589,0.278985,0.672446,0.723791,0.929718,-2.44557,0.247487,1.64837,0.680489,-0.101967,0.756466,-2.46466,-0.411486
-2.13953,0.0805892,-1.93036,1.49829,2.19743,1.03516,-1.79797,-1.55308,-0.41249,-2.55269,-2.71645,0.709501,-0.525776,-0.711892,-1.20404,-2.25936,0.204238,1.18987,-1.09617,0.307747
-2.72572,-0.52303,-0.742028,0.249469,0.596471,0.404929,-2.19509,-2.02875,-0.630476,-1.61281,-1.91938,-0.888012,0.721442,-0.368548,-2.23611,-1.83002,0.11878,0.631437,-0.262251,0.607636
1.32566,-0.716993,1.9524,0.563177,1.31423,0.226617,-2.60383,1.18265,0.0832525,2.27298,1.83504,0.053256,-1.37574,0.323353,0.521531,0.393851,0.200851,0.111075,-2.34262,-0.0563722
0.055215,2.29139,-0.809707,0.250478,2.05589,0.96934,0.91146,-1.59503,0.382588,-0.711228,-1.46935,2.61202,0.440933,-0.116037,-0.375215,-2.22595,0.704227,0.981003,-0.716924,0.447334
-2.50222,1.32027,-1.99204,0.14348,2.13817,2.62208,-1.89363,0.340719,0.696112,-1.25193,-1.43022,0.646522,-0.49079,0.279589,-0.297974,-1.73792,0.681623,2.49658,-2.51231,-0.296187
-1.24367,2.21842,-0.693034,0.148857,1.15274,0.491419,1.37119,-2.67159,0.0131558,-1.1614,-1.51789,2.173,1.22324,0.693325,-1.3442,-1.31639,-0.0624686,0.38204,0.67381,1.3988
-0.0694428,0.704366,0.768953,1.47711,2.23877,1.81749,-1.89664,2.44675,0.950666,1.18936,1.7597,1.46448,-1.77856,1.40527,1.07485,1.2849,0.133278,1.1264,-2.85372,-0.318659
-1.82917,0.905405,-0.532596,0.884779,0.733635,1.79544,-0.625143,0.261464,-0.0167943,-0.0999044,0.0115237,-0.297822,-0.306626,-0.349537,-0.221382,-0.461972,-0.0479996,1.00558,-0.456027,0.400234
-1.50393,-0.481495,0.346088,0.51231,-1.13965,0.660022,-0.0168738,2.12161,0.377321,0.260291,1.57766,-1.24269,-0.193033,0.863761,0.423164,2.32828,-0.534581,-0.0386963,0.454864,-0.323739
-1.77276,-0.333251,1.60905,1.64489,-0.34751,0.90112,-0.413015,1.23732,0.00886575,1.01716,1.89309,-1.12361,0.0266374,0.0513735,-0.250436,1.14734,-0.320236,-0.191728,0.461506,0.353848
2.38865,0.317077,1.27614,1.85527,1.4609,-0.00217748,0.113277,1.82829,0.360254,1.34189,1.94258,2.08316,-1.9626,0.865783,1.7196,2.1341,-0.41335,-0.562767,-1.0701,-0.0586613