0.767732,-3.00422,0.590386,-0.0336194,-1.03122,-1.84092,-1.57509,0.17625,-0.745693,-0.0814194,-0.0819855,-2.01091,-0.497259,-0.813832,-0.0887678,0.227755,-0.185826,-1.07455,0.177441,-0.576363
0.203291,-0.290108,1.61682,0.509126,-1.04562,0.000571407,0.219425,0.403987,-0.597239,1.95178,1.9486,-1.46275,-0.153366,-0.59262,0.219612,1.02235,-0.615807,-0.826626,1.04248,0.767211
-0.483764,-1.41948,-0.608474,0.6808,0.0472309,0.0507454,-2.26005,-0.419987,-1.29917,-0.0282222,-0.319282,-1.92111,-1.52475,-1.01586,-0.136199,0.118646,-0.93324,-0.109029,-0.257835,0.73667
1.20839,-0.0821525,-0.2702,1.1143,1.92088,0.940976,-1.66566,1.85589,0.278899,0.673334,0.724346,0.930254,-2.44557,0.247445,1.64837,0.681754,-0.101551,0.756287,-2.46466,-0.412415
-2.13953,0.0824878,-1.93036,1.49829,2.19743,1.03748,-1.79797,-1.5545,-0.412495,-2.55269,-2.71645,0.709657,-0.525858,-0.711888,-1.20521,-2.25937,0.204027,1.19165,-1.09662,0.308653
-2.72572,-0.52434,-0.743716,0.249974,0.596826,0.405504,-2.19509,-2.02875,-0.630476,-1.61282,-1.91938,-0.888515,0.720286,-0.369299,-2.23611,-1.83222,0.118778,0.633032,-0.263636,0.608253
1.32566,-0.717866,1.95241,0.566714,1.31423,0.228266,-2.60383,1.18738,0.0833143,2.27298,1.83697,0.0532382,-1.37797,0.322869,0.523382,0.395968,0.200663,0.110782,-2.34262,-0.0579988
0.0549585,2.29139,-0.810767,0.250128,2.05589,0.969445,0.911458,-1.59578,0.382643,-0.714179,-1.47086,2.61202,0.441235,-0.116039,-0.375218,-2.22595,0.704069,0.981004,-0.716733,0.446828
-2.50223,1.32181,-1.99204,0.144598,2.13817,2.62209,-1.89363,0.338285,0.696109,-1.25559,-1.43189,0.647865,-0.489446,0.279591,-0.298816,-1.73792,0.681624,2.49658,-2.51231,-0.296928
-1.24367,2.21842,-0.694983,0.149754,1.15274,0.491892,1.37119,-2.67159,0.0132746,-1.16336,-1.51789,2.173,1.22324,0.693323,-1.34532,-1.31634,-0.0624687,0.382284,0.674962,1.3988
-0.0687008,0.704839,0.769824,1.47886,2.23877,1.81749,-1.89664,2.44675,0.950667,1.18936,1.7597,1.46448,-1.77856,1.40526,1.07554,1.28491,0.133476,1.12647,-2.85361,-0.319326
-1.82917,0.906111,-0.532337,0.884782,0.734616,1.79543,-0.626053,0.260751,-0.0167922,-0.100622,0.0104926,-0.29732,-0.30702,-0.349538,-0.220782,-0.462426,-0.0482686,1.0059,-0.45848,0.400478
-1.50392,-0.480642,0.347748,0.512971,-1.13965,0.659816,-0.017332,2.12161,0.37732,0.263143,1.57918,-1.2435,-0.192804,0.863761,0.423418,2.32827,-0.534583,-0.0384761,0.454097,-0.322997
-1.77276,-0.331461,1.60906,1.64489,-0.347703,0.901298,-0.413017,1.23732,0.00844894,1.0181,1.89309,-1.1236,0.0271186,0.0511852,-0.251214,1.14735,-0.320417,-0.191667,0.460547,0.354618
2.38865,0.317325,1.2778,1.85527,1.46155,-0.00199086,0.112747,1.82799,0.360567,1.34384,1.94259,2.08316,-1.9626,0.867058,1.71961,2.13409,-0.413012,-0.562379,-1.0701,-0.058283