0.768625,-3.00422,0.590167,-0.0355382,-1.03253,-1.84092,-1.57509,0.175391,-0.74635,-0.0801479,-0.0819858,-2.01091,-0.496594,-0.813834,-0.090898,0.227755,-0.185587,-1.07455,0.178677,-0.576054
0.203897,-0.291493,1.61747,0.509129,-1.04633,-0.00145844,0.219517,0.405176,-0.597834,1.95178,1.9486,-1.46275,-0.153702,-0.592614,0.219752,1.02383,-0.616433,-0.82885,1.04248,0.767208
-0.485044,-1.42018,-0.608473,0.680717,0.0466848,0.0512618,-2.26005,-0.419988,-1.29917,-0.0287974,-0.32,-1.92111,-1.52474,-1.01586,-0.137275,0.118648,-0.933239,-0.108896,-0.257759,0.736671
1.20988,-0.0806741,-0.267886,1.11475,1.92088,0.942103,-1.66668,1.85589,0.278813,0.674218,0.724895,0.930786,-2.44557,0.247408,1.64837,0.683013,-0.101139,0.756106,-2.46466,-0.41334
-2.13953,0.0843808,-1.93036,1.49829,2.19743,1.03978,-1.79797,-1.55592,-0.412496,-2.55269,-2.71645,0.709809,-0.525936,-0.711884,-1.20637,-2.25937,0.203818,1.19342,-1.09707,0.309553
-2.72572,-0.525647,-0.745403,0.250481,0.59718,0.406082,-2.19509,-2.02875,-0.630476,-1.61282,-1.91938,-0.889009,0.719133,-0.370049,-2.23611,-1.83441,0.118776,0.63462,-0.265017,0.608866
1.32566,-0.71874,1.95241,0.570238,1.31423,0.229911,-2.60383,1.1921,0.0833755,2.27298,1.8389,0.0532173,-1.3802,0.322388,0.525231,0.398086,0.200475,0.110491,-2.34262,-0.0596216
0.0547065,2.29139,-0.81182,0.249783,2.05589,0.969549,0.911455,-1.59654,0.3827,-0.717124,-1.47237,2.61202,0.44154,-0.116041,-0.37522,-2.22595,0.703914,0.981005,-0.716536,0.446318
-2.50223,1.32335,-1.99204,0.145714,2.13817,2.62209,-1.89363,0.335862,0.696107,-1.25924,-1.43355,0.649195,-0.488112,0.279594,-0.299659,-1.73792,0.681625,2.49658,-2.51231,-0.297668
-1.24367,2.21842,-0.696925,0.150653,1.15274,0.492361,1.3712,-2.67158,0.0133922,-1.16532,-1.51789,2.173,1.22324,0.693321,-1.34642,-1.31628,-0.0624688,0.382529,0.676107,1.3988
-0.0679583,0.705316,0.770701,1.4806,2.23877,1.81749,-1.89664,2.44675,0.950668,1.18936,1.75969,1.46448,-1.77856,1.40526,1.07623,1.28491,0.133675,1.12653,-2.85351,-0.319993
-1.82917,0.906817,-0.532078,0.884785,0.735595,1.79543,-0.626965,0.260039,-0.0167902,-0.101345,0.00946524,-0.296821,-0.307413,-0.349539,-0.22019,-0.462882,-0.0485349,1.00621,-0.460925,0.400717
-1.50392,-0.479784,0.349406,0.513625,-1.13966,0.65961,-0.0177886,2.12161,0.377319,0.265987,1.58069,-1.2443,-0.192578,0.86376,0.423669,2.32827,-0.534585,-0.03826,0.453326,-0.322254
-1.77276,-0.329674,1.60906,1.64489,-0.347894,0.901472,-0.413019,1.23732,0.00803558,1.01904,1.89309,-1.1236,0.0275923,0.050995,-0.251986,1.14735,-0.320595,-0.191606,0.45959,0.355387
2.38865,0.317574,1.27946,1.85527,1.46219,-0.00180703,0.112215,1.8277,0.360874,1.34577,1.94259,2.08316,-1.9626,0.868331,1.71961,2.13409,-0.41268,-0.561998,-1.0701,-0.0579033