0.770405,-3.00421,0.589739,-0.039362,-1.03515,-1.84092,-1.57509,0.173684,-0.747648,-0.0775849,-0.0819863,-2.01091,-0.495259,-0.813838,-0.0951501,0.227757,-0.185101,-1.07456,0.181148,-0.575435
0.205107,-0.29426,1.61878,0.509135,-1.04772,-0.00550522,0.219691,0.407538,-0.599014,1.95179,1.9486,-1.46276,-0.154383,-0.592601,0.220025,1.02674,-0.617666,-0.833266,1.04249,0.767202
-0.487582,-1.42155,-0.608471,0.680552,0.0456007,0.0522989,-2.26005,-0.41999,-1.29917,-0.0299369,-0.32143,-1.92111,-1.52474,-1.01587,-0.139421,0.118652,-0.933238,-0.108625,-0.257616,0.736672
1.21284,-0.0777056,-0.26327,1.11564,1.92088,0.944346,-1.6687,1.8559,0.278642,0.675968,0.72598,0.931835,-2.44557,0.247345,1.64836,0.685509,-0.100327,0.755739,-2.46466,-0.415176
-2.13953,0.0881505,-1.93037,1.49829,2.19743,1.04436,-1.79797,-1.55874,-0.412493,-2.55268,-2.71645,0.710104,-0.526076,-0.711877,-1.20866,-2.25938,0.203403,1.19695,-1.09797,0.311338
-2.72572,-0.528249,-0.748773,0.251503,0.597888,0.407247,-2.19509,-2.02876,-0.630476,-1.61283,-1.91937,-0.889975,0.716839,-0.371551,-2.23611,-1.83873,0.118772,0.637779,-0.267761,0.610081
1.32566,-0.720488,1.95241,0.577248,1.31423,0.233188,-2.60383,1.2015,0.0834965,2.27298,1.84271,0.053166,-1.38468,0.321432,0.528919,0.402324,0.200096,0.109911,-2.34262,-0.062856
0.0542152,2.29139,-0.81391,0.249109,2.05589,0.969757,0.911451,-1.59804,0.382813,-0.722998,-1.47534,2.61203,0.442162,-0.116045,-0.375225,-2.22594,0.703614,0.981007,-0.716127,0.445284
-2.50223,1.3264,-1.99204,0.147939,2.13817,2.62209,-1.89363,0.331047,0.696102,-1.26649,-1.43687,0.65182,-0.48547,0.279598,-0.301346,-1.73793,0.681627,2.49658,-2.51231,-0.299148
-1.24367,2.21842,-0.700794,0.15245,1.15274,0.49329,1.3712,-2.67158,0.0136234,-1.16921,-1.5179,2.173,1.22324,0.693318,-1.3486,-1.31614,-0.062469,0.383021,0.678374,1.3988
-0.066471,0.706281,0.772472,1.48405,2.23878,1.81749,-1.89664,2.44674,0.95067,1.18937,1.75969,1.46449,-1.77856,1.40526,1.07759,1.28492,0.134077,1.12664,-2.85332,-0.321326
-1.82917,0.908225,-0.531562,0.884791,0.737546,1.79543,-0.628794,0.258615,-0.0167861,-0.102804,0.00742187,-0.295833,-0.308194,-0.349542,-0.219029,-0.463796,-0.0490592,1.00684,-0.465791,0.401181
-1.50392,-0.478054,0.352716,0.514908,-1.13966,0.659192,-0.018697,2.12161,0.377317,0.271655,1.58369,-1.24588,-0.192131,0.863759,0.424163,2.32827,-0.53459,-0.0378407,0.451765,-0.320766
-1.77276,-0.326107,1.60906,1.64488,-0.348269,0.90181,-0.413022,1.23732,0.00721898,1.02092,1.89309,-1.1236,0.0285173,0.050609,-0.253509,1.14735,-0.320939,-0.19149,0.45768,0.356923
2.38865,0.318073,1.28277,1.85528,1.46348,-0.00144784,0.111148,1.8271,0.361472,1.34958,1.9426,2.08316,-1.96259,0.87087,1.71962,2.13409,-0.412036,-0.561251,-1.07011,-0.0571393