0.771292,-3.00421,0.589529,-0.0412669,-1.03646,-1.84092,-1.57509,0.172834,-0.748289,-0.0762935,-0.0819866,-2.01091,-0.494589,-0.813839,-0.0972718,0.227757,-0.184852,-1.07456,0.182383,-0.575124
0.20571,-0.295642,1.61943,0.509137,-1.04841,-0.00752214,0.219772,0.40871,-0.599599,1.95179,1.9486,-1.46276,-0.154728,-0.592594,0.220158,1.02818,-0.618273,-0.835458,1.04249,0.767199
-0.488839,-1.42222,-0.60847,0.680471,0.0450627,0.0528195,-2.26005,-0.419991,-1.29917,-0.0305012,-0.322142,-1.92111,-1.52474,-1.01587,-0.140492,0.118653,-0.933238,-0.108487,-0.257548,0.736673
1.21432,-0.0762156,-0.260968,1.11608,1.92088,0.945462,-1.6697,1.8559,0.278556,0.676835,0.726516,0.932352,-2.44557,0.247319,1.64836,0.686748,-0.0999264,0.755552,-2.46466,-0.416087
-2.13953,0.0900274,-1.93037,1.49829,2.19743,1.04664,-1.79797,-1.56014,-0.412487,-2.55268,-2.71645,0.710247,-0.526139,-0.711873,-1.20979,-2.25938,0.203197,1.1987,-1.09842,0.312221
-2.72572,-0.529544,-0.750457,0.252017,0.59824,0.407835,-2.19509,-2.02876,-0.630476,-1.61284,-1.91937,-0.890446,0.715698,-0.372302,-2.2361,-1.84087,0.118771,0.639349,-0.269125,0.610683
1.32566,-0.721363,1.95241,0.580734,1.31422,0.234821,-2.60383,1.20618,0.0835563,2.27298,1.84461,0.0531357,-1.38692,0.320959,0.530759,0.404443,0.199905,0.109622,-2.34262,-0.0644674
0.0539759,2.2914,-0.814947,0.24878,2.05589,0.969861,0.911449,-1.59878,0.38287,-0.725927,-1.47681,2.61203,0.442478,-0.116047,-0.375228,-2.22594,0.703468,0.981008,-0.715916,0.444761
-2.50223,1.32792,-1.99204,0.149048,2.13817,2.62209,-1.89363,0.328655,0.6961,-1.2701,-1.43852,0.653114,-0.484163,0.2796,-0.30219,-1.73793,0.681627,2.49658,-2.51231,-0.299887
-1.24368,2.21842,-0.702719,0.15335,1.15274,0.49375,1.3712,-2.67158,0.0137371,-1.17115,-1.5179,2.173,1.22324,0.693316,-1.34967,-1.31607,-0.0624691,0.383268,0.679496,1.3988
-0.0657262,0.706769,0.773366,1.48575,2.23878,1.81749,-1.89664,2.44674,0.950671,1.18937,1.75969,1.46449,-1.77856,1.40526,1.07826,1.28493,0.134281,1.12669,-2.85322,-0.321993
-1.82917,0.908928,-0.531305,0.884794,0.738518,1.79543,-0.629711,0.257904,-0.0167841,-0.10354,0.00640575,-0.295343,-0.308581,-0.349543,-0.218459,-0.464254,-0.0493172,1.00715,-0.468211,0.401406
-1.50392,-0.477182,0.354367,0.515539,-1.13966,0.658982,-0.0191488,2.12162,0.377316,0.274478,1.58518,-1.24667,-0.191911,0.863758,0.424406,2.32827,-0.534593,-0.0376372,0.450977,-0.32002
-1.77276,-0.324328,1.60907,1.64488,-0.348454,0.901975,-0.413024,1.23732,0.00681564,1.02186,1.89309,-1.1236,0.0289689,0.0504133,-0.254261,1.14736,-0.321107,-0.191434,0.456728,0.357688
2.38865,0.318323,1.28441,1.85528,1.46412,-0.00127251,0.110613,1.82679,0.361763,1.35146,1.9426,2.08316,-1.96259,0.872135,1.71962,2.13408,-0.411724,-0.560887,-1.07011,-0.0567552