0.773059,-3.00421,0.589117,-0.0450629,-1.03907,-1.84093,-1.5751,0.171144,-0.749558,-0.0736909,-0.0819872,-2.01091,-0.493246,-0.813842,-0.101506,0.227758,-0.184346,-1.07456,0.184852,-0.574499
0.206914,-0.298405,1.62072,0.509143,-1.04977,-0.011543,0.219923,0.41104,-0.600762,1.95179,1.9486,-1.46277,-0.155428,-0.592582,0.220419,1.03102,-0.61947,-0.83981,1.0425,0.767192
-0.491331,-1.42354,-0.608468,0.68031,0.0439944,0.0538646,-2.26006,-0.419992,-1.29917,-0.0316188,-0.32356,-1.92111,-1.52473,-1.01588,-0.142628,0.118657,-0.933236,-0.108206,-0.25742,0.736675
1.21724,-0.0732244,-0.256375,1.11695,1.92088,0.947683,-1.67167,1.8559,0.278386,0.678553,0.727572,0.933373,-2.44558,0.24728,1.64835,0.689205,-0.0991363,0.755174,-2.46466,-0.417898
-2.13953,0.0937655,-1.93037,1.49828,2.19743,1.05117,-1.79797,-1.56294,-0.412469,-2.55267,-2.71645,0.710523,-0.52625,-0.711866,-1.21203,-2.25939,0.202791,1.20219,-1.09934,0.313972
-2.72572,-0.532125,-0.75382,0.253052,0.598943,0.409021,-2.19508,-2.02876,-0.630476,-1.61285,-1.91937,-0.891364,0.713426,-0.373803,-2.2361,-1.84508,0.118767,0.642472,-0.271836,0.611875
1.32566,-0.723113,1.95241,0.587668,1.31422,0.238073,-2.60383,1.21549,0.0836748,2.27298,1.84836,0.0530661,-1.3914,0.32002,0.534432,0.408685,0.199522,0.109048,-2.34262,-0.0676789
0.0535096,2.2914,-0.817003,0.248137,2.05589,0.970067,0.911444,-1.60027,0.382986,-0.731769,-1.47972,2.61203,0.443122,-0.116051,-0.375233,-2.22594,0.703184,0.98101,-0.715479,0.443702
-2.50223,1.33094,-1.99204,0.151259,2.13817,2.62209,-1.89363,0.323901,0.696096,-1.27726,-1.44181,0.655667,-0.481574,0.279604,-0.303881,-1.73794,0.681629,2.49658,-2.5123,-0.301364
-1.24368,2.21842,-0.706554,0.155151,1.15274,0.494659,1.37121,-2.67158,0.0139611,-1.17501,-1.51791,2.173,1.22324,0.693313,-1.35178,-1.3159,-0.0624693,0.383764,0.681718,1.3988
-0.0642341,0.707756,0.775169,1.48913,2.23878,1.81749,-1.89665,2.44674,0.950673,1.18937,1.75968,1.46449,-1.77855,1.40525,1.07958,1.28494,0.134693,1.12677,-2.85305,-0.323325
-1.82917,0.91033,-0.530792,0.8848,0.740455,1.79543,-0.63155,0.256483,-0.0167802,-0.105027,0.00438446,-0.294372,-0.309352,-0.349546,-0.217342,-0.465173,-0.0498248,1.00776,-0.473026,0.401842
-1.50392,-0.475426,0.357664,0.516777,-1.13966,0.658556,-0.0200475,2.12162,0.377313,0.280102,1.58813,-1.24822,-0.191476,0.863757,0.424886,2.32827,-0.534597,-0.0372426,0.449384,-0.318526
-1.77276,-0.320778,1.60907,1.64488,-0.348818,0.902295,-0.413028,1.23732,0.00601867,1.02372,1.89308,-1.1236,0.0298504,0.0500166,-0.255745,1.14736,-0.321432,-0.191326,0.454828,0.359217
2.38865,0.318825,1.28768,1.85528,1.4654,-0.000930451,0.109539,1.82618,0.362331,1.35516,1.94261,2.08316,-1.96259,0.87466,1.71963,2.13408,-0.411117,-0.560175,-1.07012,-0.0559829