0.258229,-3.00516,0.0893188,0.168744,-0.305098,-1.83913,-1.57432,0.0915128,-0.0987452,-0.0861155,-0.082125,-2.01131,-0.158285,-0.811089,-0.0279922,0.225458,0.0912325,-1.07366,0.0566592,-0.173947
0.133766,-0.196681,0.387815,0.508419,-0.0898935,0.206321,-0.109655,0.0653788,-0.153,1.95128,1.94848,-1.46215,0.177788,-0.593464,0.171066,0.0823982,-0.286002,-0.00213698,1.04236,0.768137
-0.0933641,-0.341607,-0.609144,0.246484,0.0430256,-0.0797587,-2.25927,-0.42043,-1.29888,0.12528,-0.122653,-1.92119,-1.52491,-1.01486,-0.146988,0.118938,-0.933092,-0.144524,-0.123048,0.73656
0.279856,-0.0675471,-0.125122,0.185146,1.91972,0.182567,-0.486801,1.85462,0.0855767,-0.0436409,0.23532,0.264184,-2.44484,0.0523252,1.64996,0.020221,-0.181556,0.243933,-2.46299,-0.0383674
-2.14031,-0.131183,-1.92868,1.498,2.1974,0.134358,-1.79677,-0.315328,-0.131436,-2.5524,-2.71672,0.0981062,-0.157084,-0.713445,-0.252883,-2.25785,-0.00141361,0.219111,-0.250598,0.0126774
-2.72431,-0.0372583,-0.1386,0.0300567,0.158301,0.146396,-2.1968,-2.02761,-0.629991,-1.61261,-1.91814,-0.156888,0.512357,-0.0558381,-2.23634,-0.258338,0.118383,0.0343608,0.0585768,0.182308
1.32437,-0.161274,1.95273,-0.166476,1.31364,-0.00212232,-2.60279,-0.0298535,-0.0379753,2.27261,0.388596,-0.0344654,-0.367702,0.0802908,0.0239875,0.0445094,0.0424856,0.0728952,-2.34312,0.0861924
0.118934,2.29103,-0.137664,0.0768461,2.05626,0.393823,0.912048,-0.315532,0.187795,-0.100184,-0.289811,2.61027,0.0478294,-0.11494,-0.373315,-2.22615,0.266337,0.979314,-0.117055,0.0413555
-2.50186,0.20623,-1.99175,0.104034,2.13708,2.62171,-1.89259,0.144918,0.696749,-0.0572923,-0.342459,0.097486,-0.22522,0.279094,-0.0961855,-1.73808,0.681763,2.49625,-2.51154,-0.0226451
-1.24347,2.21655,-0.03528,0.0458879,1.15148,0.147725,1.37132,-2.67181,0.00257841,-0.139167,-1.51691,2.1735,1.22198,0.695613,-0.330201,-0.362438,-0.0632747,0.177999,0.052373,1.39884
-0.0510564,0.1334,0.0338417,0.245834,2.2389,1.81642,-1.89652,2.44734,0.949846,1.18884,1.76004,1.46368,-1.7762,1.40521,0.156466,1.28384,0.00848347,0.294484,-0.529092,-0.0477879
-1.82756,0.333743,-0.249755,0.884275,0.154713,1.7951,-0.237877,0.0444881,-0.0177166,-0.210955,0.157428,-0.249225,0.0673143,-0.347254,-0.140723,-0.00195876,0.114053,0.408013,-0.0248528,0.0783142
-1.50471,-0.156763,0.253061,0.00407637,-1.1387,0.326269,0.0787655,2.1195,0.377641,-0.257496,0.34089,-0.269469,-0.188512,0.865215,0.0496399,2.32812,-0.533762,-0.1917,0.140616,-0.136194
-1.7732,-0.209697,1.60844,1.6452,-0.191008,0.204057,-0.411434,1.2371,0.0633108,0.4356,1.89184,-1.12297,-0.18881,-0.148,-0.0544852,1.14601,0.0175148,-0.122075,0.0699505,-0.00467011
2.38908,0.110034,0.271343,1.85514,0.214237,0.0620013,0.130704,0.348575,0.0254397,0.176739,1.94186,2.08328,-1.96258,0.192226,1.71665,2.13428,-0.0806271,-0.147384,-1.06876,0.0203506