0.774819,-3.0042,0.588716,-0.0488406,-1.04167,-1.84093,-1.5751,0.169465,-0.750808,-0.0710618,-0.0819879,-2.01092,-0.491897,-0.813846,-0.105729,0.227759,-0.183829,-1.07456,0.187318,-0.573871
0.208113,-0.301165,1.622,0.509149,-1.05111,-0.0155464,0.220061,0.413348,-0.601912,1.95179,1.9486,-1.46277,-0.156139,-0.592569,0.220671,1.03382,-0.620643,-0.844121,1.04251,0.767186
-0.493794,-1.42483,-0.608466,0.680151,0.0429361,0.0549149,-2.26006,-0.419994,-1.29918,-0.0327215,-0.324969,-1.9211,-1.52473,-1.01589,-0.144757,0.118661,-0.933235,-0.10792,-0.257303,0.736677
1.22015,-0.0702187,-0.251798,1.1178,1.92087,0.949889,-1.67361,1.85591,0.278215,0.68025,0.728609,0.934374,-2.44558,0.247256,1.64835,0.691637,-0.0983609,0.754788,-2.46466,-0.419691
-2.13953,0.0974832,-1.93038,1.49828,2.19744,1.05566,-1.79798,-1.56572,-0.412441,-2.55266,-2.71645,0.710788,-0.526342,-0.711859,-1.21423,-2.2594,0.202389,1.20566,-1.10026,0.315701
-2.72572,-0.534692,-0.757179,0.254097,0.599644,0.41022,-2.19508,-2.02877,-0.630476,-1.61286,-1.91936,-0.892253,0.711169,-0.375306,-2.2361,-1.84923,0.118763,0.64557,-0.274525,0.613052
1.32566,-0.724865,1.95241,0.594551,1.31422,0.241308,-2.60383,1.22476,0.0837917,2.27298,1.85207,0.0529846,-1.39589,0.319092,0.538093,0.412929,0.199134,0.108476,-2.34263,-0.0708751
0.0530594,2.29141,-0.819038,0.247514,2.05589,0.970272,0.91144,-1.60174,0.383103,-0.737589,-1.48258,2.61203,0.443779,-0.116055,-0.375237,-2.22594,0.702911,0.981011,-0.715023,0.442629
-2.50223,1.33393,-1.99204,0.153461,2.13817,2.62209,-1.89363,0.319187,0.696091,-1.28438,-1.44508,0.658173,-0.479019,0.279609,-0.305572,-1.73794,0.681631,2.49658,-2.5123,-0.302839
-1.24368,2.21842,-0.710365,0.156954,1.15274,0.495556,1.37121,-2.67158,0.0141805,-1.17884,-1.51792,2.173,1.22323,0.693309,-1.35385,-1.31572,-0.0624696,0.384264,0.68391,1.3988
-0.0627384,0.708759,0.776993,1.49246,2.23878,1.8175,-1.89665,2.44673,0.950675,1.18938,1.75968,1.46449,-1.77855,1.40525,1.08088,1.28495,0.135112,1.12683,-2.85289,-0.324657
-1.82917,0.911729,-0.530281,0.884806,0.742384,1.79542,-0.633396,0.255065,-0.0167763,-0.106531,0.00237758,-0.293413,-0.310115,-0.349548,-0.216254,-0.466096,-0.0503213,1.00837,-0.477809,0.402259
-1.50391,-0.473654,0.360951,0.517985,-1.13966,0.658125,-0.0209398,2.12162,0.377311,0.285697,1.59104,-1.24975,-0.191051,0.863756,0.425356,2.32826,-0.534602,-0.036864,0.447771,-0.317029
-1.77277,-0.317239,1.60908,1.64487,-0.349173,0.902604,-0.413031,1.23733,0.00523435,1.02557,1.89308,-1.1236,0.0307037,0.0496133,-0.257205,1.14737,-0.321744,-0.191223,0.452933,0.360741
2.38865,0.319329,1.29093,1.85528,1.46667,-0.00059993,0.108462,1.82555,0.362878,1.3588,1.94262,2.08316,-1.96259,0.877175,1.71964,2.13407,-0.410534,-0.559486,-1.07012,-0.0552053