0.775695,-3.0042,0.588519,-0.0507226,-1.04297,-1.84093,-1.5751,0.16863,-0.751425,-0.0697374,-0.0819882,-2.01092,-0.49122,-0.813847,-0.107836,0.22776,-0.183566,-1.07456,0.188551,-0.573555
0.20871,-0.302543,1.62264,0.509151,-1.05177,-0.0175415,0.220124,0.414495,-0.602483,1.9518,1.9486,-1.46277,-0.156499,-0.592563,0.220794,1.0352,-0.621221,-0.846261,1.04251,0.767183
-0.495014,-1.42546,-0.608465,0.680073,0.0424107,0.0554418,-2.26006,-0.419995,-1.29918,-0.0332672,-0.325671,-1.9211,-1.52473,-1.01589,-0.145819,0.118662,-0.933235,-0.107774,-0.257249,0.736678
1.22159,-0.0687106,-0.249515,1.11822,1.92087,0.950986,-1.67456,1.85591,0.27813,0.68109,0.72912,0.934868,-2.44558,0.24725,1.64834,0.692844,-0.0979787,0.754593,-2.46466,-0.420581
-2.13953,0.0993347,-1.93038,1.49828,2.19744,1.05789,-1.79798,-1.5671,-0.412424,-2.55266,-2.71645,0.710916,-0.526381,-0.711855,-1.21532,-2.2594,0.20219,1.20738,-1.10072,0.316557
-2.72572,-0.53597,-0.758856,0.254622,0.599993,0.410824,-2.19508,-2.02877,-0.630476,-1.61287,-1.91936,-0.892686,0.710045,-0.376057,-2.2361,-1.85128,0.118762,0.64711,-0.275861,0.613634
1.32566,-0.725742,1.95241,0.597973,1.31422,0.242919,-2.60383,1.22937,0.0838497,2.27298,1.85391,0.0529395,-1.39813,0.318633,0.53992,0.415051,0.198939,0.108192,-2.34263,-0.0724674
0.0528402,2.29141,-0.820047,0.247209,2.05589,0.970375,0.911438,-1.60247,0.383163,-0.740491,-1.48399,2.61203,0.444112,-0.116057,-0.37524,-2.22594,0.702778,0.981012,-0.714788,0.442086
-2.50223,1.33541,-1.99204,0.154558,2.13817,2.62209,-1.89363,0.316845,0.696089,-1.28791,-1.44672,0.659408,-0.477754,0.279611,-0.306419,-1.73795,0.681632,2.49658,-2.5123,-0.303576
-1.24368,2.21842,-0.712262,0.157856,1.15274,0.495999,1.37122,-2.67158,0.0142886,-1.18074,-1.51792,2.173,1.22323,0.693307,-1.35487,-1.31563,-0.0624698,0.384514,0.684994,1.3988
-0.0619891,0.709267,0.777913,1.49411,2.23878,1.8175,-1.89665,2.44673,0.950675,1.18938,1.75968,1.46449,-1.77855,1.40525,1.08152,1.28496,0.135324,1.12685,-2.85281,-0.325323
-1.82917,0.912426,-0.530026,0.884809,0.743345,1.79542,-0.634321,0.254356,-0.0167743,-0.10729,0.00137947,-0.292938,-0.310495,-0.34955,-0.21572,-0.466559,-0.0505653,1.00867,-0.480188,0.402461
-1.50391,-0.472761,0.362591,0.518578,-1.13967,0.657907,-0.0213835,2.12162,0.37731,0.288484,1.59249,-1.25051,-0.190841,0.863755,0.425587,2.32826,-0.534604,-0.0366806,0.446956,-0.316279
-1.77277,-0.315473,1.60908,1.64487,-0.349348,0.902754,-0.413033,1.23733,0.00484683,1.02649,1.89308,-1.12359,0.03112,0.0494093,-0.257926,1.14737,-0.321896,-0.191174,0.451988,0.361501
2.38865,0.319582,1.29254,1.85528,1.4673,-0.000439021,0.107922,1.82523,0.363145,1.36059,1.94262,2.08316,-1.96259,0.878429,1.71964,2.13407,-0.410251,-0.55915,-1.07012,-0.0548146