0.77657,-3.0042,0.588326,-0.0526001,-1.04427,-1.84093,-1.5751,0.167797,-0.752039,-0.0684064,-0.0819886,-2.01092,-0.490542,-0.813849,-0.10994,0.22776,-0.1833,-1.07457,0.189782,-0.573239
0.209306,-0.303921,1.62328,0.509154,-1.05242,-0.0195323,0.220184,0.415636,-0.603051,1.9518,1.9486,-1.46278,-0.156861,-0.592556,0.220915,1.03657,-0.621793,-0.848391,1.04251,0.76718
-0.496227,-1.42609,-0.608464,0.679995,0.0418876,0.05597,-2.26006,-0.419996,-1.29918,-0.0338092,-0.326371,-1.9211,-1.52473,-1.01589,-0.146879,0.118664,-0.933234,-0.107626,-0.257197,0.736679
1.22303,-0.067199,-0.247237,1.11864,1.92087,0.95208,-1.67551,1.85591,0.278045,0.681926,0.729627,0.935358,-2.44558,0.247248,1.64834,0.694044,-0.0976001,0.754396,-2.46466,-0.421466
-2.13953,0.101181,-1.93038,1.49828,2.19744,1.06011,-1.79798,-1.56848,-0.412405,-2.55266,-2.71645,0.711041,-0.526415,-0.711852,-1.2164,-2.2594,0.201993,1.20909,-1.10119,0.317408
-2.72572,-0.537244,-0.760533,0.25515,0.600341,0.411432,-2.19508,-2.02877,-0.630476,-1.61288,-1.91936,-0.893113,0.708925,-0.376808,-2.2361,-1.85331,0.11876,0.648644,-0.277191,0.614213
1.32566,-0.726619,1.95241,0.601383,1.31422,0.244526,-2.60383,1.23397,0.0839074,2.27298,1.85574,0.0528915,-1.40038,0.318176,0.541745,0.417173,0.198743,0.107908,-2.34263,-0.0740559
0.0526248,2.29141,-0.821051,0.24691,2.05589,0.970476,0.911436,-1.60321,0.383222,-0.743387,-1.4854,2.61203,0.444449,-0.116059,-0.375242,-2.22593,0.702648,0.981013,-0.714549,0.44154
-2.50224,1.33689,-1.99204,0.155652,2.13817,2.62209,-1.89363,0.314513,0.696087,-1.29144,-1.44834,0.660632,-0.476498,0.279613,-0.307265,-1.73795,0.681632,2.49658,-2.5123,-0.304312
-1.24368,2.21842,-0.714154,0.158758,1.15274,0.49644,1.37122,-2.67158,0.0143957,-1.18264,-1.51792,2.173,1.22323,0.693306,-1.35587,-1.31553,-0.06247,0.384766,0.686072,1.3988
-0.0612388,0.709778,0.778838,1.49575,2.23878,1.8175,-1.89665,2.44673,0.950676,1.18938,1.75968,1.4645,-1.77855,1.40525,1.08215,1.28496,0.135538,1.12687,-2.85274,-0.325988
-1.82917,0.913123,-0.529772,0.884812,0.744304,1.79542,-0.635248,0.253649,-0.0167724,-0.108052,0.00038487,-0.292465,-0.310873,-0.349551,-0.215193,-0.467023,-0.0508065,1.00897,-0.482559,0.402658
-1.50391,-0.471865,0.36423,0.519164,-1.13967,0.657688,-0.0218255,2.12162,0.377309,0.291263,1.59393,-1.25126,-0.190634,0.863755,0.425817,2.32826,-0.534606,-0.0365011,0.446137,-0.315529
-1.77277,-0.313711,1.60908,1.64487,-0.349521,0.9029,-0.413035,1.23733,0.00446236,1.02741,1.89308,-1.12359,0.0315295,0.0492037,-0.25864,1.14737,-0.322045,-0.191127,0.451045,0.36226
2.38865,0.319835,1.29415,1.85529,1.46793,-0.000281023,0.10738,1.82491,0.363407,1.36236,1.94262,2.08316,-1.96259,0.87968,1.71965,2.13407,-0.409974,-0.558819,-1.07013,-0.0544227