0.778313,-3.00419,0.587946,-0.0563416,-1.04685,-1.84094,-1.57511,0.166142,-0.753252,-0.0657247,-0.0819893,-2.01092,-0.489182,-0.813852,-0.114138,0.227761,-0.182762,-1.07457,0.192243,-0.572603
0.210495,-0.306675,1.62454,0.509159,-1.05371,-0.0235006,0.220295,0.417904,-0.604179,1.9518,1.9486,-1.46278,-0.157594,-0.592544,0.221151,1.03927,-0.62292,-0.852621,1.04252,0.767174
-0.498632,-1.42731,-0.608462,0.679841,0.0408486,0.0570296,-2.26006,-0.419998,-1.29918,-0.0348817,-0.327765,-1.9211,-1.52472,-1.0159,-0.148994,0.118668,-0.933233,-0.107327,-0.257101,0.736681
1.22589,-0.0641656,-0.242691,1.11946,1.92087,0.954255,-1.67738,1.85592,0.277875,0.683581,0.730626,0.936325,-2.44559,0.247253,1.64833,0.696427,-0.0968537,0.753996,-2.46466,-0.423225
-2.13953,0.10486,-1.93038,1.49828,2.19744,1.06453,-1.79798,-1.57123,-0.412359,-2.55265,-2.71646,0.711284,-0.52647,-0.711845,-1.21854,-2.25941,0.201601,1.21251,-1.10212,0.319093
-2.72573,-0.539782,-0.763883,0.256213,0.601036,0.412657,-2.19508,-2.02877,-0.630476,-1.61289,-1.91935,-0.893944,0.706696,-0.378311,-2.23609,-1.85732,0.118757,0.651695,-0.279834,0.615359
1.32566,-0.728374,1.95242,0.608165,1.31422,0.247726,-2.60383,1.24313,0.0840221,2.27298,1.85937,0.0527869,-1.40488,0.317273,0.545386,0.421419,0.198348,0.107342,-2.34263,-0.0772211
0.0522054,2.29141,-0.823044,0.246325,2.05588,0.970679,0.911432,-1.60466,0.383342,-0.749162,-1.48818,2.61203,0.445131,-0.116062,-0.375247,-2.22593,0.702396,0.981015,-0.714057,0.440438
-2.50224,1.33983,-1.99204,0.157834,2.13817,2.6221,-1.89363,0.309879,0.696082,-1.29844,-1.45159,0.663045,-0.474011,0.279617,-0.308958,-1.73795,0.681634,2.49658,-2.5123,-0.305783
-1.24369,2.21842,-0.717919,0.160565,1.15274,0.497311,1.37122,-2.67158,0.014607,-1.18642,-1.51793,2.173,1.22323,0.693302,-1.35785,-1.31531,-0.0624703,0.385271,0.688204,1.3988
-0.059735,0.710812,0.780702,1.49899,2.23878,1.8175,-1.89666,2.44673,0.950678,1.18938,1.75967,1.4645,-1.77855,1.40524,1.0834,1.28497,0.135969,1.12689,-2.8526,-0.327318
-1.82917,0.914513,-0.529267,0.884818,0.746215,1.79542,-0.637105,0.252235,-0.0167686,-0.10959,-0.0015939,-0.291529,-0.311624,-0.349553,-0.214161,-0.467953,-0.0512805,1.00957,-0.487276,0.403039
-1.50391,-0.470062,0.367499,0.520315,-1.13967,0.657245,-0.0227047,2.12162,0.377307,0.2968,1.59678,-1.25275,-0.190226,0.863754,0.426269,2.32826,-0.534611,-0.0361537,0.444483,-0.314027
-1.77277,-0.310194,1.60909,1.64487,-0.34986,0.903185,-0.413038,1.23733,0.00370241,1.02924,1.89308,-1.12359,0.0323284,0.048788,-0.260052,1.14737,-0.322335,-0.191036,0.449162,0.363776
2.38865,0.320343,1.29735,1.85529,1.46918,2.62171e-05,0.106296,1.82426,0.363917,1.36586,1.94263,2.08316,-1.96258,0.882175,1.71966,2.13406,-0.409436,-0.558172,-1.07013,-0.0536352