0.780048,-3.00419,0.587578,-0.0600651,-1.04944,-1.84094,-1.57511,0.164498,-0.754448,-0.0630168,-0.0819901,-2.01092,-0.487817,-0.813855,-0.118323,0.227762,-0.182214,-1.07457,0.194699,-0.571963
0.211678,-0.309426,1.62579,0.509165,-1.05499,-0.0274511,0.220393,0.420152,-0.605295,1.9518,1.9486,-1.46279,-0.158337,-0.592532,0.221378,1.04193,-0.624025,-0.85681,1.04253,0.767169
-0.501008,-1.4285,-0.60846,0.679689,0.0398188,0.0580934,-2.26006,-0.42,-1.29918,-0.0359388,-0.329151,-1.9211,-1.52472,-1.01591,-0.1511,0.118671,-0.933232,-0.107021,-0.257016,0.736683
1.22873,-0.061119,-0.238161,1.12026,1.92087,0.956416,-1.67922,1.85592,0.277705,0.685217,0.731607,0.937274,-2.44559,0.247273,1.64833,0.698786,-0.0961216,0.75359,-2.46466,-0.424967
-2.13953,0.10852,-1.93039,1.49828,2.19744,1.06892,-1.79798,-1.57396,-0.412305,-2.55265,-2.71646,0.711518,-0.526507,-0.711838,-1.22064,-2.25942,0.201215,1.2159,-1.10306,0.320757
-2.72573,-0.542306,-0.767228,0.257284,0.601729,0.413894,-2.19508,-2.02878,-0.630476,-1.6129,-1.91934,-0.894747,0.70448,-0.379814,-2.23609,-1.86127,0.118753,0.654723,-0.282453,0.616491
1.32566,-0.730132,1.95242,0.614897,1.31421,0.250909,-2.60383,1.25224,0.0841359,2.27298,1.86296,0.0526712,-1.40938,0.316383,0.549018,0.425666,0.197948,0.10678,-2.34263,-0.0803708
0.0518008,2.29142,-0.825017,0.245759,2.05588,0.97088,0.911428,-1.6061,0.383463,-0.754914,-1.49092,2.61204,0.445826,-0.116066,-0.375251,-2.22593,0.702153,0.981017,-0.713548,0.439323
-2.50224,1.34275,-1.99204,0.160006,2.13817,2.6221,-1.89363,0.305284,0.696078,-1.30539,-1.45481,0.665413,-0.471558,0.279621,-0.310652,-1.73796,0.681636,2.49658,-2.5123,-0.307252
-1.24369,2.21842,-0.721662,0.162373,1.15274,0.498169,1.37123,-2.67158,0.0148146,-1.19017,-1.51793,2.173,1.22323,0.693299,-1.35979,-1.31508,-0.0624707,0.385778,0.690307,1.3988
-0.0582269,0.711861,0.782585,1.50219,2.23879,1.8175,-1.89666,2.44672,0.95068,1.18938,1.75967,1.4645,-1.77855,1.40524,1.08462,1.28498,0.136407,1.1269,-2.85248,-0.328647
-1.82917,0.915898,-0.528764,0.884824,0.748118,1.79541,-0.638968,0.250824,-0.0167649,-0.111143,-0.00355895,-0.290603,-0.312369,-0.349556,-0.213156,-0.468888,-0.0517431,1.01016,-0.49196,0.403403
-1.50391,-0.468245,0.370759,0.521438,-1.13967,0.656797,-0.0235772,2.12162,0.377305,0.302308,1.5996,-1.25423,-0.189827,0.863753,0.426714,2.32826,-0.534616,-0.0358215,0.44281,-0.312522
-1.77277,-0.306689,1.60909,1.64486,-0.350192,0.903459,-0.413042,1.23733,0.00295422,1.03105,1.89308,-1.12359,0.0331011,0.0483666,-0.261441,1.14738,-0.322614,-0.19095,0.447284,0.365286
2.38865,0.320852,1.30053,1.85529,1.47042,0.000321755,0.105207,1.8236,0.364408,1.36929,1.94264,2.08315,-1.96258,0.884661,1.71966,2.13406,-0.408921,-0.557547,-1.07014,-0.0528432