0.780912,-3.00419,0.587398,-0.0619202,-1.05072,-1.84094,-1.57511,0.16368,-0.755039,-0.061653,-0.0819905,-2.01092,-0.487133,-0.813857,-0.12041,0.227763,-0.181937,-1.07457,0.195926,-0.571642
0.212268,-0.3108,1.62641,0.509168,-1.05561,-0.0294198,0.220438,0.421269,-0.605849,1.95181,1.9486,-1.46279,-0.158712,-0.592526,0.221489,1.04324,-0.62457,-0.858889,1.04253,0.767166
-0.502186,-1.42908,-0.608459,0.679613,0.0393073,0.0586269,-2.26006,-0.420001,-1.29918,-0.0364616,-0.329842,-1.9211,-1.52472,-1.01591,-0.152151,0.118673,-0.933231,-0.106866,-0.256978,0.736684
1.23014,-0.0595909,-0.235901,1.12066,1.92087,0.957491,-1.68012,1.85592,0.27762,0.686027,0.732091,0.937742,-2.44559,0.247288,1.64833,0.699956,-0.0957608,0.753384,-2.46466,-0.425831
-2.13953,0.110343,-1.93039,1.49828,2.19744,1.0711,-1.79798,-1.57532,-0.412274,-2.55264,-2.71646,0.711631,-0.526518,-0.711835,-1.22169,-2.25942,0.201024,1.21758,-1.10354,0.321581
-2.72573,-0.543562,-0.768899,0.257823,0.602074,0.414518,-2.19508,-2.02878,-0.630476,-1.61291,-1.91934,-0.895139,0.703377,-0.380566,-2.23609,-1.86322,0.118752,0.656228,-0.283754,0.61705
1.32566,-0.731011,1.95242,0.618244,1.31421,0.252494,-2.60383,1.25677,0.0841925,2.27298,1.86475,0.0526092,-1.41163,0.315943,0.55083,0.427789,0.197747,0.106499,-2.34263,-0.0819397
0.0516039,2.29142,-0.825996,0.245483,2.05588,0.97098,0.911426,-1.60682,0.383523,-0.757781,-1.49227,2.61204,0.446177,-0.116067,-0.375254,-2.22593,0.702036,0.981018,-0.713288,0.438761
-2.50224,1.34419,-1.99204,0.161088,2.13817,2.6221,-1.89363,0.303001,0.696076,-1.30884,-1.45642,0.66658,-0.470343,0.279623,-0.311498,-1.73796,0.681636,2.49658,-2.5123,-0.307986
-1.24369,2.21842,-0.723524,0.163277,1.15273,0.498594,1.37123,-2.67157,0.0149171,-1.19204,-1.51794,2.173,1.22323,0.693297,-1.36075,-1.31496,-0.062471,0.386033,0.691347,1.3988
-0.0574711,0.712391,0.783533,1.50377,2.23879,1.8175,-1.89666,2.44672,0.950681,1.18939,1.75966,1.4645,-1.77855,1.40524,1.08523,1.28499,0.136628,1.12689,-2.85242,-0.329311
-1.82917,0.916589,-0.528513,0.884827,0.749065,1.79541,-0.639902,0.250119,-0.0167631,-0.111926,-0.0045364,-0.290145,-0.312739,-0.349557,-0.212664,-0.469357,-0.0519702,1.01045,-0.49429,0.403578
-1.5039,-0.467331,0.372386,0.52199,-1.13967,0.65657,-0.024011,2.12162,0.377304,0.30505,1.601,-1.25495,-0.18963,0.863753,0.426933,2.32825,-0.534618,-0.0356609,0.441967,-0.311769
-1.77277,-0.304941,1.6091,1.64486,-0.350355,0.903592,-0.413044,1.23733,0.00258445,1.03196,1.89307,-1.12359,0.0334777,0.0481539,-0.262127,1.14738,-0.322749,-0.190909,0.446347,0.36604
2.38864,0.321107,1.30211,1.85529,1.47104,0.00046513,0.104662,1.82326,0.364647,1.37098,1.94264,2.08315,-1.96258,0.8859,1.71967,2.13405,-0.408671,-0.557242,-1.07014,-0.0524455