0.781775,-3.00418,0.58722,-0.0637709,-1.05201,-1.84094,-1.57511,0.162866,-0.755627,-0.0602828,-0.0819909,-2.01092,-0.486447,-0.813858,-0.122495,0.227763,-0.181658,-1.07457,0.197151,-0.57132
0.212855,-0.312174,1.62703,0.50917,-1.05624,-0.0313839,0.220479,0.422381,-0.6064,1.95181,1.9486,-1.46279,-0.159089,-0.59252,0.221598,1.04454,-0.625108,-0.860959,1.04253,0.767163
-0.503357,-1.42965,-0.608458,0.679539,0.038798,0.0591613,-2.26006,-0.420002,-1.29918,-0.0369804,-0.33053,-1.9211,-1.52472,-1.01591,-0.153199,0.118675,-0.933231,-0.106709,-0.256942,0.736685
1.23155,-0.0580596,-0.233646,1.12105,1.92087,0.958562,-1.68102,1.85593,0.277535,0.686832,0.73257,0.938207,-2.44559,0.247306,1.64832,0.701121,-0.0954036,0.753177,-2.46466,-0.426692
-2.13953,0.112162,-1.93039,1.49828,2.19744,1.07327,-1.79798,-1.57667,-0.412242,-2.55264,-2.71646,0.711742,-0.526526,-0.711832,-1.22272,-2.25942,0.200834,1.21926,-1.10401,0.322399
-2.72573,-0.544815,-0.770569,0.258364,0.602418,0.415145,-2.19508,-2.02878,-0.630476,-1.61291,-1.91934,-0.895524,0.702278,-0.381317,-2.23609,-1.86516,0.11875,0.657728,-0.285049,0.617607
1.32566,-0.731891,1.95242,0.621579,1.31421,0.254075,-2.60383,1.2613,0.084249,2.27298,1.86652,0.0525445,-1.41388,0.315506,0.55264,0.429912,0.197544,0.106219,-2.34263,-0.0835048
0.0514105,2.29142,-0.82697,0.245211,2.05588,0.97108,0.911424,-1.60754,0.383584,-0.760643,-1.49361,2.61204,0.446532,-0.116069,-0.375256,-2.22593,0.70192,0.981019,-0.713023,0.438196
-2.50224,1.34564,-1.99204,0.162167,2.13817,2.6221,-1.89363,0.300728,0.696074,-1.31228,-1.45802,0.667736,-0.469137,0.279626,-0.312345,-1.73797,0.681637,2.49658,-2.5123,-0.308719
-1.24369,2.21842,-0.725381,0.164182,1.15273,0.499015,1.37123,-2.67157,0.0150189,-1.1939,-1.51794,2.173,1.22323,0.693296,-1.36169,-1.31483,-0.0624712,0.386288,0.692381,1.3988
-0.0567142,0.712926,0.784486,1.50535,2.23879,1.8175,-1.89666,2.44672,0.950681,1.18939,1.75966,1.4645,-1.77855,1.40524,1.08582,1.285,0.136851,1.12689,-2.85236,-0.329974
-1.82917,0.917279,-0.528264,0.88483,0.750011,1.79541,-0.640836,0.249415,-0.0167613,-0.112713,-0.0055105,-0.289689,-0.313108,-0.349558,-0.212178,-0.469827,-0.0521945,1.01074,-0.496613,0.403748
-1.5039,-0.466415,0.37401,0.522534,-1.13967,0.656342,-0.0244431,2.12163,0.377302,0.307785,1.60239,-1.25568,-0.189436,0.863752,0.42715,2.32825,-0.53462,-0.0355041,0.441119,-0.311016
-1.77278,-0.303196,1.6091,1.64486,-0.350517,0.903722,-0.413045,1.23733,0.00221754,1.03286,1.89307,-1.12359,0.0338479,0.0479398,-0.262807,1.14738,-0.322882,-0.19087,0.445411,0.366792
2.38864,0.321362,1.30368,1.85529,1.47165,0.000605575,0.104116,1.82293,0.364882,1.37266,1.94265,2.08315,-1.96258,0.887136,1.71967,2.13405,-0.408426,-0.556942,-1.07014,-0.0520468