0.783493,-3.00418,0.586873,-0.0674591,-1.05458,-1.84095,-1.57511,0.161246,-0.756788,-0.0575229,-0.0819917,-2.01092,-0.485072,-0.813861,-0.126654,0.227764,-0.181094,-1.07458,0.199598,-0.570673
0.214027,-0.314919,1.62826,0.509175,-1.05747,-0.0352988,0.220554,0.42459,-0.607494,1.95181,1.9486,-1.4628,-0.15985,-0.592508,0.221811,1.0471,-0.62617,-0.865068,1.04254,0.767157
-0.505679,-1.43078,-0.608456,0.67939,0.0377862,0.0602329,-2.26007,-0.420004,-1.29919,-0.0380064,-0.331902,-1.9211,-1.52471,-1.01592,-0.155289,0.118679,-0.93323,-0.10639,-0.256878,0.736686
1.23434,-0.054988,-0.229146,1.12183,1.92087,0.960692,-1.68279,1.85593,0.277365,0.688427,0.733514,0.939124,-2.4456,0.247352,1.64832,0.703433,-0.0946996,0.752758,-2.46466,-0.4284
-2.13954,0.115787,-1.93039,1.49828,2.19745,1.07759,-1.79798,-1.57937,-0.412171,-2.55264,-2.71646,0.711957,-0.526527,-0.711825,-1.22476,-2.25943,0.200458,1.2226,-1.10497,0.324021
-2.72573,-0.547311,-0.773906,0.259454,0.603106,0.416409,-2.19508,-2.02878,-0.630476,-1.61292,-1.91933,-0.896275,0.700089,-0.382821,-2.23608,-1.86898,0.118747,0.66071,-0.287621,0.618708
1.32566,-0.733652,1.95242,0.628211,1.31421,0.257222,-2.60383,1.2703,0.0843616,2.27298,1.87003,0.0524071,-1.41839,0.314643,0.556252,0.434158,0.197135,0.105662,-2.34263,-0.0866231
0.0510342,2.29143,-0.828904,0.244681,2.05588,0.971278,0.91142,-1.60896,0.383707,-0.766348,-1.49627,2.61204,0.447249,-0.116072,-0.37526,-2.22592,0.701697,0.98102,-0.71248,0.437057
-2.50224,1.3485,-1.99204,0.164318,2.13817,2.6221,-1.89363,0.296211,0.69607,-1.31911,-1.46122,0.670016,-0.466748,0.27963,-0.314037,-1.73797,0.681639,2.49658,-2.5123,-0.310183
-1.2437,2.21842,-0.729077,0.165993,1.15273,0.499849,1.37124,-2.67157,0.0152201,-1.1976,-1.51795,2.173,1.22323,0.693292,-1.36355,-1.31456,-0.0624717,0.386801,0.694425,1.3988
-0.0551969,0.714006,0.786405,1.50846,2.23879,1.8175,-1.89666,2.44672,0.950683,1.18939,1.75966,1.4645,-1.77854,1.40523,1.087,1.28501,0.1373,1.12686,-2.85226,-0.331301
-1.82917,0.918655,-0.527767,0.884836,0.751896,1.79541,-0.642708,0.248009,-0.0167577,-0.114296,-0.00744876,-0.288786,-0.313842,-0.349561,-0.211226,-0.47077,-0.0526345,1.01132,-0.501233,0.404076
-1.5039,-0.464571,0.377252,0.523603,-1.13968,0.655882,-0.0253021,2.12163,0.3773,0.313233,1.60515,-1.25712,-0.189055,0.863752,0.427579,2.32825,-0.534624,-0.0352012,0.439409,-0.309508
-1.77278,-0.299715,1.6091,1.64485,-0.350833,0.903974,-0.413049,1.23734,0.00149212,1.03466,1.89307,-1.12359,0.0345697,0.0475078,-0.264152,1.14739,-0.323141,-0.190795,0.443544,0.368293
2.38864,0.321874,1.30682,1.8553,1.47288,0.000877678,0.103022,1.82225,0.365338,1.37596,1.94265,2.08315,-1.96258,0.889601,1.71968,2.13405,-0.407951,-0.556357,-1.07014,-0.0512463