0.78435,-3.00418,0.586703,-0.0692966,-1.05586,-1.84095,-1.57511,0.16044,-0.757363,-0.0561332,-0.0819922,-2.01092,-0.484382,-0.813863,-0.128728,0.227764,-0.18081,-1.07458,0.200819,-0.570347
0.21461,-0.316291,1.62887,0.509178,-1.05807,-0.0372495,0.220586,0.425688,-0.608037,1.95181,1.9486,-1.4628,-0.160234,-0.592502,0.221914,1.04837,-0.626693,-0.867108,1.04254,0.767154
-0.506829,-1.43133,-0.608455,0.679317,0.0372835,0.0607701,-2.26007,-0.420005,-1.29919,-0.0385135,-0.332585,-1.9211,-1.52471,-1.01593,-0.156331,0.11868,-0.933229,-0.106228,-0.25685,0.736687
1.23573,-0.0534477,-0.226902,1.12221,1.92087,0.961752,-1.68367,1.85593,0.27728,0.689217,0.73398,0.939577,-2.4456,0.24738,1.64832,0.70458,-0.0943529,0.752546,-2.46466,-0.429247
-2.13954,0.117593,-1.9304,1.49828,2.19745,1.07973,-1.79798,-1.58072,-0.412132,-2.55263,-2.71646,0.712062,-0.526521,-0.711822,-1.22577,-2.25943,0.200271,1.22426,-1.10545,0.324823
-2.72573,-0.548553,-0.775573,0.260002,0.603449,0.417046,-2.19508,-2.02878,-0.630476,-1.61293,-1.91933,-0.896641,0.698999,-0.383572,-2.23608,-1.87087,0.118745,0.662192,-0.288898,0.619252
1.32566,-0.734533,1.95242,0.631509,1.31421,0.25879,-2.60383,1.27479,0.0844177,2.27298,1.87177,0.0523344,-1.42064,0.314216,0.558055,0.43628,0.196929,0.105384,-2.34263,-0.0881763
0.0508511,2.29143,-0.829864,0.244422,2.05588,0.971377,0.911418,-1.60967,0.383768,-0.769192,-1.49759,2.61204,0.447612,-0.116074,-0.375263,-2.22592,0.701589,0.981021,-0.712203,0.436484
-2.50224,1.34992,-1.99204,0.16539,2.13817,2.6221,-1.89363,0.293966,0.696068,-1.32251,-1.46281,0.671139,-0.465566,0.279632,-0.314883,-1.73797,0.681639,2.49658,-2.5123,-0.310915
-1.2437,2.21842,-0.730916,0.166899,1.15273,0.500261,1.37124,-2.67157,0.0153196,-1.19945,-1.51795,2.173,1.22322,0.693291,-1.36447,-1.31442,-0.0624719,0.387059,0.695437,1.3988
-0.0544364,0.714551,0.78737,1.51,2.23879,1.81751,-1.89667,2.44672,0.950684,1.18939,1.75966,1.46451,-1.77854,1.40523,1.08758,1.28501,0.137528,1.12683,-2.85222,-0.331963
-1.82917,0.91934,-0.52752,0.884839,0.752835,1.79541,-0.643646,0.247307,-0.0167559,-0.115094,-0.00841298,-0.288338,-0.314207,-0.349562,-0.21076,-0.471243,-0.0528502,1.0116,-0.503531,0.404234
-1.5039,-0.463645,0.378869,0.524128,-1.13968,0.65565,-0.0257291,2.12163,0.377299,0.315946,1.60652,-1.25783,-0.188868,0.863751,0.42779,2.32825,-0.534627,-0.0350551,0.438547,-0.308753
-1.77278,-0.297978,1.6091,1.64485,-0.350989,0.904095,-0.41305,1.23734,0.00113357,1.03555,1.89307,-1.12358,0.0349213,0.04729,-0.264815,1.14739,-0.323266,-0.19076,0.442612,0.369042
2.38864,0.32213,1.30838,1.8553,1.47349,0.00100934,0.102474,1.8219,0.36556,1.37758,1.94266,2.08315,-1.96258,0.890829,1.71968,2.13404,-0.407721,-0.556072,-1.07015,-0.0508445