0.785204,-3.00417,0.586536,-0.0711299,-1.05714,-1.84095,-1.57512,0.159637,-0.757934,-0.0547371,-0.0819926,-2.01093,-0.483691,-0.813865,-0.130799,0.227765,-0.180523,-1.07458,0.202039,-0.570021
0.215191,-0.317662,1.62948,0.509181,-1.05868,-0.0391957,0.220617,0.426781,-0.608577,1.95181,1.9486,-1.4628,-0.160619,-0.592496,0.222015,1.04963,-0.627211,-0.869138,1.04255,0.767151
-0.507974,-1.43188,-0.608454,0.679244,0.036783,0.061308,-2.26007,-0.420007,-1.29919,-0.0390167,-0.333266,-1.9211,-1.52471,-1.01593,-0.157371,0.118682,-0.933228,-0.106065,-0.256825,0.736688
1.23711,-0.0519044,-0.224662,1.12259,1.92087,0.962808,-1.68454,1.85594,0.277195,0.690003,0.734441,0.940026,-2.4456,0.247411,1.64831,0.705722,-0.0940095,0.752332,-2.46466,-0.430091
-2.13954,0.119394,-1.9304,1.49827,2.19745,1.08187,-1.79798,-1.58206,-0.412092,-2.55263,-2.71646,0.712165,-0.52651,-0.711819,-1.22678,-2.25944,0.200086,1.22592,-1.10593,0.325621
-2.72573,-0.549792,-0.777239,0.260552,0.603791,0.417685,-2.19508,-2.02879,-0.630476,-1.61294,-1.91933,-0.897001,0.697913,-0.384324,-2.23608,-1.87275,0.118743,0.663669,-0.290169,0.619794
1.32566,-0.735415,1.95242,0.634794,1.31421,0.260352,-2.60383,1.27926,0.0844738,2.27298,1.87351,0.0522591,-1.4229,0.313793,0.559856,0.438403,0.196721,0.105106,-2.34263,-0.0897255
0.0506714,2.29143,-0.830819,0.244167,2.05588,0.971475,0.911416,-1.61038,0.38383,-0.77203,-1.49889,2.61204,0.447977,-0.116075,-0.375265,-2.22592,0.701483,0.981022,-0.711922,0.435908
-2.50225,1.35133,-1.99204,0.166459,2.13817,2.6221,-1.89363,0.291732,0.696065,-1.32589,-1.4644,0.672252,-0.464392,0.279634,-0.315728,-1.73798,0.68164,2.49658,-2.51229,-0.311645
-1.2437,2.21842,-0.732749,0.167806,1.15273,0.50067,1.37124,-2.67157,0.0154185,-1.20128,-1.51795,2.173,1.22322,0.693289,-1.36537,-1.31428,-0.0624722,0.387317,0.696442,1.3988
-0.0536748,0.715101,0.78834,1.51153,2.23879,1.81751,-1.89667,2.44672,0.950685,1.18939,1.75965,1.46451,-1.77854,1.40523,1.08816,1.28502,0.137756,1.12681,-2.85217,-0.332626
-1.82917,0.920025,-0.527274,0.884842,0.753772,1.79541,-0.644585,0.246606,-0.0167542,-0.115895,-0.00937395,-0.287894,-0.31457,-0.349563,-0.210301,-0.471718,-0.0530631,1.01189,-0.505821,0.404387
-1.5039,-0.462716,0.380485,0.524646,-1.13968,0.655416,-0.0261544,2.12163,0.377298,0.318651,1.60788,-1.25853,-0.188683,0.863751,0.428,2.32825,-0.534629,-0.0349126,0.437682,-0.307999
-1.77278,-0.296245,1.60911,1.64485,-0.351143,0.904215,-0.413052,1.23734,0.000777752,1.03644,1.89307,-1.12358,0.0352667,0.0470709,-0.265474,1.14739,-0.32339,-0.190726,0.441681,0.36979
2.38864,0.322387,1.30993,1.8553,1.47409,0.00113808,0.101926,1.82156,0.365777,1.37919,1.94266,2.08315,-1.96258,0.892055,1.71969,2.13404,-0.407496,-0.555792,-1.07015,-0.0504418