0.788602,-3.00417,0.585895,-0.07842,-1.06224,-1.84096,-1.57512,0.156455,-0.760177,-0.0490887,-0.0819943,-2.01093,-0.480916,-0.813871,-0.139047,0.227766,-0.179361,-1.07458,0.206902,-0.568706
0.217501,-0.323138,1.63189,0.509191,-1.06104,-0.0469352,0.22071,0.431108,-0.61071,1.95182,1.9486,-1.46281,-0.162182,-0.592473,0.222402,1.05454,-0.62923,-0.877162,1.04256,0.76714
-0.512485,-1.43398,-0.608451,0.678955,0.0348023,0.0634678,-2.26007,-0.420011,-1.29919,-0.0409893,-0.335973,-1.92109,-1.5247,-1.01594,-0.161507,0.11869,-0.933226,-0.105395,-0.25675,0.736692
1.24259,-0.0457034,-0.215739,1.12408,1.92087,0.966994,-1.68793,1.85594,0.276853,0.693096,0.736241,0.941786,-2.44561,0.247564,1.6483,0.710235,-0.09267,0.751462,-2.46465,-0.433423
-2.13954,0.126561,-1.9304,1.49827,2.19745,1.09034,-1.79799,-1.58738,-0.411909,-2.55262,-2.71647,0.712556,-0.526427,-0.711806,-1.23072,-2.25945,0.199359,1.23248,-1.10787,0.32876
-2.72573,-0.554711,-0.783891,0.262774,0.605155,0.420276,-2.19508,-2.02879,-0.630476,-1.61296,-1.91932,-0.898383,0.693601,-0.38733,-2.23608,-1.8801,0.118737,0.669521,-0.295192,0.621921
1.32566,-0.738948,1.95243,0.64781,1.31421,0.266558,-2.60382,1.29703,0.084698,2.27298,1.88035,0.0519325,-1.43192,0.312139,0.567037,0.446887,0.195878,0.104002,-2.34263,-0.0958827
0.049985,2.29144,-0.834595,0.24319,2.05588,0.971864,0.911409,-1.61319,0.384079,-0.783323,-1.50402,2.61204,0.449462,-0.116082,-0.375273,-2.22592,0.701081,0.981025,-0.710758,0.433579
-2.50225,1.35693,-1.99204,0.170709,2.13817,2.62211,-1.89363,0.282886,0.696057,-1.33929,-1.47071,0.676597,-0.459772,0.279642,-0.319107,-1.73799,0.681643,2.49658,-2.51229,-0.314561
-1.24371,2.21842,-0.740023,0.171434,1.15273,0.502277,1.37125,-2.67157,0.015808,-1.20857,-1.51797,2.173,1.22322,0.693283,-1.3689,-1.31365,-0.0624732,0.388355,0.700389,1.3988
-0.0506155,0.717337,0.79226,1.51755,2.2388,1.81751,-1.89667,2.44671,0.950688,1.1894,1.75965,1.46451,-1.77854,1.40522,1.09041,1.28504,0.138685,1.12666,-2.85202,-0.335271
-1.82917,0.92275,-0.526299,0.884853,0.757499,1.7954,-0.648349,0.24381,-0.0167473,-0.119133,-0.0131859,-0.286141,-0.316011,-0.349568,-0.208525,-0.473625,-0.0538864,1.01301,-0.514901,0.404958
-1.50389,-0.458974,0.386921,0.526655,-1.13968,0.654467,-0.0278384,2.12163,0.377295,0.329397,1.61326,-1.26132,-0.187966,0.86375,0.428821,2.32824,-0.534638,-0.0343769,0.434176,-0.304978
-1.77279,-0.289342,1.60912,1.64484,-0.351741,0.904666,-0.413059,1.23734,-0.000618698,1.03998,1.89306,-1.12358,0.036589,0.0461834,-0.268057,1.1474,-0.32386,-0.190603,0.43797,0.372768
2.38864,0.323417,1.31609,1.8553,1.4765,0.00162388,0.0997257,1.82015,0.366607,1.38547,1.94268,2.08315,-1.96257,0.896933,1.7197,2.13403,-0.406643,-0.554718,-1.07016,-0.048822