0.789446,-3.00416,0.585741,-0.0802319,-1.06351,-1.84096,-1.57512,0.155667,-0.760728,-0.0476607,-0.0819947,-2.01093,-0.480219,-0.813872,-0.1411,0.227767,-0.179067,-1.07459,0.208114,-0.568375
0.218074,-0.324505,1.63249,0.509194,-1.06162,-0.0488586,0.220727,0.432179,-0.611237,1.95182,1.9486,-1.46282,-0.162577,-0.592467,0.222494,1.05574,-0.629723,-0.879144,1.04256,0.767137
-0.513597,-1.43449,-0.60845,0.678884,0.0343124,0.0640095,-2.26007,-0.420012,-1.29919,-0.0414725,-0.336645,-1.92109,-1.5247,-1.01595,-0.162536,0.118691,-0.933225,-0.105224,-0.256738,0.736693
1.24395,-0.0441464,-0.213518,1.12444,1.92087,0.968032,-1.68876,1.85595,0.276767,0.693858,0.73668,0.942218,-2.44561,0.24761,1.6483,0.71135,-0.0923436,0.75124,-2.46465,-0.434246
-2.13954,0.128343,-1.93041,1.49827,2.19745,1.09244,-1.79799,-1.5887,-0.411859,-2.55262,-2.71647,0.71265,-0.526396,-0.711803,-1.23169,-2.25945,0.19918,1.23411,-1.10835,0.329532
-2.72573,-0.555932,-0.785551,0.263336,0.605494,0.420931,-2.19508,-2.02879,-0.630476,-1.61296,-1.91931,-0.898714,0.692531,-0.388081,-2.23608,-1.8819,0.118736,0.67097,-0.296433,0.622444
1.32566,-0.739833,1.95243,0.651034,1.3142,0.268098,-2.60382,1.30144,0.084754,2.27298,1.88203,0.0518445,-1.43418,0.311734,0.568826,0.449007,0.195663,0.103727,-2.34263,-0.097412
0.0498213,2.29144,-0.835528,0.242956,2.05588,0.97196,0.911407,-1.61389,0.384142,-0.786131,-1.50528,2.61204,0.449839,-0.116083,-0.375275,-2.22592,0.700986,0.981026,-0.710457,0.432991
-2.50225,1.35831,-1.99204,0.171765,2.13817,2.62211,-1.89363,0.280697,0.696055,-1.3426,-1.47228,0.677657,-0.458637,0.279644,-0.31995,-1.73799,0.681644,2.49658,-2.51229,-0.315289
-1.24371,2.21842,-0.741827,0.172342,1.15273,0.502671,1.37125,-2.67157,0.015904,-1.21037,-1.51797,2.173,1.22322,0.693281,-1.36976,-1.31349,-0.0624735,0.388617,0.701358,1.3988
-0.0498474,0.717905,0.79325,1.51903,2.2388,1.81751,-1.89667,2.44671,0.950689,1.1894,1.75964,1.46451,-1.77854,1.40522,1.09096,1.28504,0.13892,1.12662,-2.85199,-0.335931
-1.82917,0.923427,-0.526057,0.884856,0.758426,1.7954,-0.649292,0.243113,-0.0167456,-0.119951,-0.014131,-0.285709,-0.316368,-0.34957,-0.208097,-0.474105,-0.0540851,1.01329,-0.517152,0.40509
-1.50389,-0.458032,0.388525,0.527141,-1.13968,0.654226,-0.0282551,2.12163,0.377294,0.332065,1.61459,-1.26201,-0.187793,0.86375,0.429022,2.32824,-0.53464,-0.0342514,0.43329,-0.304223
-1.77279,-0.287624,1.60912,1.64484,-0.351886,0.904772,-0.41306,1.23734,-0.000961227,1.04086,1.89306,-1.12358,0.0369049,0.0459588,-0.268689,1.1474,-0.323973,-0.190575,0.437046,0.37351
2.38864,0.323675,1.31761,1.8553,1.47709,0.00173807,0.0991744,1.81979,0.366804,1.387,1.94268,2.08315,-1.96257,0.898146,1.71971,2.13403,-0.406441,-0.554461,-1.07016,-0.0484149