0.790288,-3.00416,0.585589,-0.0820397,-1.06478,-1.84096,-1.57512,0.154881,-0.761275,-0.0462265,-0.0819952,-2.01093,-0.479521,-0.813874,-0.14315,0.227767,-0.178772,-1.07459,0.209324,-0.568042
0.218646,-0.325872,1.63308,0.509196,-1.0622,-0.0507776,0.220742,0.433245,-0.611761,1.95182,1.9486,-1.46282,-0.162974,-0.592461,0.222585,1.05694,-0.63021,-0.881116,1.04257,0.767134
-0.514703,-1.43499,-0.608449,0.678813,0.0338246,0.0645519,-2.26007,-0.420013,-1.29919,-0.0419515,-0.337316,-1.92109,-1.5247,-1.01595,-0.163562,0.118693,-0.933225,-0.105051,-0.256729,0.736694
1.2453,-0.0425868,-0.211301,1.1248,1.92087,0.969065,-1.68958,1.85595,0.276681,0.694614,0.737115,0.942646,-2.44561,0.247659,1.6483,0.712459,-0.0920204,0.751017,-2.46465,-0.435065
-2.13954,0.130121,-1.93041,1.49827,2.19745,1.09452,-1.79799,-1.59001,-0.411807,-2.55261,-2.71647,0.712742,-0.52636,-0.7118,-1.23265,-2.25946,0.199002,1.23573,-1.10884,0.330299
-2.72573,-0.557149,-0.78721,0.263899,0.605833,0.42159,-2.19508,-2.02879,-0.630476,-1.61297,-1.91931,-0.899039,0.691464,-0.388833,-2.23608,-1.88369,0.118734,0.672414,-0.297667,0.622963
1.32565,-0.740718,1.95243,0.654245,1.3142,0.269633,-2.60382,1.30584,0.0848101,2.27298,1.88371,0.0517541,-1.43643,0.311334,0.570614,0.451126,0.195447,0.103453,-2.34263,-0.0989373
0.0496606,2.29144,-0.836456,0.242726,2.05588,0.972056,0.911406,-1.61458,0.384204,-0.788933,-1.50653,2.61204,0.450219,-0.116085,-0.375277,-2.22592,0.700892,0.981027,-0.710153,0.432401
-2.50225,1.35969,-1.99204,0.172818,2.13817,2.62211,-1.89363,0.278518,0.696053,-1.34591,-1.47384,0.678706,-0.457509,0.279646,-0.320793,-1.73799,0.681644,2.49658,-2.51229,-0.316015
-1.24371,2.21842,-0.743625,0.17325,1.15273,0.503063,1.37125,-2.67157,0.0159996,-1.21217,-1.51797,2.173,1.22322,0.693279,-1.37061,-1.31332,-0.0624738,0.388878,0.702321,1.3988
-0.0490781,0.718478,0.794244,1.5205,2.2388,1.81751,-1.89668,2.44671,0.950689,1.1894,1.75964,1.46451,-1.77854,1.40522,1.0915,1.28505,0.139157,1.12656,-2.85196,-0.336591
-1.82917,0.924104,-0.525817,0.884859,0.75935,1.7954,-0.650236,0.242417,-0.0167439,-0.120772,-0.015073,-0.28528,-0.316723,-0.349571,-0.207675,-0.474586,-0.054281,1.01357,-0.519395,0.405218
-1.50389,-0.457088,0.390126,0.527622,-1.13968,0.653983,-0.02867,2.12163,0.377293,0.334725,1.61591,-1.26269,-0.187621,0.86375,0.429222,2.32824,-0.534642,-0.0341293,0.432399,-0.303467
-1.77279,-0.285909,1.60912,1.64484,-0.35203,0.904876,-0.413062,1.23734,-0.00130117,1.04174,1.89306,-1.12358,0.0372151,0.0457332,-0.269317,1.14741,-0.324083,-0.190549,0.436122,0.374251
2.38864,0.323933,1.31914,1.85531,1.47768,0.00184937,0.0986228,1.81944,0.366998,1.38852,1.94268,2.08315,-1.96257,0.899356,1.71971,2.13402,-0.406244,-0.554209,-1.07016,-0.048007