0.027123,-3.04228,0.0230225,0.0234518,-0.0393669,-1.86151,-1.59328,0.0139112,0.004322,-0.00602731,-0.0838119,-2.0367,-0.0295389,-0.821718,0.00574459,0.228061,0.00144638,-1.0876,0.0228736,-0.0209134
-0.0130814,-0.0277417,0.0276815,0.513965,-0.00975084,0.0383297,-0.026064,-0.00536629,-0.0242886,1.97425,1.97275,-1.47954,0.0399689,-0.601108,0.038169,0.0151731,-0.0484381,0.00771626,1.05605,0.778458
-0.0067766,-0.0584132,-0.617517,0.0296169,-0.00748312,-0.0223619,-2.28716,-0.425198,-1.31455,0.0115123,-0.00398152,-1.94512,-1.54475,-1.02706,-0.0611524,0.120171,-0.943805,-0.0148954,-0.00770419,0.745397
0.0483437,-0.0147206,-0.0159905,-0.0115727,1.94412,-0.00280872,-0.053307,1.87755,0.0133735,-0.0387441,0.0281419,0.0350848,-2.47476,0.00538471,1.67058,-0.00056532,-0.0223434,0.0262469,-2.49332,0.0119986
-2.16717,-0.0212491,-1.95197,1.51657,2.22423,0.0175045,-1.81923,-0.0482878,-0.0114267,-2.58426,-2.75034,0.0115386,0.00468037,-0.722313,-0.0242644,-2.28613,-0.0299293,0.0296284,-0.0312846,-0.0096345
-2.75765,-2.04954e-05,-0.00822862,0.0131655,0.0212116,0.00481374,-2.22422,-2.05237,-0.638313,-1.6336,-1.94102,-0.0136473,0.0560547,-0.0139602,-2.26378,-0.0305727,0.118969,-0.0144692,0.0139057,0.0317552
1.3408,-0.0287371,1.97724,-0.0466071,1.32992,-0.00104914,-2.63524,-0.00736093,-0.043228,2.3001,0.0462644,0.000731737,-0.028799,0.0120532,0.00293232,0.0112642,-0.00135991,0.0124627,-2.37243,0.0321098
0.010957,2.3199,-0.0215213,-0.00780565,2.08142,0.0328396,0.923478,-0.032707,0.0283327,-0.000309555,-0.035453,2.64255,-0.0265123,-0.117084,-0.378499,-2.25356,0.0649044,0.990897,-0.0175834,-0.0139208
-2.53307,0.0474864,-2.01729,0.00253667,2.16316,2.65346,-1.91605,0.00961139,0.705654,-0.0179709,-0.0450631,0.0108689,-0.0203876,0.282764,-0.015364,-1.75959,0.690126,2.52698,-2.54283,0.00043345
-1.25937,2.24378,0.00423941,0.00201125,1.16545,0.0278323,1.38863,-2.70471,0.0350415,0.0123638,-1.53613,2.20081,1.23672,0.703885,-0.0290258,-0.0463045,-0.0640773,0.0134193,-0.000697917,1.41581
-0.0106233,0.0180035,-0.00885688,0.0215265,2.26674,1.83873,-1.91971,2.4776,0.961557,1.20395,1.7823,1.48215,-1.79813,1.42271,-0.00891599,1.29966,-0.00169918,0.0374663,-0.0434411,0.0126476
-1.84899,0.0465647,-0.0275432,0.894707,0.024937,1.81833,-0.028024,0.0232062,-0.0177395,-0.017728,0.00989118,-0.0264175,0.0386093,-0.351483,-0.02544,0.00578844,0.0313991,0.0427061,-0.00077618,0.0102426
-1.52321,-0.0169536,0.0218029,0.00187074,-1.1521,0.0365883,0.0117532,2.14598,0.382558,-0.031994,0.0176089,-0.00238895,-0.00665559,0.874936,0.000726556,2.35715,-0.540967,-0.00780878,0.0129823,-0.0220106
-1.79568,-0.0287324,1.62766,1.66621,-0.0315221,0.0147128,-0.416304,1.25234,0.00950036,0.0564419,1.91504,-1.13629,-0.0145632,-0.00144476,0.00472245,1.15943,0.0159707,-0.0131295,0.0410576,-0.0218023
2.41903,0.0454109,0.0377471,1.87791,0.0317955,-0.0188447,0.0158579,0.0363608,-0.00147965,0.0200058,1.96557,2.10912,-1.98666,0.0399167,1.73801,2.1611,-0.00796354,-0.0135322,-1.082,0.00966501