0.274782,-3.00512,0.0973227,0.174668,-0.322933,-1.83914,-1.57442,0.0959427,-0.111087,-0.0969161,-0.0819367,-2.0113,-0.162671,-0.811098,-0.0241426,0.225406,0.0887855,-1.07374,0.0600459,-0.183969
0.141876,-0.201602,0.406747,0.508766,-0.102133,0.211328,-0.110643,0.0688017,-0.156805,1.95183,1.94805,-1.46223,0.172269,-0.593341,0.170434,0.0883234,-0.286802,-0.0061609,1.04243,0.767818
-0.0992908,-0.364908,-0.609054,0.25458,0.0501895,-0.0784979,-2.25943,-0.420415,-1.29885,0.124029,-0.125784,-1.92115,-1.52463,-1.01495,-0.144586,0.118886,-0.933257,-0.153142,-0.130904,0.736745
0.297505,-0.0686038,-0.136846,0.206598,1.91969,0.193714,-0.517587,1.85464,0.0939575,-0.0355561,0.244821,0.27914,-2.44504,0.0594852,1.64982,0.0225859,-0.187354,0.26016,-2.46296,-0.0456711
-2.14032,-0.137078,-1.92873,1.49804,2.1974,0.142488,-1.79672,-0.336081,-0.138524,-2.55232,-2.71678,0.104131,-0.172959,-0.713434,-0.27303,-2.25782,0.00647808,0.232822,-0.267161,0.0135813
-2.72435,-0.037239,-0.152488,0.0394736,0.164877,0.15233,-2.19662,-2.02761,-0.630017,-1.61221,-1.9185,-0.16979,0.535961,-0.0568671,-2.23652,-0.276845,0.118566,0.0378976,0.0609211,0.188495
1.32437,-0.170718,1.9527,-0.171974,1.31365,-0.00371874,-2.60278,-0.0308987,-0.0376283,2.27265,0.414464,-0.0372498,-0.3954,0.0864018,0.0243997,0.0464884,0.0477848,0.0770819,-2.34311,0.0891037
0.124514,2.29104,-0.145782,0.0816522,2.05627,0.418514,0.912011,-0.33885,0.19575,-0.108839,-0.306124,2.61029,0.05574,-0.114919,-0.373248,-2.22618,0.276789,0.979294,-0.124812,0.0451024
-2.50185,0.218021,-1.99172,0.107966,2.13713,2.62177,-1.89264,0.153987,0.696753,-0.0651013,-0.362862,0.104293,-0.238329,0.279075,-0.100749,-1.73809,0.681731,2.49621,-2.51155,-0.0236956
-1.24344,2.21662,-0.0373968,0.0445792,1.1515,0.159147,1.37122,-2.67181,-0.0012323,-0.157062,-1.51676,2.1735,1.22212,0.695591,-0.34901,-0.385405,-0.0633425,0.190435,0.0580838,1.39891
-0.0532816,0.142046,0.0396499,0.260715,2.2389,1.81645,-1.89657,2.44735,0.949867,1.18873,1.76013,1.46369,-1.77614,1.40517,0.170984,1.28383,0.00640574,0.313611,-0.56667,-0.0500397
-1.82763,0.351182,-0.264803,0.884275,0.160857,1.79507,-0.253178,0.0476719,-0.0177353,-0.220934,0.170075,-0.260232,0.0682369,-0.347264,-0.148197,-0.00866885,0.111222,0.435436,-0.0266305,0.083802
-1.50472,-0.166025,0.264889,0.00663984,-1.13872,0.344292,0.0838175,2.1195,0.377606,-0.269004,0.365315,-0.291206,-0.204599,0.865268,0.0538146,2.32814,-0.533667,-0.204111,0.149973,-0.148026
-1.77314,-0.22399,1.60851,1.64502,-0.198435,0.223151,-0.411577,1.23711,0.0653625,0.453328,1.89205,-1.12296,-0.192003,-0.161448,-0.0535162,1.14602,0.0116466,-0.129182,0.0731089,0.00117874
2.38906,0.114733,0.287463,1.85517,0.22899,0.066023,0.139376,0.37258,0.0288476,0.191327,1.9418,2.08327,-1.96267,0.203418,1.71663,2.13429,-0.0842925,-0.158114,-1.06874,0.019266