0.791128,-3.00416,0.585441,-0.0838433,-1.06605,-1.84096,-1.57512,0.154099,-0.761819,-0.0447859,-0.0819956,-2.01093,-0.478822,-0.813875,-0.145196,0.227767,-0.178475,-1.07459,0.210532,-0.567709
0.219215,-0.327238,1.63367,0.509199,-1.06277,-0.0526919,0.220754,0.434307,-0.612283,1.95183,1.9486,-1.46282,-0.163372,-0.592456,0.222673,1.05812,-0.630692,-0.883079,1.04257,0.767132
-0.515802,-1.43548,-0.608448,0.678742,0.0333388,0.065095,-2.26007,-0.420015,-1.2992,-0.0424266,-0.337985,-1.92109,-1.5247,-1.01595,-0.164586,0.118695,-0.933224,-0.104876,-0.256722,0.736695
1.24664,-0.0410247,-0.209087,1.12516,1.92087,0.970095,-1.6904,1.85595,0.276596,0.695366,0.737545,0.943071,-2.44561,0.24771,1.64829,0.713564,-0.0917005,0.750793,-2.46465,-0.43588
-2.13954,0.131895,-1.93041,1.49827,2.19746,1.09661,-1.79799,-1.59133,-0.411753,-2.55261,-2.71647,0.712832,-0.526321,-0.711797,-1.2336,-2.25946,0.198826,1.23734,-1.10933,0.331061
-2.72573,-0.558362,-0.788869,0.264464,0.606172,0.422251,-2.19508,-2.0288,-0.630476,-1.61298,-1.91931,-0.89936,0.690401,-0.389583,-2.23607,-1.88547,0.118733,0.673852,-0.298895,0.623478
1.32565,-0.741604,1.95243,0.657444,1.3142,0.271164,-2.60382,1.31023,0.0848663,2.27298,1.88538,0.0516613,-1.43869,0.310937,0.5724,0.453244,0.19523,0.103179,-2.34263,-0.100459
0.0495029,2.29144,-0.83738,0.242499,2.05588,0.972152,0.911404,-1.61527,0.384267,-0.791729,-1.50777,2.61204,0.450601,-0.116086,-0.375279,-2.22591,0.700801,0.981028,-0.709845,0.431809
-2.50225,1.36106,-1.99204,0.173868,2.13817,2.62211,-1.89363,0.276348,0.696051,-1.34919,-1.4754,0.679746,-0.456388,0.279648,-0.321635,-1.738,0.681645,2.49658,-2.51229,-0.316741
-1.24371,2.21842,-0.745417,0.174158,1.15273,0.503451,1.37126,-2.67157,0.0160948,-1.21397,-1.51798,2.173,1.22322,0.693278,-1.37145,-1.31314,-0.0624741,0.389141,0.703276,1.3988
-0.0483075,0.719054,0.795241,1.52196,2.2388,1.81751,-1.89668,2.4467,0.95069,1.18941,1.75964,1.46451,-1.77854,1.40522,1.09204,1.28506,0.139396,1.12651,-2.85194,-0.337251
-1.82917,0.924778,-0.525578,0.884862,0.760272,1.7954,-0.65118,0.241722,-0.0167423,-0.121596,-0.016012,-0.284854,-0.317078,-0.349572,-0.207258,-0.475068,-0.054474,1.01385,-0.521629,0.405342
-1.50389,-0.456142,0.391724,0.528097,-1.13969,0.65374,-0.0290832,2.12163,0.377292,0.337378,1.61722,-1.26337,-0.187453,0.86375,0.429419,2.32824,-0.534644,-0.0340104,0.431505,-0.302712
-1.77279,-0.284197,1.60912,1.64484,-0.352172,0.904978,-0.413063,1.23735,-0.00163855,1.04261,1.89306,-1.12358,0.0375197,0.0455067,-0.26994,1.14741,-0.324191,-0.190524,0.435199,0.37499
2.38864,0.324192,1.32065,1.85531,1.47827,0.00195779,0.0980707,1.81907,0.367187,1.39002,1.94269,2.08315,-1.96257,0.900563,1.71971,2.13402,-0.406051,-0.553961,-1.07017,-0.0475983