0.791967,-3.00416,0.585294,-0.0856428,-1.06732,-1.84096,-1.57512,0.153319,-0.762358,-0.0433391,-0.0819961,-2.01093,-0.478121,-0.813877,-0.147238,0.227768,-0.178177,-1.07459,0.211738,-0.567374
0.219783,-0.328603,1.63426,0.509201,-1.06334,-0.0546016,0.220764,0.435364,-0.612802,1.95183,1.9486,-1.46282,-0.163772,-0.59245,0.22276,1.05929,-0.63117,-0.885033,1.04257,0.767129
-0.516896,-1.43597,-0.608447,0.678672,0.032855,0.0656386,-2.26008,-0.420016,-1.2992,-0.0428975,-0.338652,-1.92109,-1.52469,-1.01595,-0.165607,0.118697,-0.933223,-0.1047,-0.256718,0.736696
1.24798,-0.0394601,-0.206878,1.12551,1.92087,0.971122,-1.6912,1.85595,0.27651,0.696114,0.737972,0.943493,-2.44561,0.247764,1.64829,0.714662,-0.091384,0.750567,-2.46466,-0.43669
-2.13954,0.133666,-1.93041,1.49827,2.19746,1.09868,-1.79799,-1.59263,-0.411697,-2.55261,-2.71647,0.71292,-0.526277,-0.711794,-1.23455,-2.25946,0.198651,1.23895,-1.10983,0.331818
-2.72573,-0.559572,-0.790526,0.265032,0.60651,0.422916,-2.19508,-2.0288,-0.630476,-1.61298,-1.91931,-0.899675,0.68934,-0.390334,-2.23607,-1.88723,0.118731,0.675285,-0.300117,0.62399
1.32565,-0.74249,1.95243,0.66063,1.3142,0.272691,-2.60382,1.31461,0.0849226,2.27298,1.88704,0.051566,-1.44094,0.310544,0.574184,0.455362,0.195012,0.102905,-2.34263,-0.101976
0.0493482,2.29145,-0.8383,0.242277,2.05588,0.972247,0.911402,-1.61596,0.38433,-0.794518,-1.509,2.61204,0.450985,-0.116087,-0.375281,-2.22591,0.700712,0.981029,-0.709534,0.431215
-2.50225,1.36242,-1.99204,0.174916,2.13817,2.62211,-1.89363,0.274187,0.696049,-1.35247,-1.47695,0.680776,-0.455275,0.27965,-0.322477,-1.738,0.681646,2.49658,-2.51229,-0.317466
-1.24371,2.21842,-0.747203,0.175067,1.15273,0.503837,1.37126,-2.67157,0.0161895,-1.21576,-1.51798,2.173,1.22322,0.693276,-1.37228,-1.31296,-0.0624744,0.389404,0.704225,1.3988
-0.0475356,0.719633,0.796241,1.52341,2.2388,1.81751,-1.89668,2.4467,0.950691,1.18941,1.75964,1.46452,-1.77853,1.40522,1.09257,1.28506,0.139635,1.12645,-2.85191,-0.33791
-1.82917,0.925452,-0.52534,0.884865,0.761192,1.7954,-0.652125,0.241027,-0.0167406,-0.122423,-0.0169479,-0.28443,-0.317431,-0.349573,-0.206848,-0.475551,-0.0546642,1.01412,-0.523857,0.405462
-1.50389,-0.455193,0.39332,0.528565,-1.13969,0.653494,-0.0294946,2.12163,0.377291,0.340023,1.61853,-1.26405,-0.187286,0.863749,0.429616,2.32824,-0.534646,-0.0338948,0.430607,-0.301956
-1.77279,-0.282488,1.60913,1.64484,-0.352313,0.905077,-0.413065,1.23735,-0.00197338,1.04348,1.89306,-1.12357,0.0378186,0.0452791,-0.270558,1.14741,-0.324297,-0.190501,0.434278,0.375728
2.38864,0.324451,1.32216,1.85531,1.47886,0.00206333,0.0975182,1.81871,0.367373,1.3915,1.94269,2.08315,-1.96257,0.901768,1.71972,2.13402,-0.405862,-0.553717,-1.07017,-0.0471888