0.794469,-3.00415,0.584871,-0.0910169,-1.07111,-1.84097,-1.57513,0.150997,-0.763956,-0.0389614,-0.0819974,-2.01093,-0.476014,-0.813882,-0.153342,0.227768,-0.177278,-1.07459,0.215344,-0.566364
0.221475,-0.332695,1.63601,0.509209,-1.06501,-0.0603032,0.220779,0.438512,-0.614343,1.95183,1.9486,-1.46283,-0.164981,-0.592433,0.22301,1.06274,-0.632575,-0.890837,1.04258,0.767121
-0.520139,-1.43739,-0.608444,0.678463,0.0314159,0.067273,-2.26008,-0.420019,-1.2992,-0.0442859,-0.340644,-1.92109,-1.52469,-1.01596,-0.168657,0.118703,-0.933221,-0.104163,-0.25672,0.736698
1.25197,-0.0347521,-0.200271,1.12656,1.92086,0.974178,-1.69358,1.85596,0.276251,0.698328,0.739226,0.94474,-2.44562,0.247942,1.64828,0.717929,-0.0904537,0.749881,-2.46466,-0.439097
-2.13954,0.138957,-1.93042,1.49827,2.19746,1.10485,-1.79799,-1.59654,-0.411519,-2.5526,-2.71647,0.713177,-0.526124,-0.711785,-1.23735,-2.25947,0.198133,1.24374,-1.11131,0.334059
-2.72573,-0.563179,-0.795491,0.266747,0.607522,0.424927,-2.19507,-2.0288,-0.630476,-1.613,-1.9193,-0.900589,0.686177,-0.392586,-2.23607,-1.89243,0.118727,0.679552,-0.303745,0.625504
1.32565,-0.745152,1.95243,0.670118,1.3142,0.277242,-2.60382,1.32766,0.085092,2.27298,1.89197,0.0512658,-1.44771,0.309389,0.579523,0.461709,0.194347,0.102087,-2.34264,-0.106504
0.0489015,2.29145,-0.841036,0.241631,2.05588,0.97253,0.911397,-1.61802,0.384519,-0.802851,-1.51264,2.61204,0.45215,-0.116092,-0.375287,-2.22591,0.700457,0.981031,-0.708578,0.429421
-2.50226,1.36647,-1.99204,0.178042,2.13817,2.62211,-1.89363,0.267759,0.696043,-1.3622,-1.4816,0.683805,-0.451981,0.279656,-0.324997,-1.73801,0.681648,2.49658,-2.51229,-0.319637
-1.24372,2.21842,-0.752526,0.177793,1.15272,0.504977,1.37127,-2.67157,0.0164717,-1.22108,-1.51799,2.173,1.22322,0.693272,-1.37472,-1.3124,-0.0624754,0.390198,0.70703,1.3988
-0.045212,0.721395,0.799264,1.52769,2.2388,1.81752,-1.89668,2.4467,0.950693,1.18941,1.75963,1.46452,-1.77853,1.40521,1.09415,1.28508,0.140362,1.12625,-2.85185,-0.339883
-1.82917,0.927462,-0.524632,0.884873,0.763941,1.79539,-0.654964,0.23895,-0.0167358,-0.124922,-0.0197376,-0.283174,-0.318483,-0.349577,-0.205653,-0.477007,-0.055218,1.01494,-0.530491,0.405797
-1.50388,-0.452335,0.398095,0.529935,-1.13969,0.652749,-0.0307184,2.12164,0.377288,0.347912,1.6224,-1.26606,-0.186801,0.863749,0.430196,2.32823,-0.534653,-0.0335671,0.42789,-0.29969
-1.77279,-0.27738,1.60913,1.64483,-0.352726,0.905361,-0.41307,1.23735,-0.00296286,1.04607,1.89306,-1.12357,0.0386822,0.044591,-0.272383,1.14742,-0.324603,-0.190437,0.431519,0.377934
2.38864,0.32523,1.32666,1.85531,1.48061,0.00236276,0.0958587,1.81761,0.367908,1.39586,1.9427,2.08315,-1.96257,0.905365,1.71973,2.13401,-0.40532,-0.553013,-1.07017,-0.045956