0.796953,-3.00415,0.584469,-0.0963548,-1.0749,-1.84097,-1.57513,0.1487,-0.76552,-0.0345285,-0.0819987,-2.01093,-0.473897,-0.813886,-0.159411,0.227769,-0.176369,-1.0746,0.218932,-0.565344
0.223149,-0.336781,1.63773,0.509216,-1.06665,-0.065963,0.220774,0.441621,-0.615861,1.95184,1.9486,-1.46284,-0.166203,-0.592417,0.223244,1.06611,-0.633937,-0.896559,1.04259,0.767113
-0.523328,-1.43874,-0.608441,0.678256,0.0299947,0.0689118,-2.26008,-0.420023,-1.2992,-0.0456373,-0.34262,-1.92109,-1.52468,-1.01597,-0.171685,0.118708,-0.93322,-0.103611,-0.256746,0.736701
1.2559,-0.0300238,-0.193698,1.12759,1.92086,0.977202,-1.6959,1.85597,0.275992,0.700502,0.740442,0.94596,-2.44562,0.248142,1.64827,0.72115,-0.0895521,0.749182,-2.46466,-0.441468
-2.13954,0.144219,-1.93042,1.49827,2.19746,1.11096,-1.79799,-1.60041,-0.411326,-2.55259,-2.71648,0.713421,-0.525935,-0.711776,-1.2401,-2.25948,0.197626,1.24848,-1.1128,0.336256
-2.72573,-0.566754,-0.800445,0.268481,0.60853,0.426965,-2.19507,-2.02881,-0.630477,-1.61302,-1.91929,-0.90146,0.683042,-0.394834,-2.23607,-1.89751,0.118722,0.683771,-0.307318,0.626985
1.32565,-0.74782,1.95244,0.679497,1.3142,0.281751,-2.60382,1.3406,0.0852627,2.27298,1.89682,0.0509445,-1.45447,0.30827,0.584845,0.468048,0.193669,0.101272,-2.34264,-0.110995
0.04848,2.29146,-0.843734,0.241018,2.05587,0.972809,0.911393,-1.62007,0.384709,-0.811129,-1.51621,2.61205,0.453332,-0.116096,-0.375293,-2.22591,0.700219,0.981033,-0.707592,0.427612
-2.50226,1.37047,-1.99203,0.181143,2.13817,2.62212,-1.89364,0.261409,0.696038,-1.37182,-1.48621,0.686746,-0.448752,0.279662,-0.327511,-1.73802,0.68165,2.49658,-2.51229,-0.321801
-1.24372,2.21842,-0.757796,0.180521,1.15272,0.506092,1.37127,-2.67156,0.0167513,-1.22636,-1.518,2.173,1.22321,0.693267,-1.37708,-1.3118,-0.0624764,0.390997,0.709774,1.3988
-0.0428763,0.723189,0.802317,1.53189,2.23881,1.81752,-1.89669,2.44669,0.950695,1.18942,1.75962,1.46452,-1.77853,1.40521,1.09567,1.28509,0.141101,1.12602,-2.85182,-0.341852
-1.82917,0.929459,-0.523934,0.884881,0.76667,1.79539,-0.657806,0.236881,-0.0167311,-0.127447,-0.0225008,-0.281941,-0.319525,-0.349581,-0.20451,-0.478473,-0.0557466,1.01574,-0.537057,0.406096
-1.50388,-0.449461,0.402847,0.531254,-1.13969,0.651991,-0.0319263,2.12164,0.377286,0.355734,1.62622,-1.26803,-0.186336,0.863749,0.430763,2.32823,-0.534659,-0.0332674,0.42514,-0.297425
-1.7728,-0.272301,1.60914,1.64482,-0.353125,0.905624,-0.413074,1.23735,-0.00393022,1.04864,1.89305,-1.12357,0.0394971,0.0438951,-0.274166,1.14742,-0.324893,-0.190385,0.42877,0.380128
2.38864,0.326012,1.33112,1.85531,1.48234,0.00263663,0.0941968,1.8165,0.368411,1.40009,1.94271,2.08315,-1.96256,0.908938,1.71974,2.134,-0.404814,-0.552347,-1.07018,-0.0447171