0.798599,-3.00414,0.584214,-0.0998938,-1.07741,-1.84097,-1.57513,0.147182,-0.766546,-0.0315429,-0.0819996,-2.01094,-0.47248,-0.813889,-0.163438,0.227769,-0.17576,-1.0746,0.221312,-0.564659
0.224256,-0.339501,1.63886,0.509221,-1.06772,-0.0697129,0.22076,0.443674,-0.616861,1.95184,1.9486,-1.46284,-0.167024,-0.592406,0.223391,1.0683,-0.634823,-0.900327,1.0426,0.767107
-0.525425,-1.43961,-0.608439,0.67812,0.029057,0.0700065,-2.26008,-0.420026,-1.2992,-0.0465175,-0.34393,-1.92109,-1.52468,-1.01598,-0.173692,0.118712,-0.933218,-0.103236,-0.256775,0.736703
1.2585,-0.0268611,-0.189336,1.12826,1.92086,0.9792,-1.69741,1.85597,0.275818,0.701929,0.741233,0.946761,-2.44562,0.248289,1.64827,0.723272,-0.0889668,0.74871,-2.46466,-0.443029
-2.13954,0.14771,-1.93042,1.49826,2.19746,1.11499,-1.79799,-1.60298,-0.411189,-2.55258,-2.71648,0.713577,-0.525791,-0.71177,-1.2419,-2.25949,0.197294,1.25161,-1.1138,0.337696
-2.72573,-0.569118,-0.803742,0.269648,0.609201,0.428338,-2.19507,-2.02881,-0.630477,-1.61303,-1.91928,-0.902018,0.680967,-0.396332,-2.23607,-1.90083,0.118719,0.686557,-0.309668,0.627955
1.32565,-0.749602,1.95244,0.685689,1.3142,0.284734,-2.60382,1.34917,0.0853773,2.27298,1.90002,0.0507188,-1.45898,0.307544,0.588384,0.472267,0.193209,0.10073,-2.34264,-0.113969
0.0482124,2.29146,-0.845514,0.240627,2.05587,0.972994,0.911389,-1.62142,0.384836,-0.816616,-1.51855,2.61205,0.45413,-0.116098,-0.375297,-2.2259,0.70007,0.981035,-0.706917,0.426398
-2.50226,1.3731,-1.99203,0.183196,2.13817,2.62212,-1.89364,0.25722,0.696034,-1.37816,-1.48926,0.688659,-0.446636,0.279665,-0.329182,-1.73802,0.681651,2.49658,-2.51228,-0.323239
-1.24372,2.21842,-0.76128,0.182339,1.15272,0.506821,1.37128,-2.67156,0.0169367,-1.22985,-1.518,2.173,1.22321,0.693264,-1.37861,-1.31138,-0.0624771,0.391533,0.71157,1.3988
-0.0413126,0.724403,0.804367,1.53464,2.23881,1.81752,-1.89669,2.44669,0.950697,1.18942,1.75962,1.46452,-1.77853,1.4052,1.09667,1.2851,0.141599,1.12584,-2.8518,-0.343162
-1.82917,0.930782,-0.523476,0.884887,0.76848,1.79539,-0.659703,0.235507,-0.016728,-0.129144,-0.0243284,-0.281131,-0.320214,-0.349583,-0.203776,-0.479456,-0.0560849,1.01628,-0.541395,0.406276
-1.50388,-0.447537,0.406004,0.532105,-1.13969,0.651478,-0.0327227,2.12164,0.377284,0.36091,1.62873,-1.26933,-0.186038,0.863748,0.431134,2.32823,-0.534663,-0.0330827,0.42329,-0.295916
-1.7728,-0.268931,1.60915,1.64482,-0.353385,0.905788,-0.413078,1.23735,-0.0045631,1.05034,1.89305,-1.12357,0.0400141,0.0434271,-0.275331,1.14743,-0.325077,-0.190356,0.426943,0.381584
2.38863,0.326534,1.33406,1.85532,1.48348,0.00280513,0.0930878,1.81575,0.368729,1.40283,1.94272,2.08315,-1.96256,0.911307,1.71974,2.134,-0.404496,-0.551924,-1.07018,-0.043888