0.799418,-3.00414,0.584089,-0.101657,-1.07867,-1.84098,-1.57513,0.146428,-0.767054,-0.0300412,-0.082,-2.01094,-0.47177,-0.813891,-0.165445,0.22777,-0.175454,-1.0746,0.222499,-0.564314
0.224806,-0.34086,1.63943,0.509223,-1.06825,-0.0715809,0.22075,0.444694,-0.617357,1.95184,1.9486,-1.46285,-0.167437,-0.592401,0.223462,1.06939,-0.635259,-0.902198,1.0426,0.767105
-0.526465,-1.44003,-0.608438,0.678052,0.0285911,0.0705545,-2.26008,-0.420027,-1.2992,-0.0469514,-0.344582,-1.92109,-1.52468,-1.01598,-0.174691,0.118714,-0.933218,-0.103046,-0.256794,0.736703
1.25979,-0.0252767,-0.18716,1.12859,1.92086,0.980193,-1.69815,1.85597,0.275731,0.702636,0.741623,0.947157,-2.44562,0.248365,1.64827,0.724327,-0.0886788,0.748471,-2.46466,-0.443803
-2.13954,0.149452,-1.93042,1.49826,2.19746,1.11699,-1.79799,-1.60426,-0.411118,-2.55258,-2.71648,0.713653,-0.525713,-0.711767,-1.24279,-2.25949,0.197131,1.25317,-1.1143,0.338409
-2.72573,-0.570295,-0.805389,0.270234,0.609535,0.429028,-2.19507,-2.02881,-0.630477,-1.61304,-1.91928,-0.90229,0.679934,-0.39708,-2.23607,-1.90248,0.118718,0.687942,-0.310834,0.628435
1.32565,-0.750494,1.95244,0.688767,1.31419,0.286219,-2.60382,1.35344,0.085435,2.27298,1.9016,0.0506025,-1.46123,0.307187,0.59015,0.474375,0.192977,0.10046,-2.34264,-0.115449
0.0480824,2.29146,-0.846398,0.240437,2.05587,0.973085,0.911388,-1.62209,0.3849,-0.81935,-1.51971,2.61205,0.454532,-0.116099,-0.375299,-2.2259,0.699998,0.981036,-0.706575,0.425789
-2.50226,1.3744,-1.99203,0.184219,2.13817,2.62212,-1.89364,0.255138,0.696032,-1.38131,-1.49078,0.689602,-0.445588,0.279667,-0.330017,-1.73803,0.681651,2.49658,-2.51228,-0.323957
-1.24373,2.21842,-0.763013,0.183249,1.15272,0.507182,1.37128,-2.67156,0.0170291,-1.23158,-1.51801,2.173,1.22321,0.693262,-1.37937,-1.31117,-0.0624775,0.391802,0.712458,1.3988
-0.0405288,0.725015,0.805397,1.536,2.23881,1.81752,-1.89669,2.44669,0.950697,1.18942,1.75962,1.46452,-1.77853,1.4052,1.09716,1.28511,0.14185,1.12575,-2.8518,-0.343816
-1.82917,0.931441,-0.523248,0.88489,0.769382,1.79538,-0.660652,0.234821,-0.0167264,-0.129996,-0.0252379,-0.28073,-0.320557,-0.349584,-0.203417,-0.479949,-0.05625,1.01654,-0.543553,0.40636
-1.50388,-0.446573,0.407579,0.532523,-1.1397,0.65122,-0.0331182,2.12164,0.377283,0.363486,1.62998,-1.26997,-0.185893,0.863748,0.431317,2.32823,-0.534665,-0.0329948,0.42236,-0.295161
-1.7728,-0.267251,1.60915,1.64482,-0.353512,0.905867,-0.413079,1.23736,-0.004876,1.05119,1.89305,-1.12356,0.0402649,0.043192,-0.275907,1.14743,-0.325167,-0.190343,0.42603,0.38231
2.38863,0.326796,1.33553,1.85532,1.48405,0.00288519,0.092533,1.81537,0.368882,1.40418,1.94272,2.08315,-1.96256,0.912487,1.71975,2.13399,-0.404343,-0.551718,-1.07019,-0.0434726