0.800236,-3.00414,0.583968,-0.103417,-1.07992,-1.84098,-1.57513,0.145676,-0.767558,-0.0285335,-0.0820004,-2.01094,-0.47106,-0.813892,-0.167449,0.22777,-0.175147,-1.0746,0.223684,-0.563969
0.225354,-0.342219,1.63999,0.509226,-1.06877,-0.0734441,0.220738,0.44571,-0.617851,1.95185,1.9486,-1.46285,-0.16785,-0.592395,0.223532,1.07046,-0.635691,-0.904059,1.0426,0.767102
-0.527499,-1.44045,-0.608437,0.677984,0.028127,0.0711028,-2.26008,-0.420028,-1.2992,-0.0473812,-0.345233,-1.92109,-1.52468,-1.01599,-0.175688,0.118715,-0.933217,-0.102854,-0.256815,0.736704
1.26107,-0.0236904,-0.184988,1.12892,1.92086,0.981183,-1.69889,1.85598,0.275644,0.703338,0.742008,0.94755,-2.44562,0.248444,1.64826,0.725376,-0.0883939,0.748232,-2.46466,-0.444573
-2.13954,0.15119,-1.93043,1.49826,2.19747,1.11899,-1.79799,-1.60553,-0.411045,-2.55258,-2.71648,0.713727,-0.525632,-0.711764,-1.24367,-2.25949,0.196968,1.25472,-1.1148,0.339117
-2.72573,-0.571468,-0.807035,0.270823,0.60987,0.429722,-2.19507,-2.02881,-0.630477,-1.61304,-1.91928,-0.902558,0.678904,-0.397828,-2.23606,-1.90411,0.118717,0.689322,-0.311994,0.628911
1.32565,-0.751386,1.95244,0.691834,1.31419,0.287699,-2.60382,1.3577,0.0854928,2.27298,1.90318,0.050484,-1.46348,0.306835,0.591915,0.476482,0.192743,0.10019,-2.34264,-0.116926
0.0479551,2.29146,-0.847278,0.24025,2.05587,0.973176,0.911386,-1.62276,0.384963,-0.822078,-1.52086,2.61205,0.454935,-0.116101,-0.375301,-2.2259,0.699928,0.981036,-0.706229,0.425179
-2.50227,1.3757,-1.99203,0.185238,2.13817,2.62212,-1.89364,0.253065,0.69603,-1.38445,-1.49229,0.690535,-0.444547,0.279669,-0.33085,-1.73803,0.681652,2.49658,-2.51228,-0.324674
-1.24373,2.21842,-0.76474,0.184158,1.15272,0.50754,1.37128,-2.67156,0.0171214,-1.23331,-1.51801,2.173,1.22321,0.693261,-1.38011,-1.31095,-0.0624778,0.392072,0.713339,1.3988
-0.0397436,0.725631,0.80643,1.53735,2.23881,1.81752,-1.89669,2.44669,0.950698,1.18942,1.75961,1.46452,-1.77852,1.4052,1.09765,1.28511,0.142103,1.12565,-2.8518,-0.34447
-1.82917,0.932098,-0.523022,0.884892,0.770282,1.79538,-0.661601,0.234136,-0.0167249,-0.13085,-0.0261446,-0.280331,-0.320899,-0.349586,-0.203064,-0.480444,-0.0564123,1.0168,-0.545704,0.40644
-1.50388,-0.445608,0.409151,0.532935,-1.1397,0.65096,-0.0335119,2.12164,0.377282,0.366056,1.63122,-1.27061,-0.185749,0.863748,0.4315,2.32823,-0.534667,-0.0329099,0.421427,-0.294408
-1.7728,-0.265574,1.60915,1.64482,-0.353639,0.905944,-0.413081,1.23736,-0.00518655,1.05203,1.89305,-1.12356,0.0405106,0.0429562,-0.276478,1.14743,-0.325254,-0.190332,0.425119,0.383035
2.38863,0.327058,1.33699,1.85532,1.48462,0.00296246,0.0919782,1.81499,0.369033,1.40552,1.94273,2.08315,-1.96256,0.913664,1.71975,2.13399,-0.404193,-0.551516,-1.07019,-0.0430567