0.801051,-3.00414,0.583848,-0.105173,-1.08117,-1.84098,-1.57514,0.144926,-0.768059,-0.0270199,-0.0820008,-2.01094,-0.470348,-0.813894,-0.169448,0.22777,-0.17484,-1.0746,0.224866,-0.563623
0.2259,-0.343577,1.64055,0.509228,-1.0693,-0.0753027,0.220724,0.446723,-0.618342,1.95185,1.9486,-1.46285,-0.168265,-0.59239,0.2236,1.07152,-0.636118,-0.905912,1.04261,0.7671
-0.528528,-1.44086,-0.608436,0.677917,0.0276649,0.0716514,-2.26009,-0.42003,-1.29921,-0.0478067,-0.345881,-1.92109,-1.52468,-1.01599,-0.176682,0.118717,-0.933216,-0.102661,-0.256838,0.736705
1.26235,-0.0221023,-0.18282,1.12925,1.92086,0.982169,-1.69962,1.85598,0.275557,0.704036,0.74239,0.947942,-2.44563,0.248525,1.64826,0.726421,-0.0881121,0.747991,-2.46466,-0.44534
-2.13954,0.152925,-1.93043,1.49826,2.19747,1.12098,-1.79799,-1.6068,-0.410971,-2.55257,-2.71648,0.713801,-0.525547,-0.711761,-1.24455,-2.2595,0.196807,1.25627,-1.11531,0.339821
-2.72573,-0.572637,-0.80868,0.271413,0.610204,0.430418,-2.19507,-2.02881,-0.630477,-1.61305,-1.91927,-0.902822,0.677877,-0.398575,-2.23606,-1.90572,0.118715,0.690697,-0.313147,0.629384
1.32565,-0.752279,1.95244,0.694888,1.31419,0.289174,-2.60382,1.36194,0.0855509,2.27298,1.90475,0.0503633,-1.46573,0.306486,0.593678,0.478587,0.192508,0.09992,-2.34264,-0.118399
0.0478302,2.29147,-0.848155,0.240066,2.05587,0.973267,0.911385,-1.62343,0.385027,-0.8248,-1.522,2.61205,0.455341,-0.116102,-0.375302,-2.2259,0.699859,0.981037,-0.705881,0.424567
-2.50227,1.377,-1.99203,0.186255,2.13817,2.62212,-1.89364,0.251,0.696028,-1.38758,-1.49381,0.691459,-0.443514,0.279671,-0.331683,-1.73803,0.681653,2.49658,-2.51228,-0.325391
-1.24373,2.21842,-0.766462,0.185067,1.15272,0.507895,1.37128,-2.67156,0.0172137,-1.23503,-1.51801,2.173,1.22321,0.693259,-1.38085,-1.31072,-0.0624782,0.392342,0.714214,1.3988
-0.038957,0.726251,0.807465,1.5387,2.23881,1.81752,-1.89669,2.44669,0.950699,1.18942,1.75961,1.46453,-1.77852,1.4052,1.09813,1.28512,0.142356,1.12555,-2.8518,-0.345122
-1.82917,0.932753,-0.522797,0.884895,0.771179,1.79538,-0.66255,0.233453,-0.0167234,-0.131708,-0.0270485,-0.279934,-0.32124,-0.349587,-0.202716,-0.480939,-0.0565718,1.01706,-0.547847,0.406516
-1.50387,-0.444641,0.410721,0.533342,-1.1397,0.650699,-0.0339039,2.12164,0.377281,0.368617,1.63246,-1.27125,-0.185609,0.863748,0.431681,2.32822,-0.534669,-0.0328278,0.42049,-0.293654
-1.7728,-0.2639,1.60915,1.64482,-0.353764,0.906019,-0.413082,1.23736,-0.00549479,1.05287,1.89305,-1.12356,0.0407512,0.0427196,-0.277045,1.14743,-0.325341,-0.190321,0.424209,0.383758
2.38863,0.32732,1.33845,1.85532,1.48518,0.00303698,0.0914233,1.81461,0.36918,1.40684,1.94273,2.08315,-1.96256,0.914839,1.71975,2.13399,-0.404047,-0.551319,-1.07019,-0.0426401