0.802676,-3.00413,0.583617,-0.108674,-1.08367,-1.84098,-1.57514,0.143435,-0.769051,-0.0239751,-0.0820017,-2.01094,-0.468921,-0.813897,-0.173435,0.22777,-0.174225,-1.0746,0.227223,-0.562926
0.226986,-0.346291,1.64165,0.509233,-1.07033,-0.0790057,0.22069,0.448736,-0.619317,1.95185,1.9486,-1.46286,-0.169097,-0.592379,0.223731,1.07362,-0.636961,-0.90959,1.04261,0.767094
-0.530568,-1.44166,-0.608434,0.677782,0.0267464,0.0727495,-2.26009,-0.420032,-1.29921,-0.0486454,-0.347174,-1.92109,-1.52467,-1.01599,-0.178664,0.118721,-0.933215,-0.102271,-0.256893,0.736707
1.2649,-0.0189207,-0.178495,1.12989,1.92086,0.984131,-1.70107,1.85598,0.275383,0.705419,0.743142,0.948717,-2.44563,0.248695,1.64826,0.728496,-0.0875574,0.747505,-2.46466,-0.446861
-2.13954,0.156388,-1.93043,1.49826,2.19747,1.12494,-1.798,-1.60933,-0.410818,-2.55257,-2.71648,0.713945,-0.525367,-0.711756,-1.24629,-2.2595,0.196488,1.25934,-1.11631,0.341214
-2.72573,-0.574964,-0.811965,0.2726,0.610871,0.431819,-2.19507,-2.02881,-0.630477,-1.61306,-1.91927,-0.903338,0.675833,-0.400068,-2.23606,-1.90892,0.118712,0.693431,-0.315435,0.630319
1.32565,-0.754068,1.95244,0.700962,1.31419,0.292109,-2.60382,1.3704,0.0856677,2.27298,1.90786,0.0501152,-1.47023,0.305802,0.597199,0.482794,0.192032,0.099381,-2.34264,-0.121332
0.0475879,2.29147,-0.849897,0.239708,2.05587,0.973447,0.911382,-1.62476,0.385154,-0.830225,-1.52426,2.61205,0.456156,-0.116104,-0.375306,-2.2259,0.699727,0.981039,-0.705174,0.42334
-2.50227,1.37956,-1.99203,0.18828,2.13817,2.62212,-1.89364,0.246896,0.696024,-1.39378,-1.49682,0.693279,-0.441467,0.279675,-0.333344,-1.73804,0.681654,2.49658,-2.51228,-0.32682
-1.24373,2.21842,-0.769887,0.186886,1.15272,0.508598,1.37129,-2.67156,0.0173979,-1.23846,-1.51802,2.17301,1.22321,0.693256,-1.3823,-1.31026,-0.0624789,0.392884,0.715944,1.3988
-0.03738,0.7275,0.809545,1.54135,2.23881,1.81753,-1.8967,2.44668,0.9507,1.18943,1.75961,1.46453,-1.77852,1.4052,1.09908,1.28513,0.142866,1.12534,-2.8518,-0.346426
-1.82917,0.934059,-0.522352,0.884901,0.772969,1.79538,-0.664448,0.232089,-0.0167205,-0.133429,-0.028848,-0.279149,-0.321918,-0.349589,-0.202037,-0.481934,-0.0568826,1.01759,-0.55211,0.406658
-1.50387,-0.442704,0.413853,0.534139,-1.1397,0.650172,-0.0346824,2.12164,0.37728,0.373717,1.63491,-1.27252,-0.185334,0.863748,0.432039,2.32822,-0.534674,-0.0326722,0.418607,-0.292148
-1.7728,-0.260562,1.60916,1.64481,-0.354011,0.906162,-0.413085,1.23736,-0.00610437,1.05455,1.89305,-1.12356,0.0412175,0.0422445,-0.278166,1.14744,-0.325508,-0.190304,0.422391,0.3852
2.38863,0.327846,1.34134,1.85532,1.4863,0.00317774,0.0903132,1.81384,0.369465,1.40944,1.94274,2.08315,-1.96256,0.917179,1.71976,2.13398,-0.403765,-0.550935,-1.07019,-0.0418056