0.805097,-3.00413,0.583286,-0.113898,-1.08742,-1.84099,-1.57514,0.141218,-0.770515,-0.0193645,-0.0820029,-2.01094,-0.466775,-0.813902,-0.179384,0.227771,-0.173298,-1.07461,0.23074,-0.561874
0.228599,-0.350356,1.64329,0.50924,-1.07185,-0.0845248,0.220625,0.451727,-0.620761,1.95186,1.94859,-1.46286,-0.170352,-0.592364,0.223915,1.0767,-0.638192,-0.915041,1.04262,0.767087
-0.533587,-1.44282,-0.608432,0.677582,0.0253827,0.0743986,-2.26009,-0.420036,-1.29921,-0.049872,-0.349101,-1.92108,-1.52467,-1.016,-0.181617,0.118727,-0.933213,-0.101674,-0.256992,0.736709
1.26867,-0.0141357,-0.172036,1.13085,1.92086,0.987046,-1.70318,1.85599,0.27512,0.707462,0.744242,0.949864,-2.44563,0.248965,1.64825,0.731575,-0.0867479,0.746767,-2.46466,-0.449113
-2.13955,0.161561,-1.93044,1.49826,2.19747,1.13082,-1.798,-1.6131,-0.410577,-2.55256,-2.71649,0.714153,-0.52507,-0.711748,-1.24885,-2.25951,0.196019,1.26391,-1.11783,0.34327
-2.72573,-0.578426,-0.816884,0.274396,0.611869,0.433939,-2.19507,-2.02882,-0.630477,-1.61308,-1.91926,-0.904082,0.672787,-0.402304,-2.23606,-1.91363,0.118708,0.697493,-0.31882,0.631696
1.32565,-0.756754,1.95245,0.709984,1.31419,0.296478,-2.60382,1.38299,0.085845,2.27298,1.91248,0.0497268,-1.47696,0.304807,0.602468,0.489092,0.191306,0.0985741,-2.34264,-0.125701
0.0472422,2.29148,-0.852483,0.239195,2.05587,0.973714,0.911378,-1.62675,0.385345,-0.838315,-1.52759,2.61205,0.457391,-0.116108,-0.375311,-2.2259,0.699542,0.981041,-0.704092,0.421491
-2.50227,1.38337,-1.99203,0.191295,2.13817,2.62212,-1.89364,0.240802,0.696019,-1.403,-1.5013,0.695943,-0.438447,0.27968,-0.335829,-1.73805,0.681656,2.49658,-2.51228,-0.328958
-1.24374,2.21842,-0.774981,0.189613,1.15271,0.509634,1.37129,-2.67156,0.0176741,-1.24357,-1.51803,2.17301,1.2232,0.693252,-1.38441,-1.30954,-0.0624801,0.393703,0.718492,1.3988
-0.0350047,0.7294,0.812683,1.54526,2.23882,1.81753,-1.8967,2.44668,0.950702,1.18943,1.7596,1.46453,-1.77852,1.40519,1.10047,1.28515,0.14364,1.125,-2.85182,-0.348377
-1.82917,0.936005,-0.521694,0.884909,0.775639,1.79538,-0.667296,0.230051,-0.0167161,-0.136029,-0.0315268,-0.277988,-0.322929,-0.349593,-0.201057,-0.483434,-0.0573283,1.01836,-0.558449,0.406842
-1.50387,-0.439791,0.418533,0.535297,-1.1397,0.64937,-0.0358367,2.12164,0.377277,0.38131,1.63854,-1.2744,-0.18494,0.863748,0.432567,2.32822,-0.53468,-0.0324598,0.415761,-0.289892
-1.77281,-0.25558,1.60916,1.64481,-0.354373,0.906362,-0.41309,1.23736,-0.00700179,1.05704,1.89304,-1.12356,0.0418803,0.041527,-0.279816,1.14744,-0.325747,-0.190286,0.41967,0.387353
2.38863,0.328637,1.34565,1.85533,1.48796,0.00336842,0.0886481,1.81268,0.369868,1.41324,1.94275,2.08315,-1.96256,0.92067,1.71977,2.13397,-0.403368,-0.550387,-1.0702,-0.04055