0.806701,-3.00413,0.583077,-0.117362,-1.08991,-1.84099,-1.57514,0.139753,-0.771475,-0.0162623,-0.0820036,-2.01094,-0.46534,-0.813905,-0.18333,0.227771,-0.172678,-1.07461,0.233071,-0.561166
0.229663,-0.353063,1.64437,0.509244,-1.07285,-0.0881805,0.220572,0.453702,-0.621712,1.95186,1.94859,-1.46287,-0.171193,-0.592354,0.22403,1.07871,-0.638993,-0.918631,1.04263,0.767082
-0.535573,-1.44356,-0.60843,0.677449,0.0244828,0.075499,-2.26009,-0.420039,-1.29921,-0.0506687,-0.350378,-1.92108,-1.52467,-1.01601,-0.183573,0.11873,-0.933212,-0.101269,-0.257071,0.736711
1.27116,-0.0109379,-0.167748,1.13147,1.92085,0.988972,-1.70456,1.85599,0.274945,0.708802,0.744956,0.950617,-2.44564,0.249155,1.64824,0.733606,-0.086223,0.746269,-2.46466,-0.450595
-2.13955,0.164997,-1.93044,1.49826,2.19747,1.13471,-1.798,-1.6156,-0.41041,-2.55255,-2.71649,0.714286,-0.524856,-0.711742,-1.25054,-2.25952,0.195713,1.26693,-1.11885,0.344617
-2.72573,-0.580716,-0.820157,0.275603,0.612533,0.435366,-2.19507,-2.02882,-0.630477,-1.61309,-1.91926,-0.904561,0.670772,-0.403792,-2.23606,-1.91671,0.118705,0.700176,-0.321045,0.632597
1.32565,-0.758549,1.95245,0.715939,1.31419,0.299366,-2.60382,1.39133,0.0859645,2.27298,1.91551,0.049457,-1.48145,0.304165,0.605973,0.493282,0.190814,0.0980371,-2.34264,-0.128593
0.0470232,2.29148,-0.854189,0.238869,2.05587,0.97389,0.911375,-1.62806,0.385472,-0.843677,-1.52978,2.61205,0.458221,-0.11611,-0.375315,-2.22589,0.699427,0.981042,-0.703355,0.420253
-2.50227,1.38587,-1.99203,0.19329,2.13817,2.62213,-1.89364,0.23678,0.696015,-1.40907,-1.50427,0.697675,-0.436468,0.279684,-0.337479,-1.73805,0.681657,2.49658,-2.51228,-0.330378
-1.24374,2.21841,-0.778347,0.19143,1.15271,0.510312,1.3713,-2.67156,0.0178584,-1.24694,-1.51803,2.17301,1.2232,0.693249,-1.38578,-1.30905,-0.0624809,0.394252,0.720158,1.3988
-0.0334146,0.730684,0.814788,1.54783,2.23882,1.81753,-1.8967,2.44667,0.950703,1.18943,1.7596,1.46453,-1.77852,1.40519,1.10138,1.28516,0.144162,1.12476,-2.85185,-0.349674
-1.82917,0.937293,-0.521262,0.884914,0.77741,1.79537,-0.669194,0.228698,-0.0167132,-0.137773,-0.0332992,-0.277227,-0.323598,-0.349595,-0.200429,-0.48444,-0.057612,1.01887,-0.562638,0.406946
-1.50387,-0.437845,0.421641,0.536044,-1.1397,0.648829,-0.0365973,2.12164,0.377276,0.386334,1.64093,-1.27564,-0.184688,0.863748,0.432913,2.32822,-0.534684,-0.0323317,0.413848,-0.288391
-1.77281,-0.252276,1.60917,1.6448,-0.354609,0.906486,-0.413093,1.23736,-0.00758898,1.05868,1.89304,-1.12355,0.0422982,0.0410457,-0.280894,1.14744,-0.325898,-0.190279,0.417862,0.388781
2.38863,0.329166,1.3485,1.85533,1.48906,0.00348203,0.0875382,1.8119,0.370121,1.4157,1.94276,2.08314,-1.96256,0.922983,1.71978,2.13397,-0.403119,-0.550041,-1.0702,-0.0397108