0.8075,-3.00412,0.582976,-0.119089,-1.09116,-1.84099,-1.57514,0.139024,-0.77195,-0.0147028,-0.082004,-2.01094,-0.464621,-0.813906,-0.185296,0.227771,-0.172368,-1.07461,0.234233,-0.560811
0.230192,-0.354416,1.64491,0.509247,-1.07334,-0.0900012,0.220543,0.454684,-0.622184,1.95186,1.94859,-1.46287,-0.171615,-0.592348,0.224085,1.0797,-0.639387,-0.920413,1.04263,0.767079
-0.536558,-1.44392,-0.608429,0.677383,0.0240355,0.0760494,-2.26009,-0.42004,-1.29921,-0.0510608,-0.351014,-1.92108,-1.52466,-1.01601,-0.184547,0.118732,-0.933211,-0.101065,-0.257114,0.736712
1.27239,-0.00933692,-0.165611,1.13178,1.92085,0.98993,-1.70524,1.856,0.274857,0.709466,0.745308,0.950991,-2.44564,0.249254,1.64824,0.734614,-0.0859649,0.746018,-2.46466,-0.45133
-2.13955,0.166712,-1.93044,1.49826,2.19747,1.13665,-1.798,-1.61684,-0.410324,-2.55255,-2.71649,0.714351,-0.524743,-0.711739,-1.25137,-2.25952,0.195562,1.26844,-1.11936,0.345284
-2.72573,-0.581854,-0.821791,0.276209,0.612865,0.436083,-2.19507,-2.02882,-0.630477,-1.61309,-1.91925,-0.904794,0.669768,-0.404535,-2.23606,-1.91824,0.118704,0.70151,-0.322149,0.633043
1.32565,-0.759447,1.95245,0.7189,1.31419,0.300803,-2.60382,1.39548,0.0860247,2.27298,1.91702,0.049319,-1.48369,0.303851,0.607722,0.495375,0.190566,0.0977689,-2.34264,-0.130033
0.0469171,2.29148,-0.855037,0.23871,2.05587,0.973978,0.911374,-1.62871,0.385536,-0.846349,-1.53086,2.61205,0.458639,-0.116111,-0.375317,-2.22589,0.699371,0.981043,-0.702982,0.419633
-2.50227,1.38711,-1.99203,0.194284,2.13817,2.62213,-1.89364,0.234781,0.696014,-1.41209,-1.50575,0.698527,-0.435488,0.279686,-0.338303,-1.73805,0.681657,2.49658,-2.51228,-0.331086
-1.24374,2.21841,-0.780022,0.192338,1.15271,0.510647,1.3713,-2.67156,0.0179507,-1.24862,-1.51803,2.17301,1.2232,0.693247,-1.38646,-1.30879,-0.0624813,0.394527,0.720982,1.3988
-0.0326177,0.73133,0.815844,1.5491,2.23882,1.81753,-1.89671,2.44667,0.950704,1.18944,1.7596,1.46453,-1.77852,1.40519,1.10183,1.28516,0.144424,1.12463,-2.85186,-0.350321
-1.82917,0.937934,-0.521048,0.884917,0.778292,1.79537,-0.670143,0.228024,-0.0167118,-0.138648,-0.0341814,-0.276849,-0.323931,-0.349596,-0.200122,-0.484945,-0.0577498,1.01913,-0.564721,0.406993
-1.50386,-0.43687,0.423192,0.53641,-1.1397,0.648556,-0.0369749,2.12164,0.377275,0.388834,1.64211,-1.27625,-0.184566,0.863748,0.433085,2.32822,-0.534686,-0.0322717,0.412888,-0.287641
-1.77281,-0.250628,1.60917,1.6448,-0.354725,0.906545,-0.413094,1.23737,-0.00787931,1.0595,1.89304,-1.12355,0.0425001,0.0408042,-0.281428,1.14745,-0.325972,-0.190277,0.416958,0.389493
2.38863,0.329431,1.34991,1.85533,1.48961,0.00353482,0.0869835,1.81151,0.370244,1.41691,1.94276,2.08314,-1.96256,0.924135,1.71978,2.13396,-0.403,-0.549873,-1.07021,-0.0392906