0.808296,-3.00412,0.582876,-0.120812,-1.0924,-1.84099,-1.57514,0.138297,-0.772422,-0.0131377,-0.0820043,-2.01094,-0.463901,-0.813908,-0.187258,0.227771,-0.172058,-1.07461,0.235392,-0.560455
0.230718,-0.355768,1.64544,0.509249,-1.07383,-0.0918172,0.220513,0.455662,-0.622654,1.95186,1.94859,-1.46287,-0.172038,-0.592343,0.224139,1.08069,-0.639778,-0.922186,1.04263,0.767077
-0.537537,-1.44427,-0.608428,0.677317,0.0235901,0.0766,-2.26009,-0.420042,-1.29921,-0.0514487,-0.351648,-1.92108,-1.52466,-1.01601,-0.185518,0.118734,-0.93321,-0.100859,-0.257159,0.736713
1.27362,-0.00773453,-0.163476,1.13209,1.92085,0.990884,-1.70591,1.856,0.274769,0.710126,0.745657,0.951363,-2.44564,0.249354,1.64824,0.735618,-0.0857097,0.745766,-2.46466,-0.452061
-2.13955,0.168424,-1.93044,1.49826,2.19747,1.13857,-1.798,-1.61808,-0.410237,-2.55255,-2.71649,0.714416,-0.524628,-0.711737,-1.2522,-2.25952,0.195412,1.26993,-1.11987,0.345946
-2.72573,-0.58299,-0.823424,0.276817,0.613196,0.436803,-2.19507,-2.02882,-0.630477,-1.6131,-1.91925,-0.905025,0.668767,-0.405277,-2.23606,-1.91975,0.118703,0.702839,-0.323246,0.633485
1.32565,-0.760346,1.95245,0.721849,1.31419,0.302236,-2.60382,1.39962,0.0860852,2.27298,1.91852,0.0491788,-1.48593,0.303541,0.60947,0.497466,0.190316,0.0975008,-2.34264,-0.131469
0.0468131,2.29148,-0.855882,0.238554,2.05587,0.974065,0.911373,-1.62937,0.385599,-0.849014,-1.53193,2.61205,0.459058,-0.116113,-0.375318,-2.22589,0.699317,0.981044,-0.702607,0.419012
-2.50228,1.38835,-1.99203,0.195274,2.13817,2.62213,-1.89364,0.23279,0.696012,-1.41509,-1.50723,0.699372,-0.434514,0.279687,-0.339125,-1.73806,0.681658,2.49658,-2.51228,-0.331794
-1.24374,2.21841,-0.781691,0.193247,1.15271,0.51098,1.3713,-2.67156,0.018043,-1.25029,-1.51804,2.17301,1.2232,0.693246,-1.38712,-1.30853,-0.0624816,0.394803,0.721799,1.3988
-0.0318194,0.731981,0.816903,1.55035,2.23882,1.81753,-1.89671,2.44667,0.950704,1.18944,1.75959,1.46453,-1.77852,1.40519,1.10227,1.28517,0.144687,1.1245,-2.85188,-0.350968
-1.82917,0.938573,-0.520836,0.884919,0.779173,1.79537,-0.671092,0.22735,-0.0167104,-0.139526,-0.035061,-0.276474,-0.324263,-0.349598,-0.199821,-0.485451,-0.057885,1.01938,-0.566797,0.407036
-1.50386,-0.435896,0.42474,0.536771,-1.1397,0.648282,-0.0373507,2.12164,0.377274,0.391327,1.6433,-1.27686,-0.184446,0.863748,0.433255,2.32821,-0.534688,-0.0322143,0.411925,-0.286891
-1.77281,-0.248984,1.60917,1.6448,-0.35484,0.906602,-0.413096,1.23737,-0.00816747,1.06032,1.89304,-1.12355,0.0426974,0.0405621,-0.281957,1.14745,-0.326044,-0.190277,0.416056,0.390203
2.38863,0.329696,1.35133,1.85533,1.49015,0.00358494,0.0864289,1.81112,0.370363,1.4181,1.94276,2.08314,-1.96256,0.925285,1.71978,2.13396,-0.402883,-0.549709,-1.07021,-0.03887