0.80909,-3.00412,0.582779,-0.122532,-1.09364,-1.84099,-1.57514,0.137573,-0.772891,-0.0115672,-0.0820047,-2.01094,-0.463181,-0.813909,-0.189216,0.227771,-0.171747,-1.07461,0.236549,-0.560097
0.231243,-0.357119,1.64597,0.509251,-1.07432,-0.0936284,0.220481,0.456637,-0.623122,1.95187,1.94859,-1.46288,-0.172461,-0.592338,0.224191,1.08166,-0.640164,-0.923951,1.04264,0.767074
-0.538512,-1.44462,-0.608427,0.677251,0.0231465,0.0771507,-2.26009,-0.420043,-1.29921,-0.0518324,-0.352281,-1.92108,-1.52466,-1.01602,-0.186487,0.118736,-0.93321,-0.100651,-0.257207,0.736714
1.27485,-0.00613083,-0.161346,1.13239,1.92085,0.991834,-1.70657,1.856,0.274681,0.710782,0.746001,0.951733,-2.44564,0.249456,1.64823,0.736618,-0.0854573,0.745513,-2.46466,-0.452789
-2.13955,0.170135,-1.93044,1.49826,2.19748,1.14049,-1.798,-1.61932,-0.410148,-2.55255,-2.71649,0.714479,-0.524509,-0.711734,-1.25302,-2.25952,0.195264,1.27142,-1.12038,0.346604
-2.72573,-0.584121,-0.825056,0.277427,0.613527,0.437525,-2.19507,-2.02882,-0.630477,-1.61311,-1.91925,-0.905252,0.66777,-0.406018,-2.23606,-1.92125,0.118701,0.704163,-0.324337,0.633924
1.32565,-0.761245,1.95245,0.724786,1.31419,0.303663,-2.60382,1.40375,0.086146,2.27298,1.92001,0.0490366,-1.48817,0.303235,0.611217,0.499555,0.190064,0.0972328,-2.34264,-0.132901
0.0467113,2.29148,-0.856723,0.238401,2.05587,0.974152,0.911371,-1.63002,0.385663,-0.851673,-1.533,2.61205,0.459478,-0.116114,-0.37532,-2.22589,0.699265,0.981044,-0.702228,0.41839
-2.50228,1.38958,-1.99203,0.196261,2.13817,2.62213,-1.89364,0.230807,0.69601,-1.41809,-1.5087,0.700208,-0.433548,0.279689,-0.339946,-1.73806,0.681658,2.49658,-2.51228,-0.332501
-1.24374,2.21841,-0.783354,0.194154,1.15271,0.511311,1.37131,-2.67156,0.0181355,-1.25196,-1.51804,2.17301,1.2232,0.693244,-1.38778,-1.30827,-0.062482,0.39508,0.722611,1.3988
-0.0310199,0.732634,0.817963,1.5516,2.23882,1.81753,-1.89671,2.44667,0.950705,1.18944,1.75959,1.46453,-1.77851,1.40518,1.10271,1.28517,0.144952,1.12437,-2.8519,-0.351614
-1.82917,0.939211,-0.520625,0.884922,0.780051,1.79537,-0.67204,0.226678,-0.016709,-0.140405,-0.0359381,-0.276101,-0.324594,-0.349599,-0.199524,-0.485958,-0.0580175,1.01963,-0.568866,0.407076
-1.50386,-0.43492,0.426285,0.537128,-1.13971,0.648007,-0.0377247,2.12165,0.377273,0.393813,1.64447,-1.27747,-0.184329,0.863748,0.433425,2.32821,-0.53469,-0.0321595,0.410959,-0.286142
-1.77281,-0.247344,1.60918,1.6448,-0.354955,0.906657,-0.413097,1.23737,-0.0084535,1.06113,1.89304,-1.12355,0.0428901,0.0403196,-0.282482,1.14745,-0.326114,-0.190277,0.415155,0.390912
2.38863,0.329962,1.35273,1.85533,1.49069,0.00363242,0.0858744,1.81073,0.37048,1.41929,1.94277,2.08314,-1.96255,0.926432,1.71978,2.13396,-0.40277,-0.549549,-1.07021,-0.038449