0.812246,-3.00411,0.582412,-0.129377,-1.09861,-1.841,-1.57515,0.1347,-0.774738,-0.00523059,-0.082006,-2.01094,-0.460291,-0.813916,-0.197005,0.227772,-0.170503,-1.07462,0.241146,-0.558656
0.233318,-0.362518,1.64806,0.50926,-1.07623,-0.100825,0.220337,0.4605,-0.624968,1.95187,1.94859,-1.46289,-0.17416,-0.592318,0.224386,1.08547,-0.641671,-0.930925,1.04265,0.767065
-0.542358,-1.44595,-0.608423,0.676989,0.0213897,0.0793542,-2.2601,-0.420049,-1.29922,-0.053325,-0.354795,-1.92108,-1.52466,-1.01603,-0.190337,0.118743,-0.933207,-0.099808,-0.25742,0.736717
1.2797,0.000295979,-0.152863,1.13359,1.92085,0.995602,-1.70918,1.85601,0.274329,0.713366,0.747346,0.953195,-2.44564,0.249885,1.64822,0.740575,-0.0844761,0.74449,-2.46466,-0.455661
-2.13955,0.176954,-1.93045,1.49826,2.19748,1.1481,-1.798,-1.62424,-0.409781,-2.55253,-2.7165,0.714724,-0.524003,-0.711724,-1.25627,-2.25953,0.194684,1.27734,-1.12242,0.349192
-2.72574,-0.588607,-0.831568,0.279887,0.61485,0.440436,-2.19507,-2.02883,-0.630477,-1.61313,-1.91924,-0.906129,0.663807,-0.408976,-2.23605,-1.92714,0.118696,0.709409,-0.328638,0.635647
1.32565,-0.764848,1.95246,0.73642,1.31418,0.309326,-2.60382,1.42015,0.0863924,2.27298,1.92591,0.0484469,-1.49712,0.302055,0.618187,0.507892,0.189041,0.0961621,-2.34264,-0.138587
0.0463247,2.29149,-0.860055,0.237818,2.05587,0.974495,0.911366,-1.6326,0.385917,-0.862246,-1.5372,2.61205,0.461172,-0.116118,-0.375327,-2.22589,0.69907,0.981047,-0.700687,0.415896
-2.50228,1.39443,-1.99203,0.200181,2.13817,2.62213,-1.89364,0.222952,0.696003,-1.42992,-1.51454,0.703468,-0.429744,0.279696,-0.343217,-1.73807,0.681661,2.49658,-2.51227,-0.335316
-1.24375,2.21841,-0.78995,0.197783,1.15271,0.51261,1.37131,-2.67156,0.0185068,-1.25858,-1.51805,2.17301,1.2232,0.693238,-1.39034,-1.30719,-0.0624837,0.396193,0.725794,1.3988
-0.0278096,0.73528,0.822226,1.55651,2.23883,1.81754,-1.89671,2.44666,0.950707,1.18944,1.75958,1.46454,-1.77851,1.40518,1.10443,1.2852,0.146019,1.1238,-2.85198,-0.35419
-1.82917,0.941741,-0.519798,0.884933,0.783547,1.79536,-0.67583,0.224,-0.0167035,-0.14394,-0.0394204,-0.274632,-0.325911,-0.349604,-0.198386,-0.487998,-0.0585214,1.02063,-0.577069,0.407199
-1.50386,-0.431014,0.432443,0.538506,-1.13971,0.646891,-0.0392027,2.12165,0.37727,0.403678,1.64912,-1.27988,-0.183882,0.863748,0.434092,2.32821,-0.534698,-0.0319655,0.40707,-0.283153
-1.77282,-0.240815,1.60918,1.64479,-0.355403,0.906861,-0.413103,1.23737,-0.00957652,1.06436,1.89304,-1.12355,0.0436159,0.0393444,-0.284543,1.14746,-0.326383,-0.190288,0.411558,0.39373
2.38863,0.331029,1.35832,1.85533,1.49284,0.0037961,0.0836586,1.80915,0.370918,1.42389,1.94278,2.08314,-1.96255,0.930992,1.7198,2.13395,-0.402347,-0.548941,-1.07022,-0.0367615