0.81459,-3.00411,0.582158,-0.134475,-1.10232,-1.841,-1.57515,0.132569,-0.776092,-0.000422441,-0.0820069,-2.01095,-0.458117,-0.81392,-0.202802,0.227772,-0.16957,-1.07462,0.244564,-0.557564
0.234851,-0.366561,1.6496,0.509266,-1.07764,-0.106173,0.220213,0.46336,-0.626329,1.95188,1.94859,-1.46289,-0.17544,-0.592304,0.224516,1.08823,-0.642763,-0.936066,1.04265,0.767058
-0.54519,-1.44689,-0.60842,0.676793,0.0200904,0.0810071,-2.2601,-0.420053,-1.29922,-0.0544003,-0.356664,-1.92108,-1.52465,-1.01604,-0.193198,0.118749,-0.933205,-0.0991616,-0.257604,0.736719
1.28327,0.00512719,-0.146541,1.13447,1.92085,0.998391,-1.71107,1.85602,0.274064,0.715261,0.748319,0.954274,-2.44565,0.250226,1.64822,0.7435,-0.0837693,0.743711,-2.46466,-0.457776
-2.13955,0.182048,-1.93045,1.49825,2.19748,1.15374,-1.79801,-1.62789,-0.409493,-2.55253,-2.7165,0.7149,-0.523592,-0.711716,-1.25865,-2.25954,0.194263,1.28171,-1.12396,0.351088
-2.72574,-0.591932,-0.836437,0.281751,0.615839,0.442643,-2.19506,-2.02883,-0.630477,-1.61314,-1.91923,-0.906757,0.660865,-0.411186,-2.23605,-1.93144,0.118692,0.713291,-0.3318,0.636906
1.32564,-0.767557,1.95246,0.745025,1.31418,0.313522,-2.60382,1.43234,0.0865806,2.27298,1.93026,0.0479832,-1.50381,0.301215,0.623399,0.514124,0.188255,0.0953598,-2.34265,-0.142808
0.0460556,2.2915,-0.862521,0.237409,2.05587,0.974748,0.911363,-1.63452,0.386107,-0.870108,-1.54028,2.61205,0.462455,-0.116121,-0.375331,-2.22588,0.69894,0.981049,-0.699504,0.414019
-2.50228,1.398,-1.99203,0.203089,2.13817,2.62214,-1.89364,0.217142,0.695998,-1.43866,-1.51888,0.705827,-0.426957,0.279702,-0.345655,-1.73808,0.681662,2.49658,-2.51227,-0.337417
-1.24375,2.21841,-0.794837,0.200501,1.1527,0.51356,1.37132,-2.67156,0.0187872,-1.26349,-1.51806,2.17301,1.22319,0.693234,-1.39219,-1.30634,-0.0624849,0.397036,0.728118,1.3988
-0.0253891,0.737297,0.825444,1.56011,2.23883,1.81754,-1.89672,2.44666,0.950709,1.18945,1.75958,1.46454,-1.77851,1.40517,1.10568,1.28521,0.146829,1.12335,-2.85207,-0.356114
-1.82917,0.943619,-0.519193,0.88494,0.78615,1.79536,-0.678668,0.222004,-0.0166995,-0.146611,-0.0420058,-0.273554,-0.32689,-0.349607,-0.197581,-0.489541,-0.0588722,1.02138,-0.583145,0.407255
-1.50385,-0.428082,0.437035,0.539492,-1.13971,0.646041,-0.0402924,2.12165,0.377268,0.410997,1.65254,-1.28166,-0.183571,0.863749,0.434581,2.3282,-0.534704,-0.0318457,0.404128,-0.280918
-1.77282,-0.235954,1.60919,1.64479,-0.355729,0.906996,-0.413107,1.23737,-0.0103971,1.06676,1.89303,-1.12354,0.044114,0.0386082,-0.286049,1.14746,-0.326569,-0.190306,0.40887,0.395828
2.38863,0.331833,1.36246,1.85534,1.49443,0.00389164,0.0819996,1.80795,0.371218,1.42721,1.94279,2.08314,-1.96255,0.934383,1.7198,2.13394,-0.40206,-0.548521,-1.07022,-0.0354926