0.816914,-3.00411,0.58192,-0.139545,-1.10602,-1.84101,-1.57515,0.130458,-0.77742,0.00443208,-0.0820076,-2.01095,-0.455936,-0.813925,-0.208559,0.227772,-0.168636,-1.07462,0.247956,-0.556462
0.236362,-0.370597,1.65112,0.509273,-1.07901,-0.111477,0.220076,0.46619,-0.627671,1.95188,1.94859,-1.4629,-0.176725,-0.592289,0.224634,1.09092,-0.643822,-0.941133,1.04266,0.767051
-0.547977,-1.44778,-0.608418,0.676598,0.0188064,0.0826598,-2.2601,-0.420057,-1.29922,-0.0554377,-0.358518,-1.92108,-1.52465,-1.01604,-0.196035,0.118754,-0.933203,-0.0985035,-0.257809,0.736722
1.2868,0.00996633,-0.140254,1.13533,1.92084,1.00115,-1.7129,1.85602,0.273798,0.717122,0.749263,0.95534,-2.44565,0.250583,1.64821,0.746388,-0.0830868,0.742923,-2.46466,-0.459858
-2.13955,0.187127,-1.93046,1.49825,2.19748,1.15932,-1.79801,-1.63152,-0.409195,-2.55252,-2.7165,0.715069,-0.523154,-0.711709,-1.26099,-2.25955,0.193855,1.28604,-1.12551,0.352945
-2.72574,-0.595221,-0.841292,0.283632,0.616827,0.444869,-2.19506,-2.02883,-0.630478,-1.61316,-1.91922,-0.90736,0.657948,-0.413387,-2.23605,-1.93566,0.118688,0.717129,-0.334906,0.638137
1.32564,-0.770271,1.95246,0.753528,1.31418,0.317675,-2.60382,1.44443,0.0867718,2.27298,1.93455,0.0475016,-1.51049,0.300415,0.628596,0.520336,0.187455,0.094558,-2.34265,-0.146993
0.0458034,2.2915,-0.864958,0.237024,2.05587,0.974999,0.911359,-1.63642,0.386297,-0.877914,-1.54329,2.61205,0.463748,-0.116124,-0.375336,-2.22588,0.698821,0.981051,-0.698297,0.412138
-2.50229,1.40152,-1.99203,0.20597,2.13817,2.62214,-1.89364,0.211399,0.695993,-1.44728,-1.52318,0.708115,-0.424225,0.279707,-0.348081,-1.73809,0.681664,2.49658,-2.51227,-0.339507
-1.24376,2.21841,-0.799674,0.203214,1.1527,0.514491,1.37133,-2.67155,0.0190697,-1.26835,-1.51807,2.17301,1.22319,0.69323,-1.39397,-1.30546,-0.0624861,0.397884,0.730389,1.3988
-0.0229582,0.739342,0.828677,1.56362,2.23883,1.81754,-1.89672,2.44665,0.95071,1.18945,1.75957,1.46454,-1.77851,1.40517,1.10689,1.28523,0.147647,1.12286,-2.85216,-0.358031
-1.82917,0.945477,-0.518603,0.884948,0.788737,1.79536,-0.681501,0.220019,-0.0166956,-0.149296,-0.044569,-0.272495,-0.327861,-0.349611,-0.196816,-0.491094,-0.0592002,1.02211,-0.589157,0.407282
-1.50385,-0.42515,0.441606,0.540439,-1.13971,0.645178,-0.0413661,2.12165,0.377266,0.418247,1.65592,-1.28342,-0.18328,0.863749,0.435062,2.3282,-0.534709,-0.0317473,0.401165,-0.278689
-1.77282,-0.231124,1.6092,1.64478,-0.356049,0.907116,-0.413111,1.23738,-0.0111997,1.06913,1.89303,-1.12354,0.0445739,0.0378685,-0.287521,1.14747,-0.326743,-0.190333,0.406189,0.39791
2.38863,0.33264,1.36656,1.85534,1.496,0.00396421,0.0803438,1.80675,0.371495,1.43042,1.9428,2.08314,-1.96255,0.93775,1.71981,2.13393,-0.401798,-0.54813,-1.07023,-0.0342213