0.817685,-3.00411,0.581845,-0.141229,-1.10726,-1.84101,-1.57515,0.129759,-0.777857,0.00606033,-0.0820078,-2.01095,-0.455208,-0.813927,-0.210469,0.227772,-0.168325,-1.07462,0.24908,-0.556092
0.236861,-0.371942,1.65162,0.509275,-1.07946,-0.113235,0.220028,0.467126,-0.628113,1.95189,1.94859,-1.4629,-0.177153,-0.592285,0.224671,1.09181,-0.644168,-0.942805,1.04267,0.767048
-0.548897,-1.44806,-0.608417,0.676534,0.0183818,0.0832105,-2.2601,-0.420058,-1.29922,-0.0557752,-0.359132,-1.92108,-1.52465,-1.01605,-0.196975,0.118756,-0.933202,-0.0982816,-0.257882,0.736722
1.28797,0.0115809,-0.138166,1.13562,1.92084,1.00206,-1.7135,1.85602,0.27371,0.717735,0.749571,0.955693,-2.44565,0.250705,1.64821,0.747343,-0.0828647,0.742658,-2.46466,-0.460544
-2.13955,0.188817,-1.93046,1.49825,2.19749,1.16117,-1.79801,-1.63272,-0.409093,-2.55251,-2.7165,0.715124,-0.523002,-0.711706,-1.26176,-2.25955,0.193722,1.28748,-1.12602,0.353556
-2.72574,-0.59631,-0.842907,0.284263,0.617156,0.445615,-2.19506,-2.02883,-0.630478,-1.61317,-1.91922,-0.907556,0.656981,-0.414118,-2.23605,-1.93704,0.118687,0.718398,-0.33593,0.638541
1.32564,-0.771177,1.95246,0.75634,1.31418,0.31905,-2.60382,1.44843,0.0868363,2.27298,1.93597,0.0473371,-1.51271,0.300157,0.630326,0.522403,0.187185,0.0942908,-2.34265,-0.14838
0.045723,2.2915,-0.865765,0.236901,2.05587,0.975082,0.911358,-1.63706,0.38636,-0.880503,-1.54429,2.61205,0.464181,-0.116125,-0.375338,-2.22588,0.698784,0.981052,-0.697889,0.411511
-2.50229,1.40268,-1.99203,0.206925,2.13817,2.62214,-1.89364,0.2095,0.695991,-1.45013,-1.5246,0.708862,-0.423326,0.279708,-0.348886,-1.73809,0.681664,2.49658,-2.51227,-0.340201
-1.24376,2.21841,-0.801276,0.204118,1.1527,0.514798,1.37133,-2.67155,0.0191645,-1.26996,-1.51807,2.17302,1.22319,0.693228,-1.39454,-1.30516,-0.0624865,0.398168,0.731134,1.3988
-0.0221457,0.740029,0.829759,1.56477,2.23883,1.81754,-1.89672,2.44665,0.950711,1.18945,1.75957,1.46454,-1.7785,1.40517,1.10729,1.28523,0.147922,1.1227,-2.8522,-0.358668
-1.82917,0.946093,-0.51841,0.884951,0.789595,1.79536,-0.682444,0.21936,-0.0166943,-0.150194,-0.0454185,-0.272147,-0.328184,-0.349612,-0.196569,-0.491614,-0.0593046,1.02235,-0.591147,0.407284
-1.50385,-0.424172,0.443124,0.540746,-1.13971,0.644888,-0.0417204,2.12165,0.377265,0.420649,1.65704,-1.284,-0.183187,0.863749,0.43522,2.3282,-0.534711,-0.031719,0.400173,-0.277948
-1.77282,-0.229521,1.6092,1.64478,-0.356154,0.907153,-0.413113,1.23738,-0.0114633,1.06991,1.89303,-1.12354,0.0447188,0.0376211,-0.288004,1.14747,-0.326799,-0.190344,0.405297,0.398601
2.38863,0.332911,1.36792,1.85534,1.49652,0.00398335,0.0797927,1.80635,0.371582,1.43146,1.9428,2.08314,-1.96255,0.938867,1.71982,2.13393,-0.401716,-0.548006,-1.07023,-0.0337971