0.819983,-3.0041,0.581628,-0.146261,-1.11095,-1.84101,-1.57515,0.127672,-0.779152,0.0109746,-0.0820084,-2.01095,-0.453021,-0.813932,-0.216173,0.227772,-0.167393,-1.07463,0.252436,-0.554977
0.238344,-0.375971,1.6531,0.509281,-1.0808,-0.118481,0.219876,0.469916,-0.629428,1.95189,1.94859,-1.46291,-0.178442,-0.59227,0.224773,1.0944,-0.645185,-0.947773,1.04267,0.767041
-0.551627,-1.44888,-0.608414,0.676339,0.0171179,0.0848621,-2.26011,-0.420063,-1.29922,-0.0567622,-0.360967,-1.92107,-1.52464,-1.01606,-0.199781,0.118761,-0.9332,-0.0976085,-0.258113,0.736725
1.29143,0.0164284,-0.131926,1.13646,1.92084,1.00478,-1.71527,1.85603,0.273444,0.719551,0.750478,0.956742,-2.44566,0.251082,1.6482,0.750185,-0.0822138,0.741858,-2.46466,-0.462581
-2.13955,0.193878,-1.93047,1.49825,2.19749,1.16667,-1.79801,-1.63631,-0.408781,-2.55251,-2.71651,0.715285,-0.522531,-0.711699,-1.26404,-2.25956,0.193331,1.29174,-1.12757,0.355363
-2.72574,-0.599553,-0.847742,0.286164,0.618141,0.447864,-2.19506,-2.02883,-0.630478,-1.61318,-1.91921,-0.90813,0.654096,-0.416307,-2.23605,-1.94113,0.118683,0.722178,-0.338963,0.639734
1.32564,-0.773897,1.95247,0.764708,1.31418,0.323145,-2.60382,1.46039,0.0870316,2.27298,1.94018,0.0468319,-1.51936,0.299409,0.635505,0.528588,0.186365,0.0934891,-2.34265,-0.152516
0.0454921,2.29151,-0.868167,0.236546,2.05587,0.975328,0.911355,-1.63894,0.386548,-0.888233,-1.54723,2.61205,0.465487,-0.116128,-0.375342,-2.22588,0.698681,0.981054,-0.696653,0.409626
-2.50229,1.40612,-1.99203,0.209769,2.13816,2.62214,-1.89364,0.203845,0.695986,-1.4586,-1.52885,0.711056,-0.420666,0.279713,-0.351294,-1.7381,0.681666,2.49658,-2.51227,-0.342277
-1.24376,2.2184,-0.806047,0.206825,1.1527,0.515704,1.37133,-2.67155,0.0194503,-1.27477,-1.51808,2.17302,1.22319,0.693224,-1.39624,-1.30424,-0.0624878,0.399025,0.733335,1.3988
-0.0197015,0.742109,0.833011,1.56819,2.23884,1.81754,-1.89673,2.44665,0.950712,1.18946,1.75956,1.46455,-1.7785,1.40516,1.10846,1.28525,0.14875,1.12218,-2.85231,-0.360574
-1.82917,0.947926,-0.51784,0.884958,0.79216,1.79535,-0.685269,0.217391,-0.0166904,-0.152896,-0.0479528,-0.271114,-0.329147,-0.349615,-0.195855,-0.493182,-0.059603,1.02308,-0.597075,0.407271
-1.50385,-0.421241,0.447665,0.541642,-1.13972,0.64401,-0.0427729,2.12165,0.377263,0.427809,1.66035,-1.28573,-0.182923,0.86375,0.43569,2.3282,-0.534717,-0.0316476,0.397185,-0.275729
-1.77283,-0.224733,1.60921,1.64477,-0.356464,0.907255,-0.413117,1.23738,-0.0122426,1.07225,1.89303,-1.12353,0.0451292,0.0368771,-0.289433,1.14747,-0.326958,-0.19038,0.402626,0.400663
2.38863,0.333723,1.37197,1.85534,1.49806,0.00402578,0.0781421,1.80515,0.371829,1.43452,1.94281,2.08314,-1.96255,0.942202,1.71982,2.13392,-0.401486,-0.547654,-1.07024,-0.0325232