0.821504,-3.0041,0.581492,-0.149601,-1.11341,-1.84101,-1.57515,0.126292,-0.780002,0.014275,-0.0820087,-2.01095,-0.45156,-0.813935,-0.219954,0.227772,-0.166773,-1.07463,0.254657,-0.554228
0.239321,-0.378654,1.65407,0.509285,-1.08168,-0.121955,0.219768,0.471759,-0.630295,1.95189,1.94859,-1.46291,-0.179302,-0.592261,0.224835,1.09609,-0.645847,-0.951045,1.04268,0.767037
-0.553423,-1.4494,-0.608412,0.67621,0.0162834,0.0859625,-2.26011,-0.420066,-1.29923,-0.0573993,-0.362181,-1.92107,-1.52464,-1.01606,-0.201639,0.118765,-0.933199,-0.0971538,-0.258277,0.736726
1.29372,0.0196628,-0.127785,1.13701,1.92084,1.00658,-1.71642,1.85603,0.273267,0.720743,0.751067,0.957436,-2.44566,0.251341,1.6482,0.75206,-0.0817928,0.74132,-2.46466,-0.463921
-2.13955,0.197246,-1.93047,1.49825,2.19749,1.17031,-1.79801,-1.63869,-0.408568,-2.5525,-2.71651,0.715389,-0.522203,-0.711694,-1.26555,-2.25956,0.193077,1.29456,-1.1286,0.356547
-2.72574,-0.601695,-0.850957,0.287441,0.618797,0.449372,-2.19506,-2.02883,-0.630478,-1.61319,-1.9192,-0.908502,0.652187,-0.41776,-2.23605,-1.9438,0.118681,0.724673,-0.340955,0.640515
1.32564,-0.775712,1.95247,0.770232,1.31418,0.325852,-2.60382,1.4683,0.0871635,2.27298,1.94295,0.0464855,-1.52379,0.298932,0.638951,0.532701,0.18581,0.0929546,-2.34265,-0.155253
0.0453467,2.29151,-0.869754,0.236321,2.05587,0.975491,0.911353,-1.64019,0.386674,-0.893354,-1.54916,2.61205,0.466361,-0.11613,-0.375345,-2.22587,0.698618,0.981056,-0.695817,0.408369
-2.50229,1.40839,-1.99203,0.21165,2.13816,2.62214,-1.89364,0.20011,0.695983,-1.46419,-1.53166,0.712482,-0.418922,0.279717,-0.35289,-1.73811,0.681666,2.49658,-2.51227,-0.343655
-1.24377,2.2184,-0.8092,0.208627,1.15269,0.516299,1.37134,-2.67155,0.0196424,-1.27794,-1.51808,2.17302,1.22319,0.693221,-1.39734,-1.30361,-0.0624886,0.3996,0.734773,1.3988
-0.0180668,0.74351,0.835186,1.57042,2.23884,1.81755,-1.89673,2.44665,0.950713,1.18946,1.75956,1.46455,-1.7785,1.40516,1.10922,1.28526,0.149306,1.12182,-2.85239,-0.36184
-1.82917,0.949138,-0.517468,0.884963,0.793862,1.79535,-0.687148,0.216084,-0.0166879,-0.154705,-0.0496305,-0.270435,-0.329786,-0.349618,-0.1954,-0.494233,-0.0597898,1.02356,-0.600992,0.407247
-1.50384,-0.419289,0.45068,0.542219,-1.13972,0.643418,-0.0434657,2.12165,0.377262,0.432544,1.66254,-1.28687,-0.182759,0.86375,0.435998,2.32819,-0.534721,-0.0316109,0.395183,-0.274255
-1.77283,-0.221558,1.60921,1.64477,-0.356667,0.907316,-0.413119,1.23738,-0.0127526,1.07379,1.89303,-1.12353,0.0453827,0.0363794,-0.290369,1.14748,-0.327057,-0.190409,0.400849,0.40203
2.38863,0.334268,1.37465,1.85535,1.49909,0.00404167,0.0770443,1.80434,0.371982,1.4365,1.94282,2.08314,-1.96255,0.944412,1.71983,2.13391,-0.401345,-0.547434,-1.07024,-0.0316729