0.822261,-3.0041,0.581427,-0.151267,-1.11464,-1.84101,-1.57515,0.125604,-0.780423,0.0159322,-0.0820089,-2.01095,-0.450829,-0.813936,-0.221838,0.227771,-0.166463,-1.07463,0.255763,-0.553852
0.239806,-0.379995,1.65455,0.509287,-1.08212,-0.123684,0.219713,0.472676,-0.630725,1.9519,1.94859,-1.46292,-0.179733,-0.592256,0.224864,1.09693,-0.646172,-0.952669,1.04268,0.767035
-0.554315,-1.44965,-0.608411,0.676146,0.0158685,0.0865125,-2.26011,-0.420067,-1.29923,-0.0577116,-0.362786,-1.92107,-1.52464,-1.01606,-0.202564,0.118767,-0.933198,-0.0969246,-0.258363,0.736727
1.29485,0.0212806,-0.125721,1.13729,1.92084,1.00747,-1.71699,1.85604,0.273178,0.721333,0.751358,0.957781,-2.44566,0.251473,1.64819,0.752993,-0.0815861,0.74105,-2.46467,-0.464586
-2.13955,0.198928,-1.93047,1.49825,2.19749,1.17212,-1.79801,-1.63988,-0.40846,-2.5525,-2.71651,0.71544,-0.522035,-0.711692,-1.26629,-2.25957,0.192953,1.29597,-1.12911,0.357134
-2.72574,-0.60276,-0.852562,0.288081,0.619125,0.450129,-2.19506,-2.02883,-0.630478,-1.6132,-1.9192,-0.908685,0.651237,-0.418485,-2.23604,-1.94513,0.118679,0.725913,-0.341942,0.640901
1.32564,-0.776621,1.95247,0.772977,1.31418,0.327198,-2.60382,1.47224,0.08723,2.27298,1.94433,0.0463094,-1.526,0.2987,0.640671,0.534753,0.18553,0.0926872,-2.34265,-0.156615
0.0452764,2.29151,-0.870543,0.236213,2.05587,0.975571,0.911352,-1.64081,0.386736,-0.895906,-1.55012,2.61205,0.4668,-0.116131,-0.375347,-2.22587,0.698589,0.981056,-0.695396,0.40774
-2.50229,1.40951,-1.99203,0.212585,2.13816,2.62214,-1.89364,0.198254,0.695981,-1.46696,-1.53305,0.713183,-0.418058,0.279718,-0.353686,-1.73811,0.681667,2.49658,-2.51227,-0.344342
-1.24377,2.2184,-0.810769,0.209527,1.15269,0.516593,1.37134,-2.67155,0.019739,-1.27952,-1.51808,2.17302,1.22319,0.69322,-1.39788,-1.30329,-0.062489,0.399889,0.735484,1.3988
-0.017248,0.744214,0.836276,1.57152,2.23884,1.81755,-1.89673,2.44664,0.950714,1.18946,1.75955,1.46455,-1.7785,1.40516,1.1096,1.28526,0.149586,1.12164,-2.85244,-0.362472
-1.82917,0.949741,-0.517284,0.884966,0.79471,1.79535,-0.688087,0.215432,-0.0166867,-0.155611,-0.0504659,-0.270099,-0.330104,-0.349619,-0.195178,-0.49476,-0.0598797,1.0238,-0.60294,0.40723
-1.50384,-0.418313,0.452184,0.542501,-1.13972,0.64312,-0.0438095,2.12165,0.377261,0.434901,1.66362,-1.28743,-0.182679,0.86375,0.436151,2.32819,-0.534723,-0.0315957,0.394179,-0.273519
-1.77283,-0.219976,1.60921,1.64477,-0.356768,0.907345,-0.413121,1.23738,-0.0130048,1.07456,1.89302,-1.12353,0.0455036,0.0361302,-0.290832,1.14748,-0.327105,-0.190424,0.399962,0.40271
2.38862,0.33454,1.37598,1.85535,1.49959,0.00404593,0.0764961,1.80394,0.372055,1.43747,1.94282,2.08314,-1.96255,0.945513,1.71983,2.13391,-0.401278,-0.547329,-1.07024,-0.0312476