0.824519,-3.00409,0.581239,-0.156246,-1.11833,-1.84102,-1.57515,0.123553,-0.781671,0.0209317,-0.0820092,-2.01095,-0.448633,-0.813941,-0.227462,0.227771,-0.165534,-1.07463,0.259063,-0.552717
0.241246,-0.384014,1.65598,0.509294,-1.08341,-0.128843,0.219539,0.475408,-0.632002,1.9519,1.94858,-1.46292,-0.181025,-0.592243,0.224945,1.09938,-0.647131,-0.957492,1.04269,0.767028
-0.556961,-1.45037,-0.608409,0.675952,0.0146336,0.0881612,-2.26011,-0.420072,-1.29923,-0.0586233,-0.364591,-1.92107,-1.52463,-1.01607,-0.205324,0.118772,-0.933196,-0.0962301,-0.258632,0.736729
1.29822,0.0261362,-0.119552,1.1381,1.92084,1.01013,-1.71865,1.85604,0.272912,0.723083,0.752213,0.95881,-2.44566,0.251878,1.64819,0.755768,-0.0809809,0.740234,-2.46467,-0.466559
-2.13955,0.203968,-1.93047,1.49825,2.19749,1.17751,-1.79802,-1.64341,-0.408131,-2.55249,-2.71651,0.715591,-0.521515,-0.711685,-1.26851,-2.25957,0.192588,1.30014,-1.13066,0.358868
-2.72574,-0.605932,-0.857365,0.290013,0.620107,0.45241,-2.19506,-2.02884,-0.630478,-1.61322,-1.91919,-0.909221,0.648401,-0.420653,-2.23604,-1.94904,0.118675,0.729605,-0.344868,0.642041
1.32564,-0.779349,1.95247,0.781146,1.31418,0.331207,-2.60382,1.484,0.0874314,2.27298,1.94843,0.04577,-1.53262,0.298031,0.645823,0.540896,0.184681,0.0918848,-2.34265,-0.160678
0.0450751,2.29152,-0.872894,0.2359,2.05587,0.975812,0.911349,-1.64266,0.386923,-0.903521,-1.55295,2.61205,0.46812,-0.116134,-0.375351,-2.22587,0.698507,0.981058,-0.694118,0.405853
-2.5023,1.41284,-1.99203,0.215374,2.13816,2.62215,-1.89364,0.192726,0.695976,-1.4752,-1.53722,0.715244,-0.415502,0.279723,-0.356064,-1.73812,0.681668,2.49658,-2.51226,-0.346395
-1.24377,2.2184,-0.815444,0.212223,1.15269,0.517466,1.37135,-2.67155,0.0200307,-1.28424,-1.51809,2.17302,1.22318,0.693216,-1.39946,-1.30231,-0.0624902,0.400759,0.737583,1.3988
-0.0147856,0.746343,0.839552,1.57479,2.23884,1.81755,-1.89673,2.44664,0.950715,1.18947,1.75955,1.46455,-1.7785,1.40515,1.11071,1.28528,0.150427,1.12108,-2.85257,-0.364361
-1.82917,0.951535,-0.516744,0.884973,0.797244,1.79534,-0.690896,0.213486,-0.016683,-0.158337,-0.0529582,-0.269104,-0.331055,-0.349622,-0.194536,-0.496349,-0.0601352,1.02452,-0.608744,0.407161
-1.50384,-0.415389,0.456681,0.543325,-1.13972,0.64222,-0.0448305,2.12165,0.377259,0.441925,1.66685,-1.28912,-0.182455,0.86375,0.436605,2.32819,-0.534728,-0.0315625,0.391157,-0.271317
-1.77283,-0.215251,1.60922,1.64476,-0.357067,0.907422,-0.413125,1.23739,-0.0137505,1.07684,1.89302,-1.12353,0.0458432,0.0353807,-0.2922,1.14748,-0.327241,-0.190475,0.397306,0.40474
2.38862,0.335362,1.37996,1.85535,1.5011,0.00404408,0.0748554,1.80273,0.37226,1.44032,1.94283,2.08314,-1.96255,0.9488,1.71984,2.1339,-0.401092,-0.547031,-1.07025,-0.0299706