0.825268,-3.00409,0.581179,-0.1579,-1.11955,-1.84102,-1.57515,0.122872,-0.782082,0.0226072,-0.0820092,-2.01095,-0.447901,-0.813943,-0.229327,0.227771,-0.165225,-1.07463,0.260156,-0.552337
0.241721,-0.385352,1.65645,0.509296,-1.08383,-0.130553,0.21948,0.476312,-0.632424,1.9519,1.94858,-1.46293,-0.181456,-0.592238,0.224969,1.10018,-0.647444,-0.959084,1.04269,0.767026
-0.557835,-1.4506,-0.608408,0.675888,0.0142251,0.0887103,-2.26011,-0.420073,-1.29923,-0.0589189,-0.365189,-1.92107,-1.52463,-1.01607,-0.206239,0.118774,-0.933195,-0.0959964,-0.258726,0.73673
1.29933,0.0277552,-0.117504,1.13837,1.92084,1.01101,-1.7192,1.85604,0.272824,0.72366,0.752492,0.959151,-2.44566,0.252016,1.64818,0.756685,-0.0807841,0.73996,-2.46467,-0.467209
-2.13955,0.205646,-1.93048,1.49825,2.19749,1.1793,-1.79802,-1.64459,-0.408019,-2.55249,-2.71652,0.71564,-0.521337,-0.711683,-1.26924,-2.25958,0.192469,1.30152,-1.13118,0.359439
-2.72574,-0.606982,-0.858962,0.290661,0.620435,0.453173,-2.19506,-2.02884,-0.630478,-1.61322,-1.91919,-0.909396,0.647461,-0.421373,-2.23604,-1.95033,0.118674,0.730826,-0.345831,0.642415
1.32564,-0.780258,1.95247,0.783847,1.31418,0.332533,-2.60382,1.4879,0.0874992,2.27298,1.94978,0.0455865,-1.53482,0.297816,0.647537,0.542939,0.184395,0.0916172,-2.34265,-0.162024
0.0450111,2.29152,-0.873673,0.2358,2.05587,0.975892,0.911348,-1.64327,0.386985,-0.906047,-1.55388,2.61205,0.468562,-0.116135,-0.375352,-2.22587,0.698483,0.981059,-0.693688,0.405224
-2.5023,1.41394,-1.99203,0.216298,2.13816,2.62215,-1.89364,0.190897,0.695975,-1.47793,-1.5386,0.715916,-0.414661,0.279725,-0.356853,-1.73812,0.681669,2.49658,-2.51226,-0.347076
-1.24377,2.2184,-0.816992,0.213121,1.15269,0.517753,1.37135,-2.67155,0.0201286,-1.2858,-1.51809,2.17302,1.22318,0.693214,-1.39998,-1.30198,-0.0624907,0.401051,0.738271,1.3988
-0.0139629,0.747058,0.840646,1.57586,2.23884,1.81755,-1.89674,2.44664,0.950716,1.18947,1.75955,1.46455,-1.7785,1.40515,1.11107,1.28528,0.150709,1.12088,-2.85262,-0.364989
-1.82917,0.952128,-0.516568,0.884976,0.798086,1.79534,-0.69183,0.212839,-0.0166818,-0.159248,-0.0537843,-0.268776,-0.331371,-0.349624,-0.19433,-0.496881,-0.0602158,1.02476,-0.610665,0.407132
-1.50384,-0.414416,0.458175,0.543592,-1.13972,0.641918,-0.0451674,2.12165,0.377259,0.444251,1.66791,-1.28968,-0.182385,0.863751,0.436754,2.32819,-0.53473,-0.0315555,0.390146,-0.270584
-1.77283,-0.213683,1.60922,1.64476,-0.357165,0.907445,-0.413126,1.23739,-0.0139955,1.0776,1.89302,-1.12353,0.0459488,0.0351304,-0.29265,1.14749,-0.327284,-0.190493,0.396423,0.405413
2.38862,0.335636,1.38128,1.85535,1.50161,0.00403862,0.0743098,1.80233,0.372325,1.44125,1.94284,2.08314,-1.96255,0.949891,1.71984,2.1339,-0.401034,-0.546937,-1.07025,-0.0295446