0.826758,-3.00409,0.581064,-0.1612,-1.122,-1.84102,-1.57516,0.121517,-0.782896,0.0259716,-0.0820093,-2.01095,-0.446434,-0.813946,-0.233045,0.227771,-0.164608,-1.07463,0.262333,-0.551573
0.242664,-0.388027,1.65738,0.509299,-1.08467,-0.133958,0.219357,0.478112,-0.633261,1.95191,1.94858,-1.46293,-0.182318,-0.592229,0.225014,1.10177,-0.648061,-0.962244,1.0427,0.767021
-0.559568,-1.45105,-0.608406,0.675759,0.0134127,0.0898078,-2.26011,-0.420076,-1.29923,-0.0594976,-0.36638,-1.92107,-1.52463,-1.01608,-0.208061,0.118778,-0.933194,-0.0955256,-0.25892,0.736732
1.30154,0.0309938,-0.113419,1.1389,1.92083,1.01276,-1.72027,1.85605,0.272647,0.724802,0.753043,0.959831,-2.44567,0.252297,1.64818,0.75851,-0.0803978,0.73941,-2.46467,-0.4685
-2.13955,0.209,-1.93048,1.49825,2.1975,1.18285,-1.79802,-1.64693,-0.407793,-2.55248,-2.71652,0.715737,-0.520972,-0.711678,-1.27068,-2.25958,0.192236,1.30427,-1.13221,0.360567
-2.72574,-0.609069,-0.86215,0.29196,0.621088,0.454703,-2.19506,-2.02884,-0.630478,-1.61323,-1.91919,-0.909741,0.64559,-0.422809,-2.23604,-1.95287,0.118672,0.733254,-0.347741,0.643154
1.32564,-0.782079,1.95248,0.789217,1.31417,0.335172,-2.60382,1.49566,0.0876358,2.27298,1.95247,0.0452139,-1.53922,0.2974,0.650961,0.547017,0.183817,0.0910817,-2.34265,-0.164705
0.0448875,2.29152,-0.875221,0.235608,2.05587,0.976051,0.911346,-1.6445,0.387109,-0.91108,-1.55573,2.61205,0.469448,-0.116137,-0.375355,-2.22587,0.698436,0.98106,-0.692821,0.403967
-2.5023,1.41611,-1.99203,0.218135,2.13816,2.62215,-1.89364,0.187259,0.695971,-1.48334,-1.54135,0.71724,-0.412995,0.279728,-0.358425,-1.73813,0.68167,2.49658,-2.51226,-0.348436
-1.24378,2.2184,-0.820072,0.214913,1.15269,0.518323,1.37135,-2.67155,0.0203256,-1.28891,-1.5181,2.17302,1.22318,0.693211,-1.40099,-1.30131,-0.0624915,0.401636,0.739632,1.3988
-0.0123149,0.748495,0.842837,1.57798,2.23885,1.81755,-1.89674,2.44663,0.950717,1.18947,1.75954,1.46455,-1.77849,1.40515,1.11179,1.28529,0.151275,1.12049,-2.85272,-0.366242
-1.82917,0.953309,-0.51622,0.88498,0.799764,1.79534,-0.693696,0.21155,-0.0166793,-0.161073,-0.05543,-0.268126,-0.332001,-0.349626,-0.193928,-0.497949,-0.0603701,1.02523,-0.614486,0.407065
-1.50383,-0.412471,0.461156,0.544115,-1.13972,0.641309,-0.045836,2.12165,0.377257,0.448881,1.67003,-1.29079,-0.18225,0.863751,0.437051,2.32819,-0.534734,-0.0315473,0.38812,-0.269123
-1.77284,-0.210558,1.60922,1.64476,-0.35736,0.907488,-0.413129,1.23739,-0.0144802,1.0791,1.89302,-1.12352,0.0461489,0.034629,-0.293539,1.14749,-0.327366,-0.190532,0.394658,0.406754
2.38862,0.336187,1.3839,1.85535,1.5026,0.00402048,0.0732205,1.80152,0.372447,1.44308,1.94284,2.08314,-1.96254,0.952064,1.71985,2.13389,-0.400927,-0.546759,-1.07025,-0.0286924