0.8275,-3.00409,0.581008,-0.162846,-1.12323,-1.84102,-1.57516,0.120842,-0.7833,0.0276603,-0.0820093,-2.01095,-0.4457,-0.813948,-0.234898,0.227771,-0.1643,-1.07463,0.263417,-0.551189
0.243131,-0.389363,1.65785,0.509301,-1.08509,-0.135653,0.219294,0.479007,-0.633676,1.95191,1.94858,-1.46293,-0.18275,-0.592225,0.225035,1.10255,-0.648365,-0.963812,1.0427,0.767019
-0.560428,-1.45126,-0.608405,0.675695,0.0130089,0.0903562,-2.26012,-0.420078,-1.29923,-0.0597808,-0.366973,-1.92107,-1.52463,-1.01608,-0.208968,0.118779,-0.933193,-0.0952885,-0.259021,0.736732
1.30264,0.0326132,-0.111383,1.13916,1.92083,1.01363,-1.7208,1.85605,0.272558,0.725368,0.753315,0.960169,-2.44567,0.252439,1.64818,0.759417,-0.0802082,0.739134,-2.46467,-0.46914
-2.13956,0.210676,-1.93048,1.49825,2.1975,1.18462,-1.79802,-1.64809,-0.407678,-2.55248,-2.71652,0.715785,-0.520787,-0.711676,-1.2714,-2.25958,0.192122,1.30564,-1.13273,0.361126
-2.72574,-0.610106,-0.863742,0.292612,0.621415,0.455471,-2.19506,-2.02884,-0.630478,-1.61324,-1.91919,-0.909911,0.644658,-0.423524,-2.23604,-1.95413,0.11867,0.734461,-0.348687,0.64352
1.32564,-0.78299,1.95248,0.791885,1.31417,0.336485,-2.60382,1.49953,0.0877046,2.27298,1.95381,0.0450249,-1.54141,0.297198,0.652671,0.549052,0.183526,0.0908138,-2.34265,-0.166039
0.0448279,2.29152,-0.875992,0.235515,2.05587,0.97613,0.911345,-1.64511,0.387171,-0.913587,-1.55664,2.61205,0.469891,-0.116138,-0.375356,-2.22587,0.698415,0.981061,-0.692384,0.403338
-2.5023,1.41719,-1.99203,0.219049,2.13816,2.62215,-1.89364,0.18545,0.69597,-1.48602,-1.54271,0.717891,-0.412171,0.27973,-0.359209,-1.73813,0.68167,2.49658,-2.51226,-0.349113
-1.24378,2.2184,-0.821605,0.215808,1.15269,0.518605,1.37136,-2.67155,0.0204246,-1.29046,-1.5181,2.17302,1.22318,0.69321,-1.40148,-1.30097,-0.0624919,0.40193,0.740305,1.3988
-0.0114896,0.749217,0.843934,1.57903,2.23885,1.81755,-1.89674,2.44663,0.950717,1.18947,1.75954,1.46455,-1.77849,1.40515,1.11214,1.2853,0.151559,1.12029,-2.85278,-0.366867
-1.82917,0.953896,-0.516049,0.884983,0.8006,1.79534,-0.694627,0.210908,-0.0166781,-0.161987,-0.0562494,-0.267804,-0.332315,-0.349627,-0.193733,-0.498484,-0.0604439,1.02546,-0.616386,0.407027
-1.50383,-0.4115,0.462643,0.54437,-1.13972,0.641003,-0.0461677,2.12166,0.377257,0.451185,1.67108,-1.29134,-0.182186,0.863751,0.437198,2.32818,-0.534735,-0.0315461,0.387104,-0.268394
-1.77284,-0.209,1.60923,1.64476,-0.357457,0.907507,-0.41313,1.23739,-0.0147199,1.07985,1.89302,-1.12352,0.0462435,0.0343779,-0.29398,1.14749,-0.327405,-0.190552,0.393777,0.407422
2.38862,0.336463,1.3852,1.85535,1.50309,0.00400782,0.072677,1.80112,0.372504,1.44397,1.94285,2.08314,-1.96254,0.953147,1.71985,2.13389,-0.400876,-0.546674,-1.07025,-0.0282662