0.82824,-3.00409,0.580953,-0.164489,-1.12445,-1.84102,-1.57516,0.120169,-0.783701,0.0293532,-0.0820093,-2.01095,-0.444966,-0.813949,-0.236745,0.227771,-0.163992,-1.07463,0.264498,-0.550804
0.243597,-0.390699,1.65831,0.509303,-1.0855,-0.137344,0.219231,0.479899,-0.63409,1.95191,1.94858,-1.46294,-0.183181,-0.59222,0.225055,1.10332,-0.648666,-0.965373,1.0427,0.767017
-0.561284,-1.45147,-0.608404,0.675631,0.0126066,0.0909043,-2.26012,-0.420079,-1.29923,-0.0600598,-0.367564,-1.92107,-1.52463,-1.01608,-0.209873,0.118781,-0.933192,-0.0950504,-0.259123,0.736733
1.30373,0.0342326,-0.109351,1.13943,1.92083,1.01449,-1.72132,1.85605,0.27247,0.72593,0.753584,0.960506,-2.44567,0.252582,1.64817,0.760321,-0.080021,0.738857,-2.46467,-0.469776
-2.13956,0.212351,-1.93048,1.49825,2.1975,1.18639,-1.79802,-1.64926,-0.407563,-2.55248,-2.71652,0.715832,-0.520599,-0.711674,-1.27212,-2.25959,0.19201,1.307,-1.13324,0.361681
-2.72574,-0.61114,-0.865331,0.293266,0.621741,0.456239,-2.19506,-2.02884,-0.630478,-1.61324,-1.91918,-0.910079,0.643729,-0.424239,-2.23604,-1.95538,0.118669,0.735663,-0.349627,0.643883
1.32564,-0.783901,1.95248,0.794543,1.31417,0.337792,-2.60382,1.50338,0.0877737,2.27298,1.95514,0.0448341,-1.5436,0.297,0.654379,0.551084,0.183234,0.0905457,-2.34265,-0.167369
0.0447697,2.29152,-0.87676,0.235424,2.05587,0.976208,0.911344,-1.64571,0.387232,-0.916088,-1.55755,2.61204,0.470336,-0.116139,-0.375358,-2.22587,0.698394,0.981062,-0.691945,0.402709
-2.5023,1.41827,-1.99203,0.21996,2.13816,2.62215,-1.89364,0.183648,0.695968,-1.4887,-1.54407,0.718535,-0.411352,0.279731,-0.359991,-1.73813,0.68167,2.49658,-2.51226,-0.349789
-1.24378,2.2184,-0.823132,0.216702,1.15269,0.518886,1.37136,-2.67155,0.0205241,-1.292,-1.5181,2.17303,1.22318,0.693209,-1.40197,-1.30063,-0.0624923,0.402225,0.740972,1.3988
-0.0106635,0.749942,0.845032,1.58007,2.23885,1.81755,-1.89674,2.44663,0.950718,1.18947,1.75954,1.46455,-1.77849,1.40515,1.11249,1.2853,0.151844,1.12009,-2.85283,-0.367491
-1.82917,0.95448,-0.515879,0.884985,0.801435,1.79534,-0.695557,0.210267,-0.016677,-0.162902,-0.0570667,-0.267484,-0.332629,-0.349628,-0.193541,-0.499021,-0.0605155,1.0257,-0.61828,0.406987
-1.50383,-0.410529,0.464128,0.544623,-1.13972,0.640696,-0.0464978,2.12166,0.377256,0.453482,1.67213,-1.29189,-0.182124,0.863751,0.437344,2.32818,-0.534737,-0.0315468,0.386087,-0.267666
-1.77284,-0.207447,1.60923,1.64476,-0.357553,0.907526,-0.413131,1.23739,-0.0149579,1.0806,1.89302,-1.12352,0.0463344,0.0341266,-0.294417,1.14749,-0.327444,-0.190573,0.392897,0.408087
2.38862,0.33674,1.3865,1.85536,1.50359,0.00399277,0.0721342,1.80071,0.37256,1.44485,1.94285,2.08314,-1.96254,0.954227,1.71985,2.13389,-0.400828,-0.546592,-1.07025,-0.0278399