0.314775,-3.00501,0.116206,0.190124,-0.367179,-1.8393,-1.57445,0.106222,-0.142176,-0.121846,-0.0819311,-2.01139,-0.174141,-0.810969,-0.0141133,0.225383,0.0826176,-1.07377,0.0685759,-0.209276
0.159667,-0.213689,0.452704,0.508709,-0.133106,0.223084,-0.111394,0.0766248,-0.167259,1.95189,1.94806,-1.46217,0.156345,-0.593462,0.168245,0.103715,-0.287481,-0.0172353,1.04238,0.767694
-0.113233,-0.420632,-0.609019,0.273924,0.068107,-0.0745805,-2.25948,-0.420396,-1.29881,0.119326,-0.132957,-1.92125,-1.52459,-1.0149,-0.137129,0.118892,-0.933176,-0.173936,-0.150018,0.736786
0.340632,-0.0715308,-0.166083,0.260578,1.91965,0.220956,-0.592812,1.85469,0.114387,-0.0127631,0.266155,0.316446,-2.44505,0.0774721,1.6498,0.0289191,-0.201911,0.300238,-2.463,-0.0640245
-2.14034,-0.151285,-1.9288,1.49795,2.19743,0.162854,-1.79674,-0.387658,-0.156118,-2.55241,-2.7167,0.119465,-0.212006,-0.713483,-0.322394,-2.2578,0.026495,0.26656,-0.308041,0.0158177
-2.72442,-0.0385262,-0.186404,0.0632187,0.180443,0.166791,-2.19657,-2.02761,-0.630028,-1.61212,-1.91862,-0.200205,0.591731,-0.0611671,-2.23651,-0.323074,0.118484,0.0471345,0.0666329,0.203092
1.32439,-0.194264,1.95265,-0.184239,1.31368,-0.00802589,-2.60278,-0.0327599,-0.037378,2.27266,0.478662,-0.0435621,-0.463726,0.101813,0.025713,0.0510943,0.0613188,0.0870198,-2.34309,0.095533
0.136597,2.29105,-0.166646,0.094527,2.05627,0.476922,0.912017,-0.396965,0.213901,-0.128297,-0.346438,2.61029,0.0749047,-0.114815,-0.373203,-2.2262,0.303237,0.979325,-0.144042,0.0536653
-2.50183,0.247763,-1.99168,0.116294,2.13724,2.62187,-1.89268,0.175339,0.69675,-0.0865361,-0.412275,0.120312,-0.270243,0.27909,-0.111697,-1.7381,0.681762,2.49618,-2.51154,-0.0264315
-1.24338,2.21677,-0.0438069,0.0412652,1.15151,0.186686,1.37117,-2.67184,-0.0101151,-0.202421,-1.51673,2.17341,1.22213,0.695678,-0.394807,-0.441767,-0.0632534,0.220735,0.0728613,1.39886
-0.058022,0.164259,0.0546714,0.297416,2.23886,1.81648,-1.89656,2.44735,0.949905,1.18872,1.7601,1.46366,-1.7762,1.40516,0.207026,1.28384,0.00076691,0.360264,-0.659791,-0.0548265
-1.8278,0.392557,-0.301913,0.884439,0.173164,1.79492,-0.289243,0.0570046,-0.0177841,-0.240279,0.199972,-0.284191,0.0678373,-0.347244,-0.167984,-0.0283259,0.10233,0.501829,-0.0312592,0.0967463
-1.50473,-0.188857,0.291065,0.0135601,-1.13873,0.386748,0.0961266,2.1195,0.377534,-0.29465,0.426037,-0.34469,-0.244145,0.865312,0.0653448,2.32815,-0.53356,-0.233679,0.172806,-0.178449
-1.77303,-0.257275,1.60853,1.645,-0.215087,0.270849,-0.411676,1.23712,0.071363,0.49271,1.89208,-1.12307,-0.196871,-0.19349,-0.0500962,1.14612,-0.00326817,-0.145861,0.081363,0.0168792
2.38903,0.12552,0.327001,1.85511,0.266375,0.0753475,0.160394,0.431962,0.0374351,0.227881,1.94182,2.08329,-1.96272,0.229907,1.71669,2.13426,-0.0931974,-0.184661,-1.06875,0.016021