0.833356,-3.00408,0.5806,-0.17592,-1.133,-1.84103,-1.57516,0.1155,-0.786442,0.0413192,-0.0820085,-2.01095,-0.439822,-0.813961,-0.249554,0.227769,-0.161848,-1.07464,0.27197,-0.548081
0.246784,-0.400037,1.66144,0.509317,-1.08833,-0.149041,0.218762,0.48606,-0.63693,1.95192,1.94858,-1.46295,-0.186199,-0.59219,0.225166,1.10854,-0.650693,-0.976081,1.04272,0.767003
-0.567154,-1.4528,-0.608398,0.675181,0.00983241,0.0947325,-2.26012,-0.42009,-1.29924,-0.0618975,-0.371655,-1.92107,-1.52462,-1.0161,-0.216134,0.118793,-0.933187,-0.0933547,-0.259894,0.736738
1.31124,0.0455661,-0.0952439,1.14122,1.92083,1.02048,-1.72483,1.85607,0.271852,0.729776,0.7554,0.962849,-2.44567,0.253624,1.64816,0.766554,-0.0787749,0.736899,-2.46467,-0.474136
-2.13956,0.224067,-1.93049,1.49824,2.1975,1.19857,-1.79802,-1.65732,-0.406733,-2.55246,-2.71653,0.716152,-0.519215,-0.711658,-1.27703,-2.2596,0.191266,1.31639,-1.13685,0.365458
-2.72574,-0.618263,-0.876394,0.297883,0.624023,0.461651,-2.19505,-2.02884,-0.630478,-1.61328,-1.91917,-0.911216,0.637298,-0.429198,-2.23604,-1.96388,0.118661,0.743942,-0.356047,0.646345
1.32563,-0.790283,1.95249,0.812849,1.31417,0.346812,-2.60382,1.53008,0.0882661,2.27298,1.96429,0.0434494,-1.55888,0.295736,0.666291,0.56524,0.181143,0.0886654,-2.34265,-0.17657
0.0444004,2.29153,-0.882064,0.234844,2.05587,0.976753,0.911338,-1.64992,0.387659,-0.933416,-1.56376,2.61204,0.473462,-0.116144,-0.375367,-2.22586,0.698279,0.981067,-0.688817,0.398316
-2.50231,1.4256,-1.99203,0.22625,2.13816,2.62216,-1.89364,0.171214,0.695957,-1.50707,-1.55347,0.722853,-0.405767,0.279743,-0.36541,-1.73815,0.681673,2.49658,-2.51226,-0.354481
-1.24379,2.21839,-0.833687,0.222935,1.15268,0.520809,1.37137,-2.67155,0.0212308,-1.30269,-1.51812,2.17303,1.22317,0.693199,-1.40524,-1.29816,-0.0624951,0.404312,0.745495,1.3988
-0.00485949,0.755077,0.852736,1.58714,2.23886,1.81756,-1.89675,2.44662,0.950721,1.18948,1.75952,1.46456,-1.77849,1.40514,1.11486,1.28534,0.153852,1.1186,-2.85324,-0.37183
-1.82917,0.958504,-0.514741,0.885002,0.807234,1.79533,-0.70203,0.205815,-0.0166688,-0.16933,-0.062726,-0.265299,-0.334809,-0.349636,-0.19229,-0.502814,-0.0609565,1.02733,-0.631352,0.406624
-1.50382,-0.403762,0.474451,0.54629,-1.13973,0.638516,-0.0487613,2.12166,0.377252,0.469348,1.67932,-1.29568,-0.181749,0.863753,0.438344,2.32818,-0.53475,-0.0316021,0.378928,-0.262601
-1.77284,-0.19667,1.60924,1.64475,-0.358213,0.907624,-0.41314,1.2374,-0.0165772,1.08574,1.89301,-1.12351,0.0468726,0.0323622,-0.297396,1.1475,-0.327677,-0.190737,0.38676,0.412693
2.38862,0.33869,1.39551,1.85536,1.50699,0.00382116,0.0683571,1.7979,0.372896,1.45075,1.94287,2.08313,-1.96254,0.961719,1.71987,2.13387,-0.400552,-0.546094,-1.07027,-0.0248535