0.834078,-3.00408,0.580553,-0.177543,-1.13422,-1.84103,-1.57516,0.114839,-0.786824,0.0430443,-0.0820083,-2.01095,-0.439087,-0.813962,-0.251365,0.227769,-0.161543,-1.07464,0.273025,-0.547687
0.24723,-0.401368,1.66188,0.509319,-1.08873,-0.150693,0.218692,0.486928,-0.637328,1.95192,1.94858,-1.46295,-0.18663,-0.592185,0.225178,1.10925,-0.650971,-0.977581,1.04272,0.767001
-0.567976,-1.45297,-0.608397,0.675117,0.00944204,0.095278,-2.26012,-0.420092,-1.29924,-0.0621436,-0.372233,-1.92107,-1.52462,-1.0161,-0.217018,0.118795,-0.933187,-0.0931085,-0.260012,0.736739
1.31229,0.0471843,-0.0932455,1.14147,1.92083,1.02132,-1.72532,1.85607,0.271763,0.730312,0.75565,0.963181,-2.44568,0.253777,1.64815,0.767432,-0.0786058,0.736617,-2.46467,-0.474745
-2.13956,0.22574,-1.93049,1.49824,2.1975,1.20029,-1.79802,-1.65846,-0.406612,-2.55246,-2.71653,0.716196,-0.519009,-0.711656,-1.27772,-2.2596,0.191166,1.31771,-1.13736,0.365983
-2.72574,-0.619265,-0.877965,0.298548,0.624348,0.462428,-2.19505,-2.02884,-0.630478,-1.61329,-1.91916,-0.911374,0.63639,-0.429901,-2.23604,-1.96506,0.118659,0.745106,-0.356941,0.646686
1.32563,-0.791195,1.95249,0.815422,1.31417,0.348082,-2.60382,1.53385,0.0883376,2.27298,1.96558,0.0432447,-1.56105,0.295572,0.667986,0.567252,0.180838,0.0883961,-2.34265,-0.177869
0.0443528,2.29153,-0.882813,0.23477,2.05587,0.97683,0.911338,-1.65052,0.38772,-0.935866,-1.56462,2.61204,0.473911,-0.116145,-0.375368,-2.22586,0.698266,0.981067,-0.688363,0.39769
-2.50231,1.42662,-1.99203,0.227136,2.13816,2.62216,-1.89364,0.169463,0.695956,-1.50965,-1.5548,0.723443,-0.40499,0.279744,-0.366176,-1.73815,0.681674,2.49658,-2.51226,-0.355145
-1.24379,2.21839,-0.835176,0.223822,1.15268,0.521078,1.37137,-2.67155,0.0213333,-1.3042,-1.51812,2.17303,1.22317,0.693198,-1.40569,-1.29779,-0.0624955,0.404614,0.746121,1.3988
-0.00402763,0.755818,0.853839,1.58812,2.23886,1.81756,-1.89675,2.44662,0.950721,1.18948,1.75952,1.46456,-1.77849,1.40513,1.11519,1.28534,0.154141,1.11838,-2.8533,-0.372445
-1.82917,0.959069,-0.514585,0.885004,0.808056,1.79533,-0.702949,0.205184,-0.0166676,-0.170252,-0.0635258,-0.264994,-0.335119,-0.349638,-0.192124,-0.503361,-0.0610111,1.02756,-0.633193,0.406561
-1.50382,-0.402799,0.475916,0.546515,-1.13973,0.638201,-0.0490781,2.12166,0.377251,0.471584,1.68033,-1.29621,-0.181704,0.863753,0.438484,2.32817,-0.534751,-0.0316169,0.3779,-0.261881
-1.77284,-0.195145,1.60924,1.64474,-0.358305,0.907634,-0.413141,1.2374,-0.016802,1.08646,1.89301,-1.12351,0.0469359,0.0321094,-0.297811,1.14751,-0.327705,-0.190763,0.385887,0.413343
2.38862,0.338971,1.39678,1.85536,1.50746,0.00378724,0.067821,1.7975,0.372936,1.45155,1.94288,2.08313,-1.96254,0.96278,1.71987,2.13386,-0.400521,-0.546034,-1.07027,-0.0244267