0.834798,-3.00408,0.580506,-0.179163,-1.13543,-1.84103,-1.57516,0.11418,-0.787204,0.0447733,-0.082008,-2.01095,-0.438351,-0.813964,-0.253172,0.227769,-0.161239,-1.07464,0.274076,-0.547293
0.247673,-0.4027,1.66231,0.50932,-1.08912,-0.152339,0.218622,0.487794,-0.637724,1.95193,1.94858,-1.46296,-0.187061,-0.592181,0.22519,1.10996,-0.651247,-0.979072,1.04273,0.766999
-0.568794,-1.45314,-0.608396,0.675052,0.00905314,0.0958231,-2.26012,-0.420093,-1.29924,-0.0623857,-0.372808,-1.92107,-1.52462,-1.0161,-0.2179,0.118797,-0.933186,-0.0928613,-0.260132,0.736739
1.31333,0.048802,-0.0912513,1.14171,1.92082,1.02216,-1.72579,1.85607,0.271675,0.730845,0.755898,0.963512,-2.44568,0.253932,1.64815,0.768306,-0.078439,0.736334,-2.46467,-0.475351
-2.13956,0.227413,-1.93049,1.49824,2.1975,1.202,-1.79803,-1.6596,-0.40649,-2.55245,-2.71653,0.71624,-0.5188,-0.711654,-1.27841,-2.2596,0.191068,1.31903,-1.13788,0.366504
-2.72574,-0.620262,-0.879534,0.299215,0.624673,0.463206,-2.19505,-2.02884,-0.630478,-1.61329,-1.91916,-0.91153,0.635484,-0.430601,-2.23604,-1.96623,0.118658,0.746265,-0.35783,0.647025
1.32563,-0.792106,1.95249,0.817985,1.31417,0.349347,-2.60382,1.53762,0.0884094,2.27298,1.96686,0.0430383,-1.56322,0.295412,0.66968,0.569261,0.180532,0.0881266,-2.34265,-0.179164
0.0443064,2.29154,-0.883558,0.234697,2.05587,0.976907,0.911337,-1.65111,0.38778,-0.93831,-1.56548,2.61204,0.47436,-0.116146,-0.37537,-2.22586,0.698254,0.981068,-0.687906,0.397064
-2.50231,1.42764,-1.99203,0.228019,2.13816,2.62216,-1.89364,0.167719,0.695954,-1.51222,-1.55611,0.724027,-0.404218,0.279746,-0.36694,-1.73816,0.681674,2.49658,-2.51225,-0.355808
-1.24379,2.21839,-0.83666,0.224707,1.15268,0.521346,1.37138,-2.67155,0.0214362,-1.30571,-1.51812,2.17303,1.22317,0.693196,-1.40613,-1.29743,-0.0624959,0.404917,0.746742,1.3988
-0.00319516,0.756562,0.854942,1.58909,2.23886,1.81756,-1.89675,2.44662,0.950722,1.18948,1.75952,1.46456,-1.77848,1.40513,1.11551,1.28535,0.154431,1.11816,-2.85336,-0.37306
-1.82917,0.959632,-0.514432,0.885007,0.808877,1.79533,-0.703867,0.204555,-0.0166665,-0.171174,-0.0643236,-0.264691,-0.335428,-0.349639,-0.191961,-0.503909,-0.0610638,1.02779,-0.635027,0.406496
-1.50382,-0.401838,0.477379,0.546736,-1.13973,0.637884,-0.0493932,2.12166,0.377251,0.473814,1.68134,-1.29675,-0.181661,0.863753,0.438623,2.32817,-0.534753,-0.0316333,0.376871,-0.261164
-1.77285,-0.193623,1.60925,1.64474,-0.358397,0.907643,-0.413143,1.2374,-0.0170253,1.08718,1.89301,-1.12351,0.0469958,0.0318565,-0.298223,1.14751,-0.327733,-0.190789,0.385015,0.413991
2.38862,0.339252,1.39805,1.85536,1.50794,0.00375098,0.0672859,1.79709,0.372975,1.45235,1.94288,2.08313,-1.96254,0.963838,1.71987,2.13386,-0.400492,-0.545976,-1.07027,-0.0239998