0.836945,-3.00408,0.580371,-0.184011,-1.13908,-1.84104,-1.57516,0.112209,-0.788332,0.0499821,-0.0820072,-2.01095,-0.436145,-0.813969,-0.258567,0.227768,-0.160328,-1.07464,0.27721,-0.546102
0.248986,-0.40669,1.6636,0.509326,-1.09029,-0.15725,0.218406,0.490374,-0.638901,1.95193,1.94858,-1.46296,-0.188352,-0.592168,0.225218,1.11205,-0.652059,-0.983503,1.04273,0.766993
-0.571223,-1.45361,-0.608394,0.674859,0.00789517,0.0974562,-2.26013,-0.420098,-1.29924,-0.0630875,-0.374524,-1.92107,-1.52461,-1.01611,-0.22053,0.118802,-0.933184,-0.0921143,-0.260503,0.736741
1.31645,0.0536528,-0.085295,1.14245,1.92082,1.02466,-1.72719,1.85608,0.271412,0.732427,0.75663,0.964504,-2.44568,0.254403,1.64815,0.77091,-0.0779511,0.735482,-2.46468,-0.477149
-2.13956,0.232432,-1.9305,1.49824,2.19751,1.20711,-1.79803,-1.663,-0.406119,-2.55245,-2.71653,0.71637,-0.51816,-0.711648,-1.28045,-2.25961,0.190783,1.32295,-1.13942,0.368046
-2.72574,-0.623231,-0.884226,0.301224,0.625648,0.465543,-2.19505,-2.02884,-0.630478,-1.61331,-1.91916,-0.911992,0.632782,-0.432693,-2.23603,-1.9697,0.118654,0.749712,-0.360464,0.648024
1.32563,-0.794841,1.95249,0.82561,1.31417,0.353113,-2.60382,1.54884,0.0886263,2.27298,1.97067,0.0424095,-1.56971,0.294956,0.67475,0.575273,0.179605,0.0873169,-2.34265,-0.183025
0.0441744,2.29154,-0.885782,0.23449,2.05587,0.977137,0.911335,-1.65288,0.387959,-0.945605,-1.56803,2.61204,0.475709,-0.116148,-0.375373,-2.22586,0.698225,0.98107,-0.686526,0.395188
-2.50232,1.43065,-1.99203,0.230649,2.13816,2.62216,-1.89364,0.162522,0.695949,-1.51984,-1.56004,0.725739,-0.401932,0.27975,-0.36922,-1.73817,0.681675,2.49658,-2.51225,-0.357786
-1.2438,2.21838,-0.841085,0.227358,1.15268,0.522143,1.37138,-2.67155,0.0217473,-1.3102,-1.51812,2.17304,1.22317,0.693192,-1.40742,-1.29632,-0.0624971,0.40583,0.748576,1.3988
-0.000694429,0.758805,0.858254,1.59196,2.23886,1.81756,-1.89675,2.44661,0.950723,1.18949,1.75951,1.46456,-1.77848,1.40513,1.11646,1.28536,0.155302,1.11748,-2.85356,-0.374897
-1.82917,0.961305,-0.513981,0.885014,0.81133,1.79532,-0.706611,0.202674,-0.0166631,-0.173944,-0.066704,-0.263793,-0.336354,-0.349642,-0.191489,-0.505561,-0.0612099,1.02848,-0.640493,0.406284
-1.50382,-0.398961,0.481752,0.547382,-1.13973,0.636929,-0.0503289,2.12166,0.377249,0.480458,1.68433,-1.29833,-0.181543,0.863754,0.439035,2.32817,-0.534758,-0.0316921,0.373778,-0.259017
-1.77285,-0.18908,1.60925,1.64474,-0.358671,0.907665,-0.413146,1.2374,-0.017686,1.08933,1.89301,-1.12351,0.0471562,0.0310967,-0.299443,1.14751,-0.327808,-0.19087,0.382404,0.415922
2.38862,0.340098,1.40183,1.85537,1.50936,0.00362819,0.0656864,1.79589,0.37308,1.45467,1.94289,2.08313,-1.96254,0.966998,1.71988,2.13385,-0.400417,-0.545819,-1.07027,-0.0227191