0.32252,-3.00499,0.119771,0.193371,-0.375968,-1.83934,-1.57445,0.108153,-0.14844,-0.1264,-0.0819291,-2.0114,-0.176573,-0.810945,-0.0120914,0.225379,0.0814367,-1.07378,0.0702969,-0.214409
0.162836,-0.216062,0.461714,0.508692,-0.139313,0.225374,-0.111346,0.0780954,-0.169476,1.95188,1.94806,-1.46216,0.153,-0.593497,0.16781,0.106902,-0.28749,-0.0196908,1.04237,0.767698
-0.115884,-0.431358,-0.609014,0.277744,0.071669,-0.0737079,-2.25949,-0.420397,-1.29881,0.118256,-0.134382,-1.92126,-1.52459,-1.01489,-0.135458,0.11889,-0.933171,-0.177916,-0.153724,0.736777
0.349094,-0.0721615,-0.171892,0.27135,1.91964,0.226329,-0.607596,1.8547,0.118399,-0.00786306,0.27008,0.323919,-2.44505,0.0810107,1.64979,0.0302574,-0.204875,0.308129,-2.46301,-0.0676303
-2.14034,-0.154029,-1.92881,1.49793,2.19743,0.166929,-1.79674,-0.397921,-0.159615,-2.55243,-2.71668,0.122581,-0.219663,-0.713493,-0.332062,-2.2578,0.0305145,0.27321,-0.316135,0.0162819
-2.72443,-0.0390103,-0.19301,0.0678797,0.183432,0.169675,-2.19656,-2.0276,-0.630022,-1.61211,-1.91865,-0.205947,0.602455,-0.0624094,-2.23652,-0.33231,0.11848,0.0490019,0.067722,0.205976
1.3244,-0.198956,1.95264,-0.18646,1.31369,-0.0089315,-2.60278,-0.0329971,-0.0374344,2.27265,0.491434,-0.0447116,-0.477205,0.104901,0.0260419,0.0519664,0.0640738,0.0889081,-2.34309,0.0966844
0.138704,2.29105,-0.170909,0.0972417,2.05628,0.488057,0.912018,-0.40854,0.217239,-0.131824,-0.354442,2.61029,0.0786397,-0.114796,-0.373193,-2.2262,0.308611,0.979331,-0.14786,0.0552623
-2.50183,0.253752,-1.99167,0.11773,2.13727,2.62188,-1.89268,0.17938,0.696748,-0.0911149,-0.421904,0.123338,-0.276502,0.279096,-0.113817,-1.7381,0.681765,2.49618,-2.51153,-0.0270212
-1.24337,2.2168,-0.0453056,0.0406693,1.15152,0.191972,1.37116,-2.67184,-0.0118003,-0.211496,-1.51673,2.1734,1.22214,0.695698,-0.403792,-0.452871,-0.0632406,0.226679,0.0759107,1.39884
-0.0588409,0.168799,0.0577472,0.304718,2.23885,1.81648,-1.89656,2.44735,0.94991,1.18873,1.76009,1.46366,-1.77622,1.40516,0.214165,1.28384,-0.000418692,0.369408,-0.678261,-0.0556911
-1.82784,0.400464,-0.309251,0.884468,0.175148,1.79489,-0.29606,0.0591088,-0.0177941,-0.243199,0.20563,-0.288385,0.0673023,-0.347244,-0.172152,-0.0326848,0.100306,0.514718,-0.0322178,0.0992044
-1.50473,-0.193357,0.295744,0.0149746,-1.13874,0.394819,0.0985106,2.1195,0.377522,-0.299327,0.438168,-0.355226,-0.251861,0.865315,0.067866,2.32816,-0.533535,-0.239365,0.177264,-0.184606
-1.77301,-0.263521,1.60854,1.64501,-0.218134,0.280322,-0.411694,1.23712,0.0726936,0.499885,1.89209,-1.12308,-0.197431,-0.199514,-0.0492989,1.14614,-0.00626894,-0.148958,0.0830997,0.0201083
2.38902,0.127516,0.334793,1.85509,0.273948,0.0771014,0.164463,0.443733,0.0391711,0.235151,1.94183,2.08329,-1.96273,0.234924,1.7167,2.13426,-0.0949503,-0.189929,-1.06875,0.0153192