0.838366,-3.00408,0.580284,-0.187231,-1.14151,-1.84104,-1.57516,0.110901,-0.789073,0.0534723,-0.0820064,-2.01095,-0.434674,-0.813972,-0.262141,0.227767,-0.159724,-1.07464,0.279282,-0.545303
0.24985,-0.409349,1.66444,0.50933,-1.09105,-0.160499,0.21826,0.49208,-0.639677,1.95194,1.94857,-1.46297,-0.189213,-0.59216,0.225232,1.11341,-0.652587,-0.98642,1.04274,0.766989
-0.572823,-1.45391,-0.608392,0.674731,0.00713043,0.0985428,-2.26013,-0.420101,-1.29924,-0.0635352,-0.375659,-1.92106,-1.52461,-1.01611,-0.222271,0.118806,-0.933182,-0.0916118,-0.26076,0.736743
1.31849,0.0568841,-0.0813461,1.14293,1.92082,1.02631,-1.7281,1.85608,0.271236,0.733466,0.757108,0.965163,-2.44568,0.254722,1.64814,0.772631,-0.0776364,0.734911,-2.46468,-0.478332
-2.13956,0.23578,-1.9305,1.49824,2.19751,1.21048,-1.79803,-1.66525,-0.405869,-2.55244,-2.71654,0.716455,-0.517722,-0.711644,-1.2818,-2.25961,0.190601,1.32554,-1.14044,0.369056
-2.72574,-0.62519,-0.88734,0.30257,0.626298,0.467104,-2.19505,-2.02884,-0.630478,-1.61332,-1.91915,-0.912295,0.630994,-0.434079,-2.23603,-1.97196,0.118652,0.751987,-0.362193,0.648677
1.32563,-0.796663,1.95249,0.830642,1.31417,0.3556,-2.60382,1.55627,0.0887722,2.27298,1.97318,0.0419822,-1.57402,0.294672,0.678121,0.579268,0.178981,0.0867759,-2.34265,-0.18558
0.0440921,2.29154,-0.887253,0.234361,2.05587,0.97729,0.911333,-1.65405,0.388078,-0.950437,-1.5697,2.61204,0.47661,-0.11615,-0.375376,-2.22586,0.698209,0.981071,-0.685597,0.393941
-2.50232,1.43262,-1.99203,0.232387,2.13816,2.62217,-1.89364,0.159087,0.695946,-1.52487,-1.56263,0.726849,-0.400433,0.279753,-0.370729,-1.73817,0.681676,2.49659,-2.51225,-0.359097
-1.2438,2.21838,-0.844013,0.22912,1.15267,0.522668,1.37139,-2.67155,0.0219567,-1.31317,-1.51813,2.17304,1.22317,0.693189,-1.40825,-1.29557,-0.0624979,0.406444,0.749774,1.3988
0.000975218,0.760309,0.860463,1.59384,2.23886,1.81756,-1.89676,2.44661,0.950724,1.18949,1.75951,1.46456,-1.77848,1.40513,1.11709,1.28537,0.155885,1.11702,-2.8537,-0.376115
-1.82917,0.962407,-0.513689,0.885018,0.812958,1.79532,-0.708433,0.201426,-0.0166609,-0.175793,-0.0682805,-0.263204,-0.336969,-0.349645,-0.191187,-0.506668,-0.0612976,1.02894,-0.644104,0.406131
-1.50382,-0.39705,0.484657,0.547796,-1.13973,0.636287,-0.0509447,2.12166,0.377248,0.484851,1.6863,-1.29937,-0.181474,0.863754,0.439306,2.32817,-0.534762,-0.0317391,0.37171,-0.257592
-1.77285,-0.186069,1.60925,1.64474,-0.358852,0.907676,-0.413149,1.2374,-0.0181189,1.09074,1.89301,-1.12351,0.0472473,0.0305895,-0.300245,1.14751,-0.327852,-0.190925,0.380668,0.4172
2.38862,0.340665,1.40433,1.85537,1.5103,0.00353465,0.0646252,1.7951,0.373142,1.45617,1.94289,2.08313,-1.96254,0.969093,1.71989,2.13385,-0.400378,-0.545727,-1.07028,-0.0218652