0.839073,-3.00408,0.58024,-0.188838,-1.14272,-1.84104,-1.57516,0.110249,-0.78944,0.0552226,-0.082006,-2.01095,-0.433938,-0.813974,-0.263921,0.227767,-0.159422,-1.07464,0.280314,-0.544902
0.250277,-0.410677,1.66486,0.509331,-1.09143,-0.162117,0.218186,0.492928,-0.640062,1.95194,1.94857,-1.46297,-0.189642,-0.592156,0.225238,1.11408,-0.652848,-0.987867,1.04274,0.766987
-0.573616,-1.45405,-0.608391,0.674666,0.00675023,0.0990855,-2.26013,-0.420103,-1.29924,-0.0637531,-0.376224,-1.92106,-1.52461,-1.01612,-0.223138,0.118807,-0.933182,-0.0913592,-0.260891,0.736743
1.31951,0.0584989,-0.0793783,1.14317,1.92082,1.02714,-1.72855,1.85608,0.271149,0.733982,0.757344,0.965493,-2.44568,0.254884,1.64814,0.773487,-0.0774821,0.734624,-2.46468,-0.478918
-2.13956,0.237454,-1.9305,1.49824,2.19751,1.21217,-1.79803,-1.66638,-0.405742,-2.55244,-2.71654,0.716498,-0.5175,-0.711642,-1.28247,-2.25962,0.190513,1.32682,-1.14095,0.369555
-2.72574,-0.626164,-0.888894,0.303245,0.626622,0.467886,-2.19505,-2.02884,-0.630478,-1.61332,-1.91915,-0.912446,0.630104,-0.434769,-2.23603,-1.97309,0.118651,0.753117,-0.363049,0.649
1.32563,-0.797573,1.95249,0.833142,1.31417,0.356837,-2.60382,1.55997,0.0888456,2.27298,1.97443,0.0417662,-1.57617,0.294536,0.679804,0.581261,0.178666,0.086505,-2.34265,-0.186852
0.0440526,2.29154,-0.887986,0.234299,2.05587,0.977366,0.911333,-1.65463,0.388137,-0.952843,-1.57053,2.61204,0.477061,-0.116151,-0.375377,-2.22585,0.698202,0.981072,-0.68513,0.393318
-2.50232,1.4336,-1.99203,0.233251,2.13816,2.62217,-1.89364,0.157379,0.695945,-1.52736,-1.56392,0.727394,-0.399691,0.279755,-0.37148,-1.73817,0.681676,2.49659,-2.51225,-0.35975
-1.2438,2.21838,-0.84547,0.229999,1.15267,0.52293,1.37139,-2.67155,0.022062,-1.31466,-1.51813,2.17304,1.22317,0.693188,-1.40866,-1.29519,-0.0624983,0.406752,0.750366,1.3988
0.0018107,0.761063,0.861567,1.59476,2.23886,1.81756,-1.89676,2.44661,0.950724,1.18949,1.75951,1.46457,-1.77848,1.40513,1.11739,1.28538,0.156177,1.11678,-2.85377,-0.376723
-1.82917,0.962955,-0.513546,0.885021,0.81377,1.79532,-0.709341,0.200804,-0.0166598,-0.176718,-0.0690656,-0.262911,-0.337276,-0.349646,-0.191041,-0.507224,-0.0613387,1.02917,-0.645901,0.40605
-1.50382,-0.396097,0.486105,0.547999,-1.13973,0.635965,-0.0512502,2.12166,0.377247,0.487036,1.68728,-1.29989,-0.181442,0.863755,0.43944,2.32817,-0.534764,-0.0317648,0.370675,-0.256881
-1.77285,-0.184569,1.60926,1.64473,-0.358942,0.907681,-0.41315,1.2374,-0.0183332,1.09145,1.89301,-1.12351,0.0472882,0.0303356,-0.300642,1.14752,-0.327872,-0.190954,0.379802,0.417836
2.38862,0.340949,1.40558,1.85537,1.51077,0.00348438,0.0640962,1.7947,0.37317,1.4569,1.9429,2.08313,-1.96254,0.970137,1.71989,2.13384,-0.400361,-0.545685,-1.07028,-0.0214383