0.839778,-3.00408,0.580197,-0.190443,-1.14394,-1.84104,-1.57516,0.109599,-0.789806,0.0569762,-0.0820056,-2.01095,-0.433203,-0.813975,-0.265697,0.227766,-0.159121,-1.07464,0.281342,-0.5445
0.250703,-0.412005,1.66527,0.509333,-1.09181,-0.163729,0.218112,0.493775,-0.640445,1.95194,1.94857,-1.46297,-0.190072,-0.592152,0.225244,1.11474,-0.653106,-0.989307,1.04274,0.766985
-0.574406,-1.45418,-0.608391,0.674602,0.00637146,0.0996278,-2.26013,-0.420104,-1.29924,-0.0639669,-0.376786,-1.92106,-1.52461,-1.01612,-0.224002,0.118809,-0.933181,-0.0911058,-0.261024,0.736744
1.32053,0.060113,-0.077415,1.14341,1.92082,1.02796,-1.729,1.85608,0.271061,0.734494,0.757579,0.965821,-2.44568,0.255046,1.64814,0.774339,-0.0773299,0.734338,-2.46468,-0.479501
-2.13956,0.239128,-1.9305,1.49824,2.19751,1.21384,-1.79803,-1.6675,-0.405616,-2.55243,-2.71654,0.71654,-0.517276,-0.71164,-1.28314,-2.25962,0.190426,1.32811,-1.14146,0.370051
-2.72574,-0.627133,-0.890444,0.303921,0.626947,0.468667,-2.19505,-2.02885,-0.630478,-1.61333,-1.91915,-0.912595,0.629216,-0.435457,-2.23603,-1.9742,0.11865,0.754242,-0.3639,0.649321
1.32563,-0.798484,1.9525,0.835632,1.31417,0.358069,-2.60382,1.56367,0.0889191,2.27298,1.97567,0.0415486,-1.57832,0.294405,0.681485,0.583252,0.178351,0.0862339,-2.34265,-0.18812
0.0440142,2.29154,-0.888716,0.234239,2.05587,0.977443,0.911332,-1.65522,0.388196,-0.955244,-1.57135,2.61204,0.477512,-0.116152,-0.375378,-2.22585,0.698196,0.981073,-0.684661,0.392695
-2.50232,1.43457,-1.99203,0.234112,2.13816,2.62217,-1.89364,0.155677,0.695943,-1.52985,-1.56521,0.727934,-0.398954,0.279756,-0.372229,-1.73818,0.681677,2.49659,-2.51225,-0.360401
-1.2438,2.21838,-0.846923,0.230877,1.15267,0.52319,1.37139,-2.67155,0.0221676,-1.31613,-1.51813,2.17304,1.22317,0.693187,-1.40906,-1.29481,-0.0624986,0.407062,0.750954,1.3988
0.00264659,0.761819,0.862672,1.59568,2.23887,1.81756,-1.89676,2.44661,0.950725,1.18949,1.75951,1.46457,-1.77848,1.40512,1.1177,1.28538,0.15647,1.11655,-2.85384,-0.37733
-1.82917,0.963499,-0.513404,0.885023,0.81458,1.79532,-0.710247,0.200184,-0.0166587,-0.177644,-0.0698487,-0.262621,-0.337583,-0.349647,-0.190897,-0.507781,-0.0613779,1.0294,-0.647691,0.405967
-1.50381,-0.395144,0.487551,0.548199,-1.13973,0.635642,-0.0515542,2.12166,0.377247,0.489214,1.68825,-1.30041,-0.181413,0.863755,0.439573,2.32817,-0.534765,-0.0317919,0.369639,-0.256172
-1.77285,-0.183073,1.60926,1.64473,-0.359032,0.907684,-0.413151,1.2374,-0.018546,1.09215,1.89301,-1.1235,0.047326,0.0300816,-0.301037,1.14752,-0.327892,-0.190983,0.378937,0.418469
2.38862,0.341234,1.40683,1.85537,1.51123,0.00343177,0.0635683,1.7943,0.373197,1.45763,1.9429,2.08313,-1.96254,0.971179,1.71989,2.13384,-0.400346,-0.545645,-1.07028,-0.0210113