0.841879,-3.00408,0.580069,-0.195244,-1.14757,-1.84104,-1.57516,0.107653,-0.79089,0.0622565,-0.0820041,-2.01095,-0.430998,-0.81398,-0.270997,0.227765,-0.158221,-1.07464,0.284407,-0.543286
0.251964,-0.415986,1.6665,0.509338,-1.09292,-0.168538,0.217887,0.496297,-0.641584,1.95194,1.94857,-1.46298,-0.191359,-0.592139,0.225255,1.11669,-0.653865,-0.993583,1.04275,0.766979
-0.576753,-1.45456,-0.608388,0.674409,0.00524378,0.101252,-2.26013,-0.420109,-1.29924,-0.0645843,-0.378463,-1.92106,-1.5246,-1.01612,-0.22658,0.118814,-0.933179,-0.0903406,-0.261434,0.736746
1.32354,0.0649511,-0.0715525,1.14412,1.92082,1.0304,-1.7303,1.85609,0.270799,0.736014,0.758271,0.966806,-2.44569,0.255538,1.64813,0.776881,-0.076885,0.733475,-2.46468,-0.481231
-2.13956,0.244156,-1.93051,1.49824,2.19751,1.21884,-1.79803,-1.67084,-0.405232,-2.55243,-2.71654,0.716665,-0.516592,-0.711634,-1.28513,-2.25962,0.190176,1.33193,-1.14299,0.371518
-2.72574,-0.630017,-0.89508,0.305957,0.627919,0.471013,-2.19505,-2.02885,-0.630478,-1.61334,-1.91914,-0.913039,0.626568,-0.437511,-2.23603,-1.9775,0.118646,0.757589,-0.366421,0.650267
1.32563,-0.801211,1.9525,0.843043,1.31416,0.361737,-2.60382,1.57468,0.0891411,2.27298,1.97937,0.0408869,-1.58475,0.294032,0.686517,0.589208,0.177396,0.085419,-2.34266,-0.191901
0.0439052,2.29155,-0.890894,0.234071,2.05587,0.977671,0.91133,-1.65695,0.388372,-0.962407,-1.57379,2.61204,0.478867,-0.116154,-0.375382,-2.22585,0.698183,0.981075,-0.683245,0.390832
-2.50232,1.43745,-1.99203,0.236676,2.13816,2.62217,-1.89364,0.150604,0.695939,-1.53723,-1.56903,0.729515,-0.39677,0.279761,-0.374463,-1.73819,0.681678,2.49659,-2.51225,-0.362344
-1.2438,2.21838,-0.851257,0.233503,1.15267,0.523965,1.3714,-2.67155,0.0224868,-1.32055,-1.51814,2.17304,1.22316,0.693183,-1.41025,-1.29365,-0.0624998,0.407996,0.752689,1.3988
0.00515636,0.764095,0.865986,1.5984,2.23887,1.81757,-1.89676,2.4466,0.950726,1.1895,1.7595,1.46457,-1.77848,1.40512,1.1186,1.2854,0.157349,1.11583,-2.85406,-0.379142
-1.82917,0.965118,-0.512991,0.88503,0.817002,1.79532,-0.712956,0.198329,-0.0166554,-0.180423,-0.0721855,-0.26176,-0.338501,-0.34965,-0.190478,-0.50946,-0.0614847,1.03008,-0.653024,0.405705
-1.50381,-0.392297,0.491876,0.548781,-1.13973,0.634667,-0.0524566,2.12166,0.377245,0.495704,1.69115,-1.30196,-0.181336,0.863756,0.439969,2.32816,-0.53477,-0.0318817,0.366527,-0.254052
-1.77285,-0.178606,1.60926,1.64473,-0.359299,0.907691,-0.413155,1.23741,-0.019176,1.09424,1.89301,-1.1235,0.0474214,0.0293188,-0.302208,1.14752,-0.327942,-0.191072,0.376347,0.420357
2.38862,0.342091,1.41054,1.85537,1.51262,0.0032599,0.0619915,1.79311,0.373267,1.45976,1.94291,2.08313,-1.96254,0.97429,1.7199,2.13383,-0.400314,-0.545542,-1.07028,-0.0197304