0.84327,-3.00408,0.579983,-0.198435,-1.14998,-1.84104,-1.57516,0.106362,-0.791602,0.0657923,-0.0820029,-2.01095,-0.429529,-0.813984,-0.274508,0.227764,-0.157623,-1.07465,0.286433,-0.542472
0.252792,-0.418639,1.6673,0.509342,-1.09365,-0.171719,0.217736,0.497965,-0.642335,1.95195,1.94857,-1.46298,-0.192216,-0.592131,0.22526,1.11795,-0.65436,-0.996397,1.04275,0.766975
-0.578299,-1.45479,-0.608386,0.67428,0.00449916,0.102332,-2.26013,-0.420112,-1.29924,-0.0649761,-0.379572,-1.92106,-1.5246,-1.01613,-0.228285,0.118817,-0.933177,-0.0898265,-0.261716,0.736747
1.32552,0.0681725,-0.0676672,1.14459,1.92081,1.03202,-1.73114,1.85609,0.270625,0.737013,0.758724,0.967462,-2.44569,0.25587,1.64812,0.778561,-0.0765981,0.732897,-2.46468,-0.482369
-2.13956,0.247511,-1.93051,1.49824,2.19751,1.22215,-1.79804,-1.67306,-0.404973,-2.55242,-2.71654,0.716748,-0.516126,-0.711631,-1.28645,-2.25963,0.190019,1.33445,-1.14401,0.372479
-2.72574,-0.63192,-0.898155,0.307321,0.628567,0.472577,-2.19505,-2.02885,-0.630478,-1.61335,-1.91914,-0.913332,0.624816,-0.43887,-2.23603,-1.97966,0.118643,0.759796,-0.368075,0.650886
1.32563,-0.803027,1.9525,0.847932,1.31416,0.36416,-2.60382,1.58197,0.0892901,2.27298,1.98181,0.0404384,-1.58902,0.293802,0.689863,0.593166,0.176753,0.0848743,-2.34266,-0.194403
0.0438375,2.29155,-0.892336,0.233967,2.05587,0.977823,0.911329,-1.6581,0.388487,-0.967151,-1.57539,2.61204,0.47977,-0.116155,-0.375384,-2.22585,0.698178,0.981076,-0.682293,0.389593
-2.50232,1.43934,-1.99203,0.23837,2.13815,2.62217,-1.89364,0.147252,0.695936,-1.54209,-1.57155,0.730539,-0.395338,0.279764,-0.37594,-1.73819,0.681678,2.49659,-2.51225,-0.363631
-1.24381,2.21837,-0.854127,0.235248,1.15267,0.524478,1.3714,-2.67155,0.0227014,-1.32347,-1.51814,2.17304,1.22316,0.69318,-1.41102,-1.29287,-0.0625005,0.408625,0.753823,1.3988
0.006831,0.765619,0.868194,1.60018,2.23887,1.81757,-1.89676,2.4466,0.950727,1.1895,1.7595,1.46457,-1.77848,1.40512,1.11918,1.28541,0.157937,1.11534,-2.85421,-0.380345
-1.82917,0.966183,-0.512723,0.885034,0.81861,1.79531,-0.714752,0.197099,-0.0166532,-0.182277,-0.0737332,-0.261195,-0.339112,-0.349653,-0.190211,-0.510586,-0.0615471,1.03053,-0.656548,0.405518
-1.50381,-0.390407,0.494747,0.549155,-1.13974,0.634013,-0.0530506,2.12166,0.377244,0.499995,1.69306,-1.30298,-0.181294,0.863756,0.440229,2.32816,-0.534774,-0.0319483,0.364448,-0.252645
-1.77286,-0.175645,1.60927,1.64473,-0.359475,0.907693,-0.413157,1.23741,-0.0195891,1.09561,1.893,-1.1235,0.0474703,0.0288096,-0.302979,1.14752,-0.32797,-0.191132,0.374626,0.421605
2.38862,0.342666,1.413,1.85537,1.51353,0.00313357,0.0609462,1.79232,0.373306,1.46114,1.94291,2.08313,-1.96254,0.976354,1.7199,2.13383,-0.400302,-0.545485,-1.07029,-0.0188765