0.843962,-3.00408,0.57994,-0.200027,-1.15119,-1.84104,-1.57516,0.105718,-0.791956,0.0675647,-0.0820023,-2.01095,-0.428795,-0.813985,-0.276257,0.227764,-0.157325,-1.07465,0.287442,-0.542063
0.253202,-0.419964,1.6677,0.509344,-1.09402,-0.173302,0.21766,0.498795,-0.642708,1.95195,1.94857,-1.46299,-0.192644,-0.592127,0.225261,1.11858,-0.654604,-0.997794,1.04276,0.766973
-0.579066,-1.4549,-0.608386,0.674216,0.00412901,0.102872,-2.26014,-0.420114,-1.29924,-0.065166,-0.380123,-1.92106,-1.5246,-1.01613,-0.229134,0.118819,-0.933176,-0.0895682,-0.26186,0.736748
1.32651,0.069782,-0.0657316,1.14482,1.92081,1.03282,-1.73156,1.85609,0.270538,0.737509,0.758948,0.96779,-2.44569,0.256037,1.64812,0.779397,-0.0764576,0.732608,-2.46468,-0.482933
-2.13956,0.24919,-1.93051,1.49824,2.19751,1.22379,-1.79804,-1.67417,-0.404842,-2.55242,-2.71654,0.716789,-0.515889,-0.711629,-1.2871,-2.25963,0.189943,1.3357,-1.14452,0.372955
-2.72574,-0.632865,-0.899688,0.308005,0.628891,0.473359,-2.19505,-2.02885,-0.630478,-1.61336,-1.91914,-0.913478,0.623943,-0.439546,-2.23603,-1.98072,0.118642,0.760892,-0.368895,0.651191
1.32563,-0.803934,1.9525,0.850362,1.31416,0.365364,-2.60382,1.5856,0.0893649,2.27298,1.98303,0.040212,-1.59115,0.293693,0.691532,0.595141,0.17643,0.0846015,-2.34266,-0.195649
0.0438052,2.29155,-0.893053,0.233918,2.05588,0.977899,0.911329,-1.65868,0.388545,-0.969514,-1.57619,2.61204,0.480222,-0.116156,-0.375385,-2.22585,0.698176,0.981077,-0.681815,0.388975
-2.50233,1.44027,-1.99203,0.239212,2.13815,2.62217,-1.89364,0.145584,0.695934,-1.54451,-1.5728,0.731042,-0.394628,0.279766,-0.376675,-1.7382,0.681679,2.49659,-2.51225,-0.364271
-1.24381,2.21837,-0.855556,0.236118,1.15267,0.524734,1.3714,-2.67155,0.0228092,-1.32493,-1.51814,2.17305,1.22316,0.693179,-1.4114,-1.29248,-0.0625009,0.40894,0.754384,1.3988
0.00766867,0.766383,0.869298,1.60106,2.23887,1.81757,-1.89677,2.4466,0.950727,1.1895,1.7595,1.46457,-1.77847,1.40512,1.11947,1.28541,0.158232,1.11509,-2.85429,-0.380944
-1.82917,0.966712,-0.512592,0.885037,0.819412,1.79531,-0.715647,0.196486,-0.0166521,-0.183205,-0.0745039,-0.260915,-0.339417,-0.349654,-0.19008,-0.511151,-0.0615757,1.03076,-0.658301,0.405421
-1.50381,-0.389464,0.49618,0.549337,-1.13974,0.633685,-0.0533452,2.12166,0.377243,0.502129,1.69401,-1.30348,-0.181276,0.863756,0.440358,2.32816,-0.534775,-0.0319835,0.363408,-0.251943
-1.77286,-0.174171,1.60927,1.64472,-0.359563,0.907693,-0.413158,1.23741,-0.0197936,1.0963,1.893,-1.1235,0.0474905,0.0285548,-0.303361,1.14753,-0.327982,-0.191163,0.373767,0.422226
2.38862,0.342953,1.41422,1.85538,1.51399,0.00306687,0.0604255,1.79193,0.373324,1.46181,1.94292,2.08313,-1.96254,0.977383,1.7199,2.13382,-0.400299,-0.545461,-1.07029,-0.0184495