0.846709,-3.00408,0.579765,-0.206377,-1.15601,-1.84105,-1.57516,0.10315,-0.793352,0.0746825,-0.0819994,-2.01095,-0.425863,-0.813992,-0.283207,0.227762,-0.156139,-1.07465,0.291443,-0.540415
0.254817,-0.425263,1.66927,0.50935,-1.09545,-0.179587,0.217353,0.50209,-0.644181,1.95196,1.94857,-1.463,-0.194354,-0.592111,0.22526,1.12101,-0.655559,-1.00331,1.04277,0.766966
-0.582097,-1.4553,-0.608382,0.673958,0.00266285,0.105024,-2.26014,-0.42012,-1.29925,-0.0658865,-0.382308,-1.92106,-1.5246,-1.01614,-0.232506,0.118826,-0.933174,-0.0885278,-0.262453,0.736751
1.3304,0.0762104,-0.0580368,1.14572,1.92081,1.03601,-1.73318,1.8561,0.27019,0.739466,0.75983,0.969101,-2.44569,0.256714,1.64811,0.782713,-0.0759136,0.731448,-2.46468,-0.48516
-2.13956,0.255917,-1.93052,1.49824,2.19752,1.23033,-1.79804,-1.67857,-0.404316,-2.55241,-2.71655,0.716953,-0.514924,-0.711622,-1.2897,-2.25964,0.189656,1.34067,-1.14654,0.374822
-2.72574,-0.636604,-0.905789,0.310752,0.630187,0.476485,-2.19505,-2.02885,-0.630478,-1.61338,-1.91913,-0.914056,0.620478,-0.442232,-2.23603,-1.98492,0.118637,0.765229,-0.372122,0.652391
1.32563,-0.807554,1.95251,0.859984,1.31416,0.370136,-2.60382,1.60003,0.0896658,2.27298,1.98783,0.0392926,-1.59963,0.293293,0.698191,0.603016,0.175125,0.0835072,-2.34266,-0.200595
0.0436848,2.29155,-0.895905,0.233738,2.05588,0.978203,0.911327,-1.66095,0.388773,-0.978903,-1.57931,2.61203,0.48203,-0.116158,-0.375389,-2.22585,0.698176,0.98108,-0.679885,0.386509
-2.50233,1.44395,-1.99203,0.24255,2.13815,2.62218,-1.89364,0.138969,0.695928,-1.55405,-1.57776,0.732996,-0.391837,0.279772,-0.379591,-1.73821,0.68168,2.49659,-2.51224,-0.366815
-1.24381,2.21837,-0.861233,0.239587,1.15266,0.52575,1.37141,-2.67155,0.023244,-1.33072,-1.51815,2.17305,1.22316,0.693173,-1.41287,-1.2909,-0.0625023,0.410216,0.756584,1.3988
0.0110209,0.769449,0.873709,1.6045,2.23888,1.81757,-1.89677,2.44659,0.950729,1.18951,1.75949,1.46457,-1.77847,1.40511,1.12061,1.28543,0.159413,1.11409,-2.85461,-0.38333
-1.82917,0.968799,-0.512085,0.885045,0.822607,1.79531,-0.719208,0.194046,-0.0166479,-0.186917,-0.0775668,-0.25981,-0.340635,-0.349658,-0.189577,-0.513424,-0.0616738,1.03166,-0.665253,0.405012
-1.5038,-0.385711,0.501886,0.550041,-1.13974,0.632366,-0.0545088,2.12166,0.377241,0.510594,1.69777,-1.3055,-0.181221,0.863757,0.440867,2.32815,-0.534782,-0.0321367,0.35924,-0.24915
-1.77286,-0.168308,1.60928,1.64472,-0.359913,0.907689,-0.413163,1.23741,-0.0205989,1.09901,1.893,-1.12349,0.0475432,0.027534,-0.304873,1.14753,-0.32802,-0.191288,0.370343,0.424686
2.38862,0.34411,1.4191,1.85538,1.51579,0.00277624,0.0583554,1.79036,0.373379,1.46443,1.94293,2.08313,-1.96254,0.981476,1.71991,2.13381,-0.400305,-0.545387,-1.07029,-0.0167417