0.84807,-3.00408,0.579673,-0.209541,-1.15842,-1.84105,-1.57516,0.101872,-0.794039,0.0782576,-0.0819977,-2.01095,-0.4244,-0.813995,-0.286656,0.22776,-0.15555,-1.07465,0.293425,-0.539583
0.255609,-0.427911,1.67003,0.509354,-1.09615,-0.1827,0.2172,0.503722,-0.644908,1.95196,1.94857,-1.463,-0.195207,-0.592104,0.225256,1.12218,-0.656024,-1.00602,1.04277,0.766963
-0.583591,-1.45548,-0.608381,0.673829,0.00193849,0.106097,-2.26014,-0.420124,-1.29925,-0.0662232,-0.383389,-1.92106,-1.52459,-1.01614,-0.234176,0.118829,-0.933172,-0.0880034,-0.262761,0.736752
1.33232,0.0794184,-0.0542187,1.14617,1.92081,1.03759,-1.73397,1.85611,0.270017,0.740429,0.760263,0.969757,-2.44569,0.257056,1.64811,0.784355,-0.0756523,0.730866,-2.46469,-0.486255
-2.13956,0.259288,-1.93052,1.49824,2.19752,1.23357,-1.79804,-1.68076,-0.40405,-2.55241,-2.71655,0.717035,-0.51443,-0.711618,-1.29099,-2.25964,0.189524,1.34313,-1.14755,0.375736
-2.72574,-0.638449,-0.90882,0.312133,0.630834,0.478046,-2.19505,-2.02885,-0.630478,-1.61338,-1.91913,-0.914343,0.61876,-0.443562,-2.23603,-1.98697,0.118635,0.767367,-0.373706,0.652976
1.32563,-0.809358,1.95251,0.864735,1.31416,0.372494,-2.60382,1.60719,0.0898171,2.27298,1.9902,0.038825,-1.60386,0.293115,0.701507,0.606938,0.174466,0.082958,-2.34266,-0.203046
0.0436298,2.29156,-0.89732,0.233658,2.05588,0.978356,0.911326,-1.66208,0.388885,-0.983561,-1.58084,2.61203,0.482933,-0.116159,-0.375391,-2.22585,0.69818,0.981081,-0.678912,0.385282
-2.50233,1.44574,-1.99203,0.2442,2.13815,2.62218,-1.89364,0.135694,0.695925,-1.55876,-1.5802,0.733938,-0.390468,0.279775,-0.381033,-1.73821,0.681681,2.49659,-2.51224,-0.368075
-1.24382,2.21837,-0.864051,0.241313,1.15266,0.526255,1.37141,-2.67155,0.0234633,-1.3336,-1.51815,2.17305,1.22316,0.693171,-1.41358,-1.2901,-0.062503,0.410861,0.757659,1.3988
0.0126974,0.770986,0.875912,1.60618,2.23888,1.81757,-1.89677,2.44659,0.95073,1.18951,1.75949,1.46457,-1.77847,1.40511,1.12116,1.28544,0.160004,1.11358,-2.85477,-0.384515
-1.82917,0.969825,-0.511841,0.88505,0.824197,1.79531,-0.720975,0.192832,-0.0166457,-0.188774,-0.0790863,-0.259268,-0.341243,-0.349661,-0.189336,-0.514569,-0.0617134,1.03211,-0.668692,0.404796
-1.5038,-0.383845,0.504726,0.550378,-1.13974,0.631701,-0.0550816,2.12166,0.37724,0.514784,1.69962,-1.30649,-0.181205,0.863758,0.441117,2.32815,-0.534785,-0.0322201,0.357153,-0.247762
-1.77286,-0.165398,1.60928,1.64472,-0.360086,0.907684,-0.413165,1.23741,-0.020994,1.10034,1.893,-1.12349,0.0475533,0.0270227,-0.305618,1.14753,-0.328031,-0.191351,0.368638,0.425903
2.38861,0.344691,1.42152,1.85538,1.51668,0.0026165,0.0573285,1.78958,0.373398,1.4657,1.94293,2.08313,-1.96254,0.983511,1.71992,2.13381,-0.40032,-0.545365,-1.0703,-0.0158878