0.849423,-3.00408,0.579579,-0.212698,-1.16081,-1.84105,-1.57515,0.100597,-0.794719,0.0818426,-0.0819958,-2.01095,-0.422939,-0.813998,-0.290087,0.227759,-0.154963,-1.07465,0.295393,-0.538747
0.256391,-0.430557,1.67079,0.509357,-1.09685,-0.185793,0.217046,0.505344,-0.645628,1.95196,1.94857,-1.463,-0.196059,-0.592096,0.225251,1.12334,-0.65648,-1.00871,1.04277,0.766959
-0.585071,-1.45564,-0.608379,0.6737,0.00122001,0.107168,-2.26014,-0.420127,-1.29925,-0.0665445,-0.384461,-1.92106,-1.52459,-1.01615,-0.235836,0.118832,-0.933171,-0.0874762,-0.263074,0.736753
1.33423,0.0826219,-0.0504204,1.14661,1.92081,1.03916,-1.73474,1.85611,0.269844,0.741382,0.760691,0.970414,-2.4457,0.257401,1.6481,0.785987,-0.0753978,0.730283,-2.46469,-0.487338
-2.13956,0.262664,-1.93052,1.49824,2.19752,1.2368,-1.79804,-1.68294,-0.403782,-2.5524,-2.71655,0.717117,-0.513928,-0.711615,-1.29227,-2.25964,0.189399,1.34557,-1.14856,0.376636
-2.72574,-0.640278,-0.911837,0.313518,0.631482,0.479604,-2.19505,-2.02885,-0.630478,-1.61339,-1.91912,-0.914628,0.617053,-0.444883,-2.23602,-1.989,0.118633,0.769486,-0.37527,0.653553
1.32563,-0.811158,1.95251,0.869449,1.31416,0.374835,-2.60382,1.6143,0.0899689,2.27298,1.99256,0.0383524,-1.60807,0.29295,0.704815,0.610851,0.173802,0.0824074,-2.34266,-0.205483
0.0435781,2.29156,-0.898727,0.233585,2.05588,0.978509,0.911326,-1.6632,0.388996,-0.988193,-1.58236,2.61203,0.483836,-0.116161,-0.375393,-2.22584,0.698185,0.981083,-0.677932,0.384058
-2.50233,1.44752,-1.99203,0.245838,2.13815,2.62218,-1.89364,0.132441,0.695922,-1.56342,-1.58263,0.734858,-0.389116,0.279778,-0.382465,-1.73822,0.681681,2.49659,-2.51224,-0.369327
-1.24382,2.21836,-0.866854,0.243033,1.15266,0.526759,1.37142,-2.67155,0.0236838,-1.33646,-1.51815,2.17305,1.22315,0.693168,-1.41428,-1.28929,-0.0625037,0.411511,0.758718,1.3988
0.014374,0.772527,0.878113,1.60783,2.23888,1.81757,-1.89677,2.44659,0.950731,1.18951,1.75948,1.46458,-1.77847,1.40511,1.1217,1.28545,0.160597,1.11307,-2.85494,-0.385695
-1.82917,0.97084,-0.511605,0.885054,0.825781,1.7953,-0.722734,0.191624,-0.0166436,-0.19063,-0.0805977,-0.258731,-0.34185,-0.349663,-0.1891,-0.515719,-0.0617469,1.03256,-0.672109,0.404571
-1.5038,-0.381987,0.507557,0.550705,-1.13974,0.631035,-0.0556484,2.12167,0.377239,0.518944,1.70146,-1.30748,-0.181196,0.863759,0.441364,2.32815,-0.534788,-0.0323079,0.355065,-0.246379
-1.77286,-0.162503,1.60928,1.64471,-0.360259,0.907679,-0.413167,1.23741,-0.0213843,1.10167,1.893,-1.12349,0.0475528,0.0265107,-0.306358,1.14754,-0.328038,-0.191415,0.366938,0.427111
2.38861,0.345274,1.42393,1.85538,1.51757,0.002447,0.0563073,1.78881,0.373412,1.46693,1.94294,2.08313,-1.96254,0.985538,1.71992,2.1338,-0.400342,-0.545353,-1.0703,-0.0150338