0.337744,-3.00495,0.126689,0.200011,-0.39347,-1.8394,-1.57446,0.111897,-0.161012,-0.135076,-0.0819206,-2.01143,-0.18157,-0.810904,-0.00804334,0.225375,0.0791434,-1.0738,0.0737465,-0.224742
0.168824,-0.220757,0.479575,0.508669,-0.151702,0.229918,-0.111075,0.0809752,-0.174006,1.9519,1.94806,-1.46215,0.14622,-0.593559,0.166952,0.113419,-0.287369,-0.0248437,1.04234,0.767681
-0.121061,-0.452409,-0.609001,0.285364,0.0787578,-0.0718884,-2.25951,-0.420396,-1.2988,0.116028,-0.137235,-1.92129,-1.52457,-1.01487,-0.131942,0.118885,-0.933159,-0.185686,-0.161012,0.736776
0.365861,-0.0734638,-0.183464,0.29285,1.91963,0.237008,-0.6369,1.85473,0.126363,0.00225235,0.277592,0.338877,-2.44506,0.0879855,1.64977,0.0330211,-0.210837,0.323774,-2.46303,-0.0747303
-2.14034,-0.159416,-1.92884,1.4979,2.19745,0.175066,-1.79675,-0.418394,-0.16659,-2.55246,-2.71665,0.128861,-0.234812,-0.713511,-0.351181,-2.25779,0.0385596,0.286418,-0.332239,0.0172372
-2.72445,-0.0402022,-0.206026,0.0770764,0.189297,0.175463,-2.19653,-2.02759,-0.630014,-1.61207,-1.91871,-0.217099,0.623504,-0.0653151,-2.23653,-0.35075,0.118469,0.0527543,0.0698365,0.211778
1.32441,-0.208315,1.95262,-0.190684,1.31371,-0.0107808,-2.60279,-0.0333314,-0.0376536,2.27265,0.516918,-0.0469006,-0.503953,0.111067,0.0267769,0.0536747,0.0696379,0.0925826,-2.34308,0.0988625
0.142625,2.29106,-0.17951,0.102778,2.05629,0.50981,0.912019,-0.431627,0.223634,-0.138559,-0.370384,2.61029,0.0860423,-0.114766,-0.373174,-2.22621,0.319451,0.979344,-0.155472,0.0583758
-2.50182,0.265761,-1.99165,0.120386,2.13731,2.62192,-1.8927,0.187233,0.696744,-0.10055,-0.440909,0.129214,-0.288902,0.279105,-0.117984,-1.7381,0.681771,2.49617,-2.51153,-0.028256
-1.24335,2.21686,-0.0485316,0.0395749,1.15152,0.202291,1.37113,-2.67186,-0.0150974,-0.229604,-1.51672,2.17337,1.22214,0.695734,-0.421594,-0.474924,-0.0632137,0.238448,0.0821017,1.39882
-0.0603641,0.17797,0.0639637,0.31931,2.23883,1.81649,-1.89655,2.44734,0.949922,1.18873,1.76008,1.46365,-1.77625,1.40516,0.228373,1.28384,-0.00285199,0.387505,-0.715039,-0.057366
-1.82791,0.415926,-0.323843,0.884521,0.178695,1.79483,-0.309294,0.0635524,-0.0178106,-0.248141,0.216625,-0.296189,0.0658117,-0.347252,-0.180702,-0.0417628,0.096062,0.540084,-0.034173,0.104005
-1.50473,-0.202278,0.304569,0.0177962,-1.13874,0.410557,0.103191,2.1195,0.377497,-0.308289,0.462436,-0.376135,-0.267049,0.865319,0.0731315,2.32817,-0.533487,-0.250511,0.186064,-0.196927
-1.77298,-0.275614,1.60854,1.64501,-0.223987,0.299163,-0.411734,1.23712,0.0754651,0.513615,1.89211,-1.12312,-0.198198,-0.211089,-0.0476035,1.14616,-0.012318,-0.154899,0.08667,0.0265876
2.38901,0.131348,0.350269,1.85506,0.289201,0.0805053,0.172459,0.467172,0.0426684,0.24962,1.94184,2.0833,-1.96275,0.244663,1.71672,2.13425,-0.0984273,-0.20042,-1.06875,0.013891