0.345224,-3.00493,0.130043,0.203396,-0.402177,-1.83943,-1.57446,0.113714,-0.167316,-0.139207,-0.0819168,-2.01145,-0.184128,-0.810886,-0.00601897,0.225374,0.0780367,-1.07381,0.0754722,-0.229932
0.171646,-0.223079,0.488426,0.508656,-0.157875,0.232174,-0.110849,0.0823862,-0.176317,1.9519,1.94806,-1.46214,0.14279,-0.59359,0.166527,0.116759,-0.287241,-0.0275387,1.04233,0.767671
-0.123587,-0.462735,-0.608994,0.289164,0.0822812,-0.0709423,-2.25952,-0.420395,-1.2988,0.114866,-0.138659,-1.92131,-1.52456,-1.01485,-0.130098,0.118882,-0.933152,-0.189475,-0.164595,0.736777
0.374166,-0.0741353,-0.189226,0.303577,1.91962,0.242316,-0.651416,1.85474,0.130315,0.00747153,0.281174,0.346361,-2.44506,0.091417,1.64976,0.0344502,-0.213832,0.331528,-2.46304,-0.0782254
-2.14034,-0.162059,-1.92886,1.49789,2.19745,0.179124,-1.79675,-0.428603,-0.170069,-2.55248,-2.71663,0.132025,-0.242303,-0.71352,-0.36063,-2.25779,0.0425818,0.292978,-0.34025,0.0177262
-2.72446,-0.0409111,-0.212436,0.0816112,0.192177,0.178369,-2.19652,-2.02759,-0.630011,-1.61206,-1.91874,-0.222511,0.633829,-0.0669792,-2.23653,-0.35995,0.118461,0.0546405,0.0708621,0.214694
1.32441,-0.212979,1.95261,-0.19269,1.31372,-0.0117233,-2.60279,-0.0334277,-0.0378165,2.27265,0.52963,-0.0479413,-0.517218,0.114142,0.0271861,0.0545144,0.0724483,0.0943682,-2.34308,0.09989
0.144444,2.29106,-0.183843,0.105591,2.05629,0.520435,0.912019,-0.443136,0.226695,-0.141782,-0.37832,2.61029,0.0897188,-0.114752,-0.373164,-2.22621,0.324919,0.979351,-0.159268,0.0599037
-2.50182,0.27178,-1.99164,0.121607,2.13733,2.62194,-1.89271,0.191045,0.696742,-0.105405,-0.450284,0.132066,-0.295042,0.27911,-0.120029,-1.7381,0.681774,2.49616,-2.51153,-0.0289005
-1.24335,2.21689,-0.0502601,0.0390798,1.15152,0.207317,1.37112,-2.67186,-0.0167112,-0.238632,-1.51671,2.17336,1.22215,0.695751,-0.430411,-0.485878,-0.0631992,0.244271,0.0852417,1.39881
-0.0610708,0.1826,0.0671039,0.326602,2.23882,1.81649,-1.89655,2.44734,0.949928,1.18873,1.76007,1.46365,-1.77626,1.40516,0.23544,1.28384,-0.00409954,0.396457,-0.733346,-0.0581801
-1.82794,0.423488,-0.331094,0.884546,0.180272,1.79481,-0.315714,0.0658906,-0.0178176,-0.250179,0.221964,-0.299805,0.064866,-0.347259,-0.185083,-0.0464638,0.0938547,0.552556,-0.0351709,0.106354
-1.50473,-0.206696,0.30872,0.0191962,-1.13873,0.418228,0.105486,2.1195,0.377485,-0.312586,0.474576,-0.386509,-0.274508,0.86532,0.0758774,2.32818,-0.533463,-0.255973,0.190405,-0.20308
-1.77296,-0.281464,1.60855,1.64501,-0.226805,0.308525,-0.411754,1.23712,0.0769033,0.520182,1.89211,-1.12313,-0.198414,-0.216627,-0.0467078,1.14617,-0.0153716,-0.15774,0.0885044,0.0298336
2.389,0.133184,0.357955,1.85505,0.296882,0.0821563,0.176386,0.47884,0.0444302,0.256816,1.94184,2.0833,-1.96276,0.249384,1.71673,2.13425,-0.100152,-0.205641,-1.06875,0.0131669