0.037265,-3.01001,0.0247927,0.0310375,-0.0516716,-1.84171,-1.57652,0.0180894,0.00216118,-0.00896994,-0.0827199,-2.01443,-0.0361529,-0.813052,0.00170408,0.225924,0.00864147,-1.07559,0.0233977,-0.0269114
-0.00598883,-0.0375971,0.0448468,0.508396,-0.0109021,0.0477046,-0.030089,-0.00144597,-0.0325042,1.9533,1.95201,-1.464,0.0492857,-0.59463,0.046924,0.0188086,-0.0624745,0.00968076,1.04454,0.770126
-0.0104069,-0.0702199,-0.610792,0.0405062,-0.00638823,-0.0266485,-2.26266,-0.421126,-1.3005,0.0171644,-0.00868716,-1.9243,-1.52827,-1.01626,-0.0679203,0.118979,-0.933985,-0.0212591,-0.0135996,0.737517
0.0576353,-0.017751,-0.0199848,-0.00460985,1.92327,0.00541363,-0.0715353,1.85744,0.0152717,-0.0397675,0.0373506,0.0452557,-2.4484,0.00612313,1.65298,0.000394318,-0.0299675,0.0357297,-2.46673,0.0104099
-2.14379,-0.0268493,-1.93119,1.50054,2.20096,0.0223734,-1.79975,-0.0593513,-0.017603,-2.55657,-2.72114,0.0150182,-0.00101343,-0.714341,-0.0325791,-2.26163,-0.0309715,0.0381414,-0.0403961,-0.0091694
-2.72842,-0.00204303,-0.0132517,0.0125897,0.028071,0.0120354,-2.20062,-2.03083,-0.631575,-1.61607,-1.92045,-0.0195556,0.0772512,-0.0163822,-2.2395,-0.0387531,0.11799,-0.011846,0.0170513,0.0388055
1.32647,-0.0347938,1.95624,-0.0533054,1.3157,-0.000321749,-2.60703,-0.00846332,-0.0431928,2.27594,0.0602701,-0.000505603,-0.0420174,0.0146512,0.00459789,0.0130007,-0.000254869,0.0151692,-2.34704,0.0344714
0.0166345,2.29498,-0.0266174,-0.00365691,2.05938,0.0493763,0.913574,-0.0433169,0.0370572,-0.00436081,-0.0470828,2.61443,-0.0239404,-0.115945,-0.374514,-2.22951,0.0760116,0.980629,-0.0217565,-0.0107941
-2.50597,0.0542553,-1.9954,0.00799333,2.13993,2.62531,-1.89551,0.0157184,0.698073,-0.0184077,-0.0576923,0.0142805,-0.0295368,0.279676,-0.0190942,-1.74094,0.682917,2.50042,-2.5157,-0.000488667
-1.24585,2.21973,0.00266539,0.00510458,1.15307,0.0318166,1.37387,-2.67598,0.0341535,0.00716129,-1.51962,2.17721,1.22347,0.69667,-0.0428479,-0.0605532,-0.0633589,0.0200975,0.000271841,1.40116
-0.0124993,0.0227119,-0.00795933,0.0312125,2.24258,1.81913,-1.89956,2.45122,0.951386,1.19097,1.76298,1.46604,-1.77904,1.40777,-0.00241409,1.28577,-0.00111556,0.0482057,-0.0635412,0.00961487
-1.82958,0.060322,-0.0373397,0.885051,0.0320524,1.79885,-0.0370087,0.0237678,-0.0173199,-0.0287907,0.0158061,-0.0378393,0.0410858,-0.348335,-0.0309841,0.00820569,0.0392358,0.057493,-0.00212623,0.0134444
-1.5071,-0.023371,0.0337317,0.00165753,-1.14024,0.0501628,0.0149814,2.12314,0.378396,-0.0427454,0.030303,-0.0127935,-0.0137934,0.865975,0.00221776,2.332,-0.53522,-0.0161072,0.0185821,-0.0258016
-1.77655,-0.0363381,1.61062,1.6485,-0.0398535,0.0207563,-0.411701,1.23892,0.0128355,0.0744499,1.89463,-1.12461,-0.0246859,-0.00660616,0.000697532,1.14705,0.0166194,-0.0183028,0.0414191,-0.0219975
2.39312,0.0484813,0.0480029,1.85822,0.0387768,-0.0146267,0.0209957,0.049228,-0.000904374,0.0263636,1.94492,2.08667,-1.96534,0.0465048,1.7193,2.13797,-0.0108018,-0.0186823,-1.07043,0.0105259