0.359919,-3.00489,0.136548,0.21028,-0.419492,-1.83949,-1.57447,0.117245,-0.179949,-0.14707,-0.081911,-2.01148,-0.189355,-0.810854,-0.00197591,0.225376,0.0759188,-1.07382,0.0789189,-0.240343
0.176962,-0.227672,0.505977,0.508624,-0.170153,0.236661,-0.110224,0.085155,-0.181024,1.9519,1.94807,-1.46213,0.135878,-0.593653,0.165695,0.123618,-0.28686,-0.0331612,1.04231,0.767659
-0.128518,-0.482999,-0.608982,0.296747,0.0892762,-0.0689808,-2.25954,-0.420393,-1.2988,0.112454,-0.141504,-1.92134,-1.52455,-1.01483,-0.12624,0.118876,-0.933137,-0.19686,-0.171635,0.736774
0.390621,-0.0755162,-0.2007,0.324979,1.91961,0.252869,-0.680172,1.85476,0.138164,0.0182293,0.287985,0.36134,-2.44507,0.0981563,1.64974,0.0374109,-0.219848,0.346896,-2.46306,-0.0851013
-2.14035,-0.167241,-1.92888,1.49785,2.19746,0.187211,-1.79676,-0.448969,-0.177018,-2.55252,-2.7166,0.1384,-0.257112,-0.713536,-0.379299,-2.25778,0.0506162,0.306013,-0.356186,0.0187251
-2.72447,-0.0425541,-0.225054,0.0905451,0.19784,0.184215,-2.1965,-2.02758,-0.630001,-1.61203,-1.91879,-0.233014,0.654085,-0.0707301,-2.23654,-0.3783,0.118445,0.058435,0.0728478,0.220563
1.32442,-0.222272,1.95259,-0.1965,1.31374,-0.0136414,-2.6028,-0.0334769,-0.0382483,2.27265,0.555,-0.0499186,-0.543515,0.120267,0.0280959,0.0561739,0.0781287,0.0978353,-2.34307,0.101825
0.147813,2.29107,-0.192562,0.111283,2.05631,0.5412,0.91202,-0.466077,0.232557,-0.147972,-0.394116,2.61028,0.0970427,-0.114729,-0.373146,-2.2262,0.335958,0.979365,-0.166843,0.0629259
-2.50181,0.28384,-1.99163,0.123839,2.13737,2.62198,-1.89272,0.198444,0.696737,-0.115386,-0.468776,0.1376,-0.307201,0.279121,-0.124042,-1.73811,0.68178,2.49615,-2.51152,-0.0302442
-1.24333,2.21696,-0.0539516,0.0382034,1.15153,0.217091,1.3711,-2.67187,-0.0198757,-0.256615,-1.5167,2.17333,1.22215,0.695784,-0.44788,-0.507646,-0.063169,0.255793,0.091607,1.39878
-0.0623818,0.191946,0.0734453,0.341187,2.23881,1.8165,-1.89655,2.44734,0.949939,1.18874,1.76006,1.46364,-1.7763,1.40517,0.249501,1.28384,-0.00665404,0.414165,-0.769792,-0.059773
-1.82801,0.438293,-0.345505,0.884593,0.183074,1.79476,-0.328161,0.070795,-0.0178291,-0.253433,0.232335,-0.306481,0.0625974,-0.347277,-0.194051,-0.0561443,0.0893022,0.577064,-0.0372098,0.110961
-1.50473,-0.215436,0.31651,0.0219555,-1.13873,0.433183,0.109981,2.11951,0.377462,-0.320846,0.498875,-0.407101,-0.28913,0.865317,0.0816011,2.3282,-0.533416,-0.266674,0.198968,-0.215347
-1.77293,-0.292783,1.60855,1.64502,-0.232252,0.327115,-0.411791,1.23712,0.0798735,0.532757,1.89213,-1.12316,-0.198539,-0.22717,-0.0448317,1.14619,-0.0215467,-0.16316,0.0922744,0.0363215
2.38899,0.1367,0.373226,1.85502,0.312359,0.0853593,0.184091,0.502068,0.0479821,0.271115,1.94185,2.08331,-1.96277,0.25853,1.71675,2.13424,-0.103579,-0.216028,-1.06875,0.0117061