0.381298,-3.00482,0.145801,0.220842,-0.445159,-1.83959,-1.57448,0.122303,-0.198929,-0.157907,-0.0819034,-2.01152,-0.197441,-0.810819,0.00405582,0.225388,0.0730251,-1.07385,0.0840619,-0.255991
0.184167,-0.234419,0.531956,0.508572,-0.188332,0.24335,-0.108876,0.0891919,-0.188256,1.95189,1.94808,-1.46211,0.125462,-0.593746,0.164511,0.134392,-0.286007,-0.0421618,1.04227,0.767651
-0.135624,-0.512455,-0.608966,0.30811,0.0996101,-0.0658754,-2.25957,-0.420392,-1.2988,0.108662,-0.145783,-1.92138,-1.52453,-1.01479,-0.120052,0.118868,-0.933115,-0.207444,-0.181879,0.736766
0.414927,-0.0776698,-0.21777,0.356928,1.91959,0.26855,-0.722602,1.8548,0.14982,0.0351283,0.297325,0.383813,-2.44507,0.107928,1.64971,0.0421263,-0.228923,0.369588,-2.46309,-0.0950966
-2.14035,-0.174757,-1.92893,1.49781,2.19748,0.199241,-1.79678,-0.479386,-0.187431,-2.55258,-2.71654,0.148082,-0.278877,-0.713557,-0.406705,-2.25778,0.0626171,0.325361,-0.379876,0.0202777
-2.72449,-0.0455759,-0.243453,0.103578,0.206112,0.193095,-2.19647,-2.02757,-0.629983,-1.612,-1.91887,-0.248002,0.683515,-0.077398,-2.23655,-0.405686,0.11842,0.0641879,0.0756538,0.229499
1.32444,-0.236098,1.95256,-0.20173,1.31377,-0.0165939,-2.60281,-0.0331877,-0.0391571,2.27264,0.592928,-0.0526388,-0.582337,0.129366,0.0297153,0.0586412,0.0868067,0.102775,-2.34306,0.104437
0.152239,2.29108,-0.205743,0.119928,2.05633,0.571187,0.91202,-0.50028,0.240736,-0.156718,-0.417615,2.61028,0.108012,-0.114702,-0.373121,-2.22619,0.352787,0.97939,-0.17817,0.0674366
-2.5018,0.301967,-1.99161,0.126684,2.13743,2.62203,-1.89275,0.208989,0.696727,-0.131001,-0.495877,0.145497,-0.325138,0.279137,-0.129866,-1.73811,0.681787,2.49614,-2.51151,-0.032402
-1.24331,2.21705,-0.0600874,0.0372007,1.15154,0.231015,1.37108,-2.67188,-0.0244831,-0.283353,-1.51669,2.17329,1.22216,0.695829,-0.473683,-0.539953,-0.063122,0.272745,0.101359,1.39874
-0.0641182,0.206164,0.0831004,0.363096,2.23877,1.81651,-1.89654,2.44733,0.949955,1.18876,1.76004,1.46363,-1.77635,1.40518,0.270397,1.28384,-0.0106237,0.440227,-0.82403,-0.0621151
-1.8281,0.459764,-0.366884,0.884654,0.186513,1.79468,-0.345869,0.0786979,-0.0178392,-0.256383,0.247142,-0.315169,0.0583174,-0.347314,-0.208006,-0.0712227,0.0822222,0.612714,-0.0403804,0.117675
-1.50473,-0.228277,0.326961,0.0259356,-1.13871,0.45467,0.116474,2.11952,0.37743,-0.332509,0.535401,-0.43762,-0.31023,0.865307,0.0907849,2.32824,-0.533346,-0.282164,0.211508,-0.233563
-1.77288,-0.308848,1.60856,1.64504,-0.24005,0.354625,-0.411844,1.23712,0.0845204,0.550368,1.89214,-1.12321,-0.198055,-0.241561,-0.0418455,1.14622,-0.0310039,-0.170624,0.0981913,0.0459819
2.38898,0.141581,0.395892,1.85498,0.335872,0.0899261,0.195272,0.536643,0.0533871,0.292296,1.94187,2.08332,-1.9628,0.271507,1.71678,2.13424,-0.108671,-0.231461,-1.06875,0.00950901