0.421696,-3.00468,0.16257,0.242465,-0.495003,-1.83977,-1.5745,0.131629,-0.236698,-0.17646,-0.0818902,-2.01161,-0.21429,-0.810792,0.0159088,0.225442,0.0685109,-1.0739,0.0941568,-0.287144
0.196148,-0.247332,0.582855,0.508468,-0.223427,0.25666,-0.104819,0.0969009,-0.203149,1.95185,1.94812,-1.4621,0.104898,-0.593909,0.162516,0.157832,-0.283509,-0.0620644,1.0422,0.76764
-0.148881,-0.568195,-0.608936,0.330881,0.119544,-0.0591093,-2.25963,-0.420385,-1.2988,0.1007,-0.154496,-1.92144,-1.5245,-1.01473,-0.10636,0.118855,-0.933073,-0.226792,-0.201204,0.736752
0.462266,-0.0821791,-0.251296,0.420172,1.91956,0.299399,-0.804855,1.85487,0.172852,0.0714419,0.312885,0.428608,-2.44509,0.126217,1.64964,0.0526121,-0.247181,0.413617,-2.46316,-0.113798
-2.14036,-0.188872,-1.92902,1.49772,2.19752,0.2228,-1.79681,-0.539728,-0.208342,-2.55269,-2.71642,0.167906,-0.320676,-0.71359,-0.459209,-2.25777,0.0862856,0.363348,-0.426447,0.0236032
-2.72453,-0.0535884,-0.278216,0.128252,0.221926,0.211385,-2.1964,-2.02756,-0.629947,-1.61193,-1.91903,-0.275476,0.739015,-0.0941697,-2.23659,-0.459953,0.118368,0.0759749,0.0805926,0.247992
1.32448,-0.263197,1.9525,-0.210596,1.31385,-0.0227384,-2.60284,-0.0312842,-0.0418721,2.27262,0.6684,-0.0573121,-0.657462,0.147087,0.034047,0.0636882,0.104775,0.111726,-2.34303,0.108678
0.159133,2.29111,-0.232279,0.137241,2.05639,0.627295,0.91202,-0.567855,0.255156,-0.172862,-0.463894,2.61026,0.13023,-0.114676,-0.373074,-2.22614,0.387438,0.97945,-0.200725,0.076707
-2.50179,0.338195,-1.99156,0.130672,2.13754,2.62213,-1.89279,0.228186,0.696702,-0.16437,-0.547834,0.159982,-0.359896,0.279166,-0.140804,-1.73813,0.681796,2.49612,-2.5115,-0.0372398
-1.24329,2.21723,-0.0745616,0.0364069,1.15156,0.256007,1.37102,-2.67191,-0.033274,-0.335679,-1.51666,2.17321,1.22218,0.695894,-0.523909,-0.603295,-0.0630215,0.305366,0.121522,1.39867
-0.0669376,0.235226,0.102862,0.407146,2.2387,1.81654,-1.89652,2.44731,0.949988,1.1888,1.76,1.46361,-1.77647,1.40519,0.311443,1.28383,-0.0189624,0.490453,-0.930893,-0.06684
-1.82828,0.500502,-0.408735,0.884748,0.191414,1.79454,-0.377978,0.0962449,-0.0178303,-0.256216,0.274237,-0.328246,0.0469967,-0.34742,-0.237543,-0.102512,0.06772,0.679893,-0.0471289,0.13053
-1.50471,-0.252786,0.343712,0.0330211,-1.13866,0.494388,0.128492,2.11955,0.377371,-0.353878,0.608841,-0.497532,-0.348886,0.865265,0.111409,2.32834,-0.533214,-0.311036,0.23547,-0.268871
-1.7728,-0.337973,1.60857,1.6451,-0.254903,0.408087,-0.411947,1.23714,0.0942131,0.581968,1.89216,-1.12326,-0.195185,-0.264857,-0.0355227,1.14625,-0.050742,-0.183189,0.110995,0.0647453
2.38896,0.149955,0.440434,1.85489,0.384038,0.0982622,0.216212,0.604785,0.0644936,0.33348,1.94191,2.08333,-1.96284,0.294879,1.71685,2.13422,-0.118784,-0.261695,-1.06875,0.00521168