0.428128,-3.00466,0.16515,0.24609,-0.503066,-1.8398,-1.5745,0.133085,-0.242929,-0.179188,-0.0818886,-2.01163,-0.217162,-0.810793,0.0178487,0.225455,0.0679481,-1.07391,0.095805,-0.292289
0.197866,-0.249403,0.591223,0.508451,-0.229073,0.258875,-0.103974,0.0981383,-0.205671,1.95184,1.94813,-1.4621,0.101541,-0.593934,0.162244,0.161989,-0.283018,-0.0656097,1.04219,0.767638
-0.150975,-0.577099,-0.608931,0.334688,0.122755,-0.0579099,-2.25964,-0.420384,-1.2988,0.0993487,-0.155982,-1.92145,-1.5245,-1.01472,-0.103921,0.118853,-0.933066,-0.229776,-0.204273,0.736749
0.469999,-0.0829454,-0.256792,0.430621,1.91955,0.304474,-0.818214,1.85489,0.17667,0.0777956,0.31508,0.436031,-2.44509,0.129112,1.64962,0.0544977,-0.250227,0.420773,-2.46318,-0.116739
-2.14036,-0.191108,-1.92904,1.49771,2.19752,0.226648,-1.79681,-0.549719,-0.211853,-2.55271,-2.7164,0.171272,-0.327406,-0.713594,-0.467642,-2.25777,0.090172,0.369589,-0.434099,0.0241898
-2.72453,-0.0551755,-0.283733,0.132186,0.224468,0.214514,-2.19638,-2.02755,-0.629941,-1.61192,-1.91906,-0.279763,0.747828,-0.0973536,-2.2366,-0.468941,0.118359,0.077983,0.0813237,0.251158
1.32449,-0.267623,1.95249,-0.211882,1.31387,-0.0237912,-2.60284,-0.0307942,-0.0424343,2.27262,0.680936,-0.0580079,-0.669624,0.149961,0.0349319,0.0645668,0.107854,0.113101,-2.34302,0.109264
0.160065,2.29111,-0.236702,0.140094,2.05641,0.636178,0.912021,-0.579003,0.257339,-0.175442,-0.471517,2.61026,0.134006,-0.114674,-0.373067,-2.22613,0.393338,0.979462,-0.204474,0.0783138
-2.50179,0.344211,-1.99156,0.131129,2.13756,2.62215,-1.8928,0.231155,0.696696,-0.170186,-0.55621,0.162247,-0.365537,0.279171,-0.142536,-1.73813,0.681796,2.49612,-2.5115,-0.0381124
-1.24328,2.21726,-0.0772617,0.0364341,1.15156,0.259784,1.37102,-2.67191,-0.0346878,-0.344225,-1.51666,2.1732,1.22218,0.695901,-0.532107,-0.613674,-0.063004,0.310624,0.124959,1.39866
-0.0673428,0.24014,0.106207,0.414526,2.23869,1.81654,-1.89651,2.4473,0.949994,1.18881,1.75999,1.46361,-1.77649,1.4052,0.318184,1.28383,-0.0203895,0.498566,-0.948487,-0.0676502
-1.82831,0.507061,-0.415585,0.884761,0.192061,1.79451,-0.382925,0.0993615,-0.0178249,-0.255504,0.278451,-0.32993,0.0447919,-0.347441,-0.24265,-0.107778,0.0653175,0.690546,-0.0483039,0.13261
-1.5047,-0.256696,0.346001,0.0340623,-1.13864,0.5006,0.130367,2.11955,0.377361,-0.357255,0.621137,-0.507402,-0.354813,0.865256,0.115149,2.32836,-0.533193,-0.315559,0.239319,-0.274569
-1.77278,-0.342471,1.60857,1.64511,-0.257349,0.41678,-0.411963,1.23714,0.0958468,0.586861,1.89216,-1.12327,-0.19451,-0.268007,-0.0344561,1.14625,-0.0541476,-0.184986,0.113255,0.0677781
2.38896,0.151172,0.447762,1.85488,0.392219,0.0995551,0.219513,0.616006,0.0663819,0.340173,1.94192,2.08334,-1.96285,0.298456,1.71686,2.13422,-0.120473,-0.266641,-1.06875,0.00451627