0.453022,-3.00456,0.174896,0.260531,-0.534453,-1.83993,-1.57451,0.138632,-0.267534,-0.189174,-0.0818845,-2.01169,-0.228754,-0.81081,0.0254875,0.225517,0.0662918,-1.07393,0.102276,-0.312661
0.204036,-0.257448,0.624429,0.508383,-0.250965,0.267735,-0.100123,0.102939,-0.215853,1.95179,1.94816,-1.46211,0.0883779,-0.594021,0.161364,0.179309,-0.280914,-0.0803868,1.04214,0.767633
-0.159046,-0.61169,-0.608913,0.349955,0.135244,-0.0529024,-2.25967,-0.420377,-1.29881,0.0939405,-0.16207,-1.92149,-1.52448,-1.01469,-0.0937625,0.118849,-0.933043,-0.241012,-0.216117,0.736741
0.5005,-0.0860178,-0.278474,0.472138,1.91953,0.324578,-0.870612,1.85493,0.191929,0.103996,0.322744,0.465515,-2.44512,0.140322,1.64957,0.0624142,-0.262379,0.44885,-2.46323,-0.12799
-2.14037,-0.199726,-1.9291,1.49766,2.19755,0.241772,-1.79684,-0.589485,-0.226014,-2.55279,-2.71631,0.184925,-0.353601,-0.71361,-0.500403,-2.25778,0.105514,0.394293,-0.464377,0.0266454
-2.72455,-0.062234,-0.304972,0.147441,0.234347,0.227285,-2.19633,-2.02755,-0.629919,-1.61188,-1.91916,-0.296179,0.781788,-0.110974,-2.23663,-0.504789,0.118325,0.0861543,0.0839703,0.264046
1.32452,-0.285014,1.95245,-0.21652,1.31393,-0.0280807,-2.60287,-0.0283398,-0.0449713,2.2726,0.730975,-0.0606121,-0.717147,0.161173,0.0390051,0.0682613,0.120413,0.118285,-2.343,0.111276
0.163289,2.29113,-0.254333,0.15133,2.05646,0.670469,0.912024,-0.623261,0.265518,-0.185604,-0.501783,2.61024,0.149413,-0.114674,-0.373043,-2.22608,0.417267,0.979514,-0.219437,0.0849728
-2.50178,0.368149,-1.99153,0.132401,2.13763,2.62221,-1.89283,0.242434,0.696671,-0.194104,-0.588943,0.170949,-0.387627,0.279188,-0.149212,-1.73814,0.681795,2.49612,-2.51149,-0.0417864
-1.24327,2.21739,-0.0888794,0.0369861,1.15159,0.273737,1.37098,-2.67192,-0.0401883,-0.377849,-1.51665,2.17315,1.2222,0.695921,-0.564412,-0.654622,-0.0629327,0.331109,0.138893,1.39862
-0.068839,0.259962,0.119711,0.444154,2.23864,1.81656,-1.8965,2.44728,0.950018,1.18884,1.75997,1.46361,-1.77658,1.40521,0.344856,1.28382,-0.0261518,0.530246,-1.01822,-0.0709898
-1.82842,0.532811,-0.442608,0.884803,0.194404,1.79442,-0.401648,0.11225,-0.017791,-0.251012,0.294534,-0.335444,0.0351579,-0.347532,-0.263498,-0.128738,0.0559068,0.731595,-0.0531288,0.140768
-1.50468,-0.271785,0.353831,0.037778,-1.13858,0.524324,0.137512,2.11957,0.377323,-0.370415,0.670469,-0.546655,-0.37689,0.865215,0.130993,2.32845,-0.533113,-0.332765,0.254316,-0.296739
-1.77274,-0.359551,1.60857,1.64515,-0.267245,0.450895,-0.41203,1.23716,0.102339,0.605636,1.89217,-1.12329,-0.191366,-0.278515,-0.030256,1.14626,-0.0681169,-0.191366,0.122639,0.0796026
2.38894,0.155529,0.476821,1.85483,0.425387,0.104475,0.232167,0.660489,0.0740229,0.366412,1.94194,2.08335,-1.96287,0.311926,1.71691,2.1342,-0.127282,-0.286121,-1.06875,0.00180391