0.464975,-3.00452,0.17944,0.267673,-0.549567,-1.83999,-1.57452,0.141235,-0.279598,-0.193651,-0.0818842,-2.01172,-0.234589,-0.810826,0.029229,0.225553,0.0658322,-1.07395,0.105432,-0.3227
0.206734,-0.261327,0.640897,0.508349,-0.261463,0.27217,-0.0979091,0.105241,-0.221004,1.95177,1.94818,-1.46211,0.0819663,-0.594059,0.161056,0.188368,-0.279801,-0.0881131,1.04212,0.767631
-0.162901,-0.628399,-0.608904,0.357616,0.141265,-0.0502696,-2.25969,-0.420372,-1.29881,0.0912591,-0.16522,-1.92151,-1.52447,-1.01468,-0.0884574,0.118849,-0.933034,-0.2462,-0.22178,0.736736
0.515496,-0.0875456,-0.289118,0.492725,1.91952,0.334512,-0.89617,1.85495,0.19957,0.11754,0.325922,0.480102,-2.44514,0.145739,1.64953,0.0665815,-0.26841,0.462542,-2.46326,-0.133307
-2.14037,-0.203841,-1.92913,1.49763,2.19757,0.249166,-1.79685,-0.609243,-0.233181,-2.55283,-2.71627,0.191864,-0.366246,-0.713618,-0.516178,-2.25778,0.11305,0.406488,-0.479309,0.027946
-2.72456,-0.066187,-0.315085,0.154796,0.239096,0.233834,-2.1963,-2.02755,-0.629909,-1.61186,-1.91921,-0.303985,0.797968,-0.118219,-2.23665,-0.522679,0.11831,0.0903241,0.0851219,0.27061
1.32454,-0.2935,1.95243,-0.218549,1.31396,-0.0302722,-2.60288,-0.0268163,-0.0464025,2.27258,0.755937,-0.0618314,-0.740194,0.166589,0.0413874,0.0702446,0.126838,0.120698,-2.34299,0.112088
0.164643,2.29114,-0.263089,0.156823,2.0565,0.686902,0.912026,-0.645185,0.269297,-0.190638,-0.5168,2.61023,0.157333,-0.114678,-0.373032,-2.22605,0.429406,0.979545,-0.226898,0.0884507
-2.50178,0.380019,-1.99152,0.132721,2.13766,2.62224,-1.89285,0.247741,0.696655,-0.206426,-0.604863,0.175112,-0.398365,0.279196,-0.152402,-1.73815,0.681792,2.49611,-2.51149,-0.0437314
-1.24326,2.21745,-0.0951725,0.0375186,1.1516,0.280009,1.37097,-2.67193,-0.0428366,-0.394314,-1.51664,2.17312,1.22221,0.695925,-0.580274,-0.674723,-0.0628964,0.341014,0.145963,1.3986
-0.0695341,0.26996,0.126529,0.459029,2.23861,1.81657,-1.89649,2.44727,0.950033,1.18886,1.75996,1.46361,-1.77662,1.40521,0.358018,1.28381,-0.0290443,0.545606,-1.0527,-0.0727243
-1.82848,0.545455,-0.455884,0.884819,0.195505,1.79438,-0.410408,0.118895,-0.0177663,-0.247889,0.302145,-0.337542,0.0298755,-0.347581,-0.274129,-0.139073,0.0513726,0.751176,-0.0556062,0.144757
-1.50467,-0.27898,0.356994,0.0393582,-1.13854,0.535529,0.140883,2.11958,0.377302,-0.376841,0.695209,-0.566193,-0.386898,0.865193,0.13945,2.3285,-0.533076,-0.340804,0.26158,-0.307432
-1.77271,-0.367576,1.60857,1.64518,-0.272327,0.467551,-0.412064,1.23717,0.105529,0.614637,1.89217,-1.1233,-0.18956,-0.28253,-0.0282346,1.14626,-0.0753134,-0.194091,0.127532,0.0853264
2.38894,0.157402,0.491205,1.8548,0.442239,0.106794,0.238162,0.682483,0.0778829,0.379204,1.94195,2.08335,-1.96288,0.318189,1.71693,2.1342,-0.130736,-0.295665,-1.06875,0.000487875