0.470831,-3.00449,0.181634,0.271215,-0.556964,-1.84002,-1.57452,0.142493,-0.285558,-0.19577,-0.0818846,-2.01174,-0.237511,-0.810836,0.0310791,0.225573,0.0656962,-1.07395,0.106989,-0.327678
0.207994,-0.263231,0.649105,0.508333,-0.266591,0.27439,-0.0967284,0.106365,-0.223597,1.95176,1.94819,-1.46212,0.0788038,-0.594077,0.160936,0.192992,-0.279234,-0.092056,1.0421,0.767629
-0.164784,-0.636615,-0.6089,0.361454,0.144217,-0.0489202,-2.2597,-0.42037,-1.29881,0.0899302,-0.166826,-1.92151,-1.52446,-1.01468,-0.0857525,0.118849,-0.93303,-0.248683,-0.224547,0.736734
0.522931,-0.0883043,-0.294388,0.502974,1.91951,0.33945,-0.908785,1.85496,0.203398,0.124416,0.327351,0.487349,-2.44515,0.14841,1.64952,0.0687124,-0.271406,0.469297,-2.46327,-0.135888
-2.14037,-0.205851,-1.92915,1.49762,2.19757,0.252819,-1.79686,-0.619091,-0.23679,-2.55285,-2.71625,0.195362,-0.37245,-0.713621,-0.523908,-2.25778,0.116782,0.412546,-0.486721,0.0286163
-2.72456,-0.0682688,-0.320012,0.15841,0.241418,0.237152,-2.19629,-2.02755,-0.629904,-1.61186,-1.91923,-0.307796,0.805849,-0.121925,-2.23666,-0.531624,0.118304,0.0924292,0.0856536,0.273918
1.32455,-0.297685,1.95242,-0.219493,1.31398,-0.0313797,-2.60289,-0.0259807,-0.0471562,2.27258,0.768403,-0.0624267,-0.75153,0.169245,0.0426714,0.0712773,0.130087,0.121863,-2.34298,0.112446
0.165266,2.29115,-0.267447,0.159535,2.05651,0.694948,0.912028,-0.656095,0.271112,-0.193153,-0.524286,2.61022,0.161355,-0.11468,-0.373028,-2.22603,0.435514,0.979561,-0.230623,0.0902272
-2.50177,0.385924,-1.99152,0.132806,2.13768,2.62226,-1.89285,0.250318,0.696647,-0.212671,-0.612716,0.177152,-0.403652,0.2792,-0.153962,-1.73815,0.681789,2.49611,-2.51149,-0.0447308
-1.24326,2.21748,-0.098438,0.0378461,1.15161,0.282967,1.37096,-2.67193,-0.0441321,-0.402456,-1.51664,2.17311,1.22221,0.695925,-0.588132,-0.684672,-0.0628782,0.345878,0.14952,1.39859
-0.0698736,0.274978,0.129952,0.46648,2.2386,1.81657,-1.89649,2.44727,0.95004,1.18887,1.75995,1.46361,-1.77664,1.40521,0.364555,1.28381,-0.030488,0.553162,-1.06984,-0.073608
-1.8285,0.551733,-0.46246,0.884826,0.196054,1.79436,-0.414647,0.122253,-0.0177518,-0.246134,0.305852,-0.338443,0.0271219,-0.347607,-0.279484,-0.144188,0.0491601,0.76073,-0.056858,0.146731
-1.50466,-0.282488,0.358399,0.0400783,-1.13852,0.54097,0.142522,2.11959,0.377291,-0.380028,0.707592,-0.575951,-0.391631,0.865181,0.143813,2.32852,-0.533058,-0.344673,0.265156,-0.312679
-1.7727,-0.371468,1.60857,1.64519,-0.274917,0.475777,-0.412081,1.23717,0.107103,0.619063,1.89217,-1.1233,-0.188606,-0.284234,-0.027253,1.14626,-0.0789655,-0.195343,0.130026,0.0881413
2.38894,0.158262,0.498362,1.85479,0.450733,0.107921,0.241077,0.693417,0.0798185,0.385518,1.94196,2.08335,-1.96289,0.32121,1.71695,2.13419,-0.132479,-0.300385,-1.06875,-0.000161213