0.0573401,-3.00524,0.0283647,0.0460172,-0.0759441,-1.83883,-1.57407,0.0261071,-0.00249182,-0.0145352,-0.0825691,-2.01118,-0.0493256,-0.811718,-0.00586163,0.225618,0.0223356,-1.07378,0.0246823,-0.0391803
0.00796593,-0.0568698,0.0789557,0.507547,-0.0134322,0.0661284,-0.0382161,0.00616916,-0.0484665,1.95015,1.94904,-1.46172,0.0677066,-0.593671,0.0640423,0.0258364,-0.0900589,0.0130996,1.04278,0.768903
-0.0176732,-0.0934512,-0.609779,0.0621678,-0.00419818,-0.0349187,-2.25904,-0.420525,-1.29844,0.0288149,-0.0185072,-1.92125,-1.52584,-1.01467,-0.0809004,0.11883,-0.932514,-0.0337635,-0.0250512,0.736333
0.0762662,-0.0237455,-0.0278504,0.00921208,1.92018,0.0218492,-0.107884,1.85449,0.0191481,-0.042053,0.0558167,0.0654583,-2.44449,0.00774293,1.6504,0.00231111,-0.0451976,0.0545683,-2.46283,0.0073278
-2.14034,-0.0378574,-1.92817,1.49815,2.19753,0.0321705,-1.79688,-0.0813585,-0.0296772,-2.55251,-2.71682,0.0220881,-0.0124339,-0.713194,-0.0493297,-2.25802,-0.0326324,0.0549335,-0.0585361,-0.00801457
-2.72413,-0.00620228,-0.0230401,0.0113011,0.0416703,0.0263093,-2.19715,-2.02766,-0.63057,-1.61353,-1.9174,-0.0311588,0.11943,-0.0211878,-2.2359,-0.0553244,0.117811,-0.00668945,0.023009,0.0529281
1.32436,-0.0467131,1.95312,-0.0662708,1.31361,0.000960354,-2.60287,-0.0106256,-0.0430619,2.27239,0.0882745,-0.00303647,-0.0684967,0.0198492,0.0077387,0.0163696,0.00208187,0.0205126,-2.34329,0.039213
0.027677,2.29129,-0.0368026,0.00457782,2.05615,0.0818543,0.912114,-0.0647848,0.0540076,-0.0122602,-0.0701113,2.61028,-0.0188629,-0.115701,-0.373878,-2.22597,0.0974807,0.979143,-0.0300415,-0.00492443
-2.50197,0.0677164,-1.99215,0.0186883,2.13654,2.6212,-1.89248,0.0277611,0.696943,-0.0193643,-0.0828848,0.0211292,-0.0477334,0.279213,-0.0265289,-1.73818,0.681865,2.49649,-2.51169,-0.00240782
-1.24383,2.21623,-0.000609293,0.0111353,1.15125,0.0399617,1.37168,-2.67175,0.0324036,-0.00317343,-1.51721,2.17371,1.22152,0.695604,-0.0702152,-0.0886367,-0.0632152,0.0333784,0.00251542,1.39898
-0.0162067,0.0321677,-0.00603971,0.050516,2.239,1.81625,-1.89658,2.44734,0.949895,1.18907,1.76011,1.46366,-1.77625,1.40554,0.0105132,1.28374,0.00017512,0.0695577,-0.10359,0.00363074
-1.82678,0.0874223,-0.0568139,0.883682,0.0457765,1.7959,-0.0548492,0.0248847,-0.0172688,-0.0499461,0.0275716,-0.0602537,0.0455451,-0.347824,-0.0418313,0.0123612,0.053784,0.087077,-0.00470797,0.0196222
-1.50473,-0.0360518,0.0570073,0.00119433,-1.1385,0.0768972,0.0212619,2.11975,0.377768,-0.0639755,0.0558186,-0.0336869,-0.028002,0.864703,0.00539803,2.32828,-0.534357,-0.0324539,0.0296652,-0.0335535
-1.7737,-0.0513439,1.60811,1.64589,-0.0562203,0.033126,-0.411025,1.23696,0.0192996,0.110214,1.89158,-1.12291,-0.0444948,-0.0170603,-0.00718514,1.14529,0.0181143,-0.0285412,0.0423328,-0.0223355
2.38929,0.0544365,0.0683483,1.85529,0.0528845,-0.00639999,0.0310974,0.0748787,0.000314303,0.0389322,1.9419,2.08336,-1.9622,0.0595366,1.71657,2.13453,-0.0166458,-0.0290259,-1.06873,0.0121889