0.482302,-3.00444,0.185873,0.27823,-0.571419,-1.84009,-1.57452,0.144919,-0.297318,-0.199778,-0.0818863,-2.01177,-0.243357,-0.810859,0.0347366,0.225614,0.065612,-1.07396,0.110059,-0.337545
0.210346,-0.266972,0.665473,0.508298,-0.276591,0.278836,-0.0942144,0.108552,-0.228824,1.95173,1.94821,-1.46213,0.0725645,-0.59411,0.160768,0.202423,-0.278079,-0.100095,1.04208,0.767626
-0.168462,-0.652775,-0.608892,0.36915,0.150001,-0.0461546,-2.25972,-0.420364,-1.29882,0.0873046,-0.170111,-1.92153,-1.52444,-1.01467,-0.0802447,0.11885,-0.933023,-0.253425,-0.229954,0.73673
0.537672,-0.0898074,-0.304816,0.52338,1.91949,0.349265,-0.933678,1.85497,0.211075,0.138367,0.329899,0.501739,-2.44517,0.15369,1.64948,0.0730603,-0.277344,0.482613,-2.4633,-0.140895
-2.14037,-0.209776,-1.92918,1.49759,2.19759,0.260033,-1.79688,-0.638719,-0.244064,-2.55289,-2.7162,0.202411,-0.384612,-0.713628,-0.539044,-2.25778,0.12417,0.424581,-0.501433,0.0299991
-2.72457,-0.0726424,-0.329607,0.165515,0.245949,0.243879,-2.19626,-2.02755,-0.629895,-1.61184,-1.91928,-0.315245,0.821179,-0.129471,-2.23668,-0.549524,0.118292,0.0966769,0.0866268,0.280578
1.32457,-0.305935,1.9524,-0.221246,1.31402,-0.0336181,-2.6029,-0.0241615,-0.0487368,2.27256,0.793309,-0.0635983,-0.77381,0.174443,0.0454339,0.0734351,0.136653,0.124114,-2.34297,0.113068
0.166419,2.29115,-0.276117,0.164888,2.05655,0.71071,0.912033,-0.67781,0.274594,-0.198188,-0.539223,2.61021,0.169534,-0.114686,-0.37302,-2.226,0.447793,0.979596,-0.23806,0.0938531
-2.50177,0.397665,-1.9915,0.132833,2.13772,2.62229,-1.89287,0.255332,0.696628,-0.225315,-0.628218,0.18116,-0.414047,0.279208,-0.157011,-1.73815,0.681783,2.49612,-2.51148,-0.0467837
-1.24326,2.21754,-0.105203,0.0386198,1.15163,0.288522,1.37095,-2.67193,-0.0466606,-0.418559,-1.51664,2.17308,1.22222,0.695923,-0.603702,-0.704356,-0.0628417,0.355431,0.156678,1.39858
-0.0705439,0.285048,0.136821,0.481403,2.23857,1.81658,-1.89649,2.44726,0.950056,1.18889,1.75994,1.46361,-1.77669,1.40522,0.377546,1.2838,-0.0333626,0.568023,-1.10392,-0.0754069
-1.82856,0.564222,-0.475485,0.884838,0.19717,1.79431,-0.422863,0.12902,-0.0177183,-0.242275,0.313083,-0.339972,0.0213917,-0.34766,-0.290257,-0.154291,0.0448603,0.779362,-0.0593832,0.150639
-1.50465,-0.289322,0.360873,0.0413793,-1.13848,0.551538,0.145717,2.1196,0.377266,-0.386365,0.732374,-0.595466,-0.400536,0.865156,0.152804,2.32858,-0.533024,-0.352097,0.272197,-0.322974
-1.77268,-0.379019,1.60857,1.64522,-0.280219,0.492024,-0.412114,1.23718,0.110202,0.627794,1.89217,-1.12331,-0.186601,-0.287045,-0.0253616,1.14626,-0.0863781,-0.19763,0.135105,0.093679
2.38893,0.159828,0.512607,1.85477,0.467855,0.110114,0.246741,0.715158,0.0836926,0.397977,1.94197,2.08336,-1.9629,0.327046,1.71697,2.13419,-0.136004,-0.309713,-1.06875,-0.00144431