0.49892,-3.00437,0.191877,0.28855,-0.592195,-1.84018,-1.57453,0.148329,-0.314518,-0.205244,-0.0818917,-2.01182,-0.252106,-0.8109,0.0401108,0.225683,0.06595,-1.07397,0.114552,-0.352108
0.213479,-0.272421,0.689941,0.508246,-0.290909,0.285535,-0.0900425,0.111663,-0.236802,1.95168,1.94825,-1.46215,0.0634111,-0.594152,0.160701,0.217001,-0.276304,-0.11252,1.04204,0.767619
-0.173754,-0.676372,-0.608881,0.380753,0.15837,-0.0418384,-2.25974,-0.420352,-1.29883,0.083477,-0.175247,-1.92154,-1.52442,-1.01465,-0.0717579,0.118853,-0.933019,-0.259953,-0.237748,0.736724
0.559455,-0.0920138,-0.320164,0.553742,1.91947,0.363845,-0.970156,1.855,0.222674,0.159755,0.332968,0.523033,-2.44522,0.161502,1.64943,0.0797676,-0.286059,0.502065,-2.46335,-0.148019
-2.14037,-0.215425,-1.92923,1.49756,2.19762,0.27062,-1.7969,-0.667994,-0.255129,-2.55296,-2.71613,0.213114,-0.402211,-0.713637,-0.560909,-2.25779,0.135048,0.442433,-0.523212,0.0321838
-2.72459,-0.0797242,-0.343342,0.175876,0.252436,0.254207,-2.19621,-2.02756,-0.629883,-1.61181,-1.91936,-0.326026,0.84304,-0.141014,-2.23672,-0.576439,0.11828,0.103127,0.087857,0.290656
1.3246,-0.317986,1.95237,-0.223542,1.31408,-0.0370356,-2.60293,-0.0210627,-0.0512836,2.27254,0.830601,-0.0653389,-0.806205,0.181938,0.0500889,0.0769349,0.146662,0.127314,-2.34295,0.113761
0.167965,2.29116,-0.288986,0.172738,2.05661,0.733552,0.912042,-0.71011,0.279433,-0.205778,-0.561572,2.61019,0.182178,-0.114698,-0.373013,-2.22594,0.466337,0.979656,-0.249178,0.0994604
-2.50176,0.415079,-1.99149,0.132542,2.13777,2.62233,-1.89289,0.262537,0.696593,-0.244634,-0.650988,0.187015,-0.429154,0.27922,-0.161419,-1.73816,0.68177,2.49612,-2.51148,-0.0500031
-1.24325,2.21764,-0.115921,0.040064,1.15165,0.295948,1.37092,-2.67194,-0.0502772,-0.442251,-1.51664,2.17305,1.22224,0.695913,-0.626687,-0.733309,-0.0627872,0.36931,0.16751,1.39856
-0.0715485,0.300225,0.147173,0.50383,2.23852,1.8166,-1.89648,2.44724,0.950085,1.18891,1.75993,1.46362,-1.77676,1.40522,0.396825,1.28379,-0.0376183,0.589666,-1.15452,-0.0781749
-1.82864,0.582842,-0.494695,0.884851,0.198931,1.79425,-0.434573,0.139235,-0.0176549,-0.235715,0.323509,-0.341646,0.0122348,-0.347745,-0.306513,-0.169083,0.0387694,0.80611,-0.0632075,0.156417
-1.50462,-0.299115,0.363795,0.0429901,-1.1384,0.566619,0.150334,2.11962,0.377222,-0.395818,0.769561,-0.62479,-0.412434,0.865117,0.166951,2.32867,-0.532979,-0.362391,0.282495,-0.337931
-1.77265,-0.389791,1.60857,1.64526,-0.288542,0.51587,-0.412166,1.23721,0.114711,0.640674,1.89217,-1.1233,-0.18337,-0.289812,-0.0227434,1.14626,-0.0977718,-0.200549,0.142937,0.101766
2.38893,0.161793,0.533808,1.85473,0.493882,0.113262,0.254825,0.74745,0.0894806,0.416249,1.94199,2.08336,-1.96291,0.33532,1.71701,2.13418,-0.141409,-0.323411,-1.06875,-0.00334301