0.0672681,-3.00516,0.0301724,0.0534117,-0.0879112,-1.83881,-1.57404,0.0299512,-0.00499225,-0.017158,-0.0825714,-2.01115,-0.0558844,-0.811663,-0.00938723,0.225615,0.0288423,-1.07375,0.0254455,-0.0454472
0.0148262,-0.0662762,0.095886,0.507521,-0.0148206,0.0751712,-0.042323,0.00986194,-0.0562024,1.95007,1.94905,-1.46169,0.0768095,-0.593661,0.0724034,0.029218,-0.103614,0.0145397,1.04273,0.768892
-0.0213085,-0.104888,-0.609756,0.0729369,-0.00309221,-0.0389005,-2.25898,-0.420514,-1.29842,0.0348098,-0.0236265,-1.92122,-1.52581,-1.01465,-0.0871129,0.118841,-0.932475,-0.0398934,-0.0306035,0.7363
0.0856033,-0.0267054,-0.031726,0.0160729,1.92013,0.0300575,-0.126007,1.85445,0.0211327,-0.0433164,0.0650804,0.0754904,-2.44441,0.00862781,1.65037,0.00326052,-0.0528091,0.0639157,-2.46279,0.0058347
-2.14029,-0.0432582,-1.92814,1.4981,2.19747,0.037095,-1.79683,-0.0923036,-0.0355713,-2.55246,-2.71674,0.0256714,-0.0181601,-0.713197,-0.0577669,-2.25797,-0.0332539,0.0632104,-0.0675672,-0.00732524
-2.72407,-0.00833152,-0.027811,0.0105893,0.0484018,0.033359,-2.19711,-2.02761,-0.630545,-1.61352,-1.91734,-0.0368536,0.140412,-0.0235709,-2.23584,-0.0637254,0.11778,-0.00416782,0.0258141,0.0600017
1.32433,-0.0525767,1.95306,-0.072537,1.31358,0.00151375,-2.60281,-0.0116852,-0.0429689,2.27235,0.102272,-0.00432828,-0.0817582,0.0224508,0.00921368,0.0180009,0.0033112,0.023149,-2.34323,0.0415904
0.0330366,2.29123,-0.0418861,0.00866133,2.05612,0.0977962,0.912092,-0.0756377,0.062226,-0.0161107,-0.0815091,2.61021,-0.016355,-0.115653,-0.373841,-2.22592,0.107851,0.979131,-0.0341518,-0.00217649
-2.50191,0.0744088,-1.99209,0.0239227,2.13651,2.62116,-1.89244,0.0336968,0.696918,-0.0198907,-0.0954479,0.0245625,-0.0567773,0.279201,-0.0302302,-1.73814,0.681855,2.49642,-2.51162,-0.00340387
-1.24379,2.2162,-0.00230878,0.0140747,1.15123,0.0441171,1.37164,-2.67169,0.0315372,-0.00830428,-1.51718,2.17364,1.22149,0.695587,-0.0837584,-0.102469,-0.0631876,0.0399885,0.00379145,1.39893
-0.0180373,0.0369143,-0.00501698,0.0601356,2.23894,1.81621,-1.89653,2.44728,0.949875,1.18905,1.76005,1.46363,-1.77622,1.40549,0.016939,1.28371,0.000881219,0.0801726,-0.123537,0.000678314
-1.82678,0.100753,-0.0664878,0.883696,0.052384,1.79581,-0.0636984,0.0254459,-0.0172817,-0.0600323,0.0334156,-0.0712297,0.047528,-0.347778,-0.0471431,0.0140997,0.0605041,0.101873,-0.00593905,0.0225995
-1.50469,-0.0423131,0.0683515,0.000944208,-1.13848,0.0900532,0.0243129,2.11969,0.377753,-0.0744545,0.0686456,-0.0441714,-0.0350718,0.864707,0.00708685,2.32821,-0.534337,-0.0405036,0.0351468,-0.0375106
-1.77364,-0.0587445,1.60807,1.64584,-0.0642447,0.0394517,-0.411018,1.23694,0.022428,0.127967,1.89152,-1.12289,-0.0541776,-0.0223487,-0.0110384,1.14531,0.0189609,-0.0335955,0.0428903,-0.0224806
2.38923,0.0573235,0.078438,1.85523,0.060008,-0.00239046,0.0360604,0.0876619,0.00095899,0.0451404,1.94187,2.08332,-1.96216,0.0659793,1.71654,2.13447,-0.0196493,-0.034221,-1.06871,0.0129932