0.535041,-3.00422,0.204435,0.311493,-0.635952,-1.84041,-1.57453,0.155182,-0.352265,-0.21565,-0.0819181,-2.01192,-0.272209,-0.811031,0.0520527,0.225873,0.0687368,-1.07397,0.124481,-0.384874
0.219205,-0.284509,0.746979,0.508097,-0.320459,0.301489,-0.0781252,0.117808,-0.256595,1.95151,1.94838,-1.46226,0.0428755,-0.594192,0.161503,0.252845,-0.271856,-0.143072,1.04197,0.767568
-0.184983,-0.728696,-0.608871,0.408359,0.176327,-0.0310501,-2.25982,-0.420288,-1.29888,0.0754493,-0.188547,-1.92155,-1.52431,-1.01464,-0.05117,0.11887,-0.933063,-0.272164,-0.254548,0.736715
0.608576,-0.0967994,-0.354389,0.623109,1.91941,0.397345,-1.05102,1.85499,0.250551,0.211441,0.336959,0.571002,-2.44544,0.179641,1.6493,0.0959419,-0.304535,0.544412,-2.46344,-0.162824
-2.14036,-0.22753,-1.92934,1.49747,2.19773,0.294206,-1.79695,-0.735454,-0.281882,-2.55313,-2.71594,0.238555,-0.439853,-0.713651,-0.607766,-2.2578,0.159256,0.4832,-0.572585,0.0377918
-2.72463,-0.0986289,-0.372241,0.198645,0.265909,0.279628,-2.19608,-2.02762,-0.629859,-1.61176,-1.9195,-0.349726,0.888022,-0.167984,-2.2368,-0.63989,0.118326,0.118223,0.0896691,0.314315
1.32468,-0.344484,1.95232,-0.227397,1.31428,-0.0453083,-2.60298,-0.0120703,-0.0580954,2.27247,0.917315,-0.0696487,-0.876439,0.197821,0.0635278,0.0866562,0.170486,0.134242,-2.3429,0.114198
0.171185,2.29117,-0.318219,0.190308,2.05679,0.783315,0.912088,-0.784086,0.288493,-0.223819,-0.613776,2.61014,0.213932,-0.114721,-0.373023,-2.22578,0.509674,0.979854,-0.274947,0.113057
-2.50174,0.454569,-1.99146,0.1306,2.1379,2.62242,-1.89293,0.278324,0.696453,-0.291023,-0.702147,0.200165,-0.461542,0.279256,-0.171026,-1.73815,0.681688,2.49618,-2.51149,-0.0582649
-1.24325,2.21785,-0.143433,0.0446617,1.15173,0.309002,1.37087,-2.67194,-0.0576679,-0.495326,-1.51664,2.17297,1.22228,0.695855,-0.678558,-0.797861,-0.0626705,0.399587,0.193157,1.39853
-0.0741014,0.335882,0.171394,0.55624,2.23837,1.81663,-1.89648,2.44719,0.950199,1.18899,1.75988,1.46365,-1.77696,1.40521,0.440922,1.28376,-0.0470235,0.636948,-1.27013,-0.0847586
-1.82883,0.626236,-0.537867,0.88485,0.203661,1.79411,-0.459547,0.162689,-0.0174019,-0.21768,0.346228,-0.343182,-0.0120472,-0.347979,-0.344351,-0.201624,0.0267322,0.862721,-0.0720858,0.169725
-1.50453,-0.319955,0.367468,0.0452682,-1.1381,0.598363,0.16076,2.11968,0.377016,-0.418093,0.856181,-0.694121,-0.43255,0.865048,0.202876,2.32892,-0.532943,-0.381734,0.305341,-0.370962
-1.77259,-0.412511,1.60853,1.64538,-0.310462,0.568949,-0.412302,1.23729,0.124569,0.670594,1.89213,-1.12326,-0.174899,-0.289959,-0.0180339,1.14625,-0.125689,-0.205203,0.162054,0.119831
2.38893,0.164574,0.582537,1.85467,0.556333,0.120081,0.271826,0.821312,0.102425,0.456923,1.94204,2.08336,-1.9629,0.352775,1.7171,2.13416,-0.154815,-0.353777,-1.06874,-0.00783107