0.554014,-3.00422,0.209352,0.32643,-0.662905,-1.84055,-1.5748,0.161868,-0.369647,-0.217025,-0.0819599,-2.01165,-0.280834,-0.811061,0.0572897,0.22567,0.0654738,-1.07379,0.12923,-0.400343
0.220051,-0.290782,0.776509,0.508318,-0.342444,0.305686,-0.073451,0.125365,-0.264781,1.95235,1.94778,-1.4614,0.0336345,-0.594902,0.160858,0.27413,-0.275585,-0.157283,1.04197,0.767796
-0.189891,-0.756484,-0.608899,0.427267,0.181852,-0.0275797,-2.26001,-0.420226,-1.29855,0.073635,-0.198204,-1.92158,-1.5241,-1.01455,-0.0410153,0.118704,-0.9335,-0.27426,-0.264641,0.736852
0.635177,-0.100538,-0.366898,0.653946,1.92039,0.425588,-1.0882,1.8546,0.260355,0.232993,0.342566,0.587061,-2.44578,0.1966,1.64958,0.106927,-0.298129,0.558713,-2.46322,-0.17644
-2.14045,-0.233186,-1.92966,1.49775,2.19709,0.302208,-1.79723,-0.768519,-0.2942,-2.55268,-2.71613,0.259143,-0.455759,-0.713947,-0.634418,-2.25802,0.165028,0.509363,-0.601406,0.0442485
-2.72478,-0.111465,-0.383742,0.206673,0.278594,0.299873,-2.19578,-2.0278,-0.630287,-1.61174,-1.91968,-0.367689,0.905106,-0.179876,-2.23663,-0.675417,0.119017,0.122676,0.0920686,0.324385
1.32463,-0.357942,1.95207,-0.223869,1.31347,-0.0562274,-2.60338,0.000292136,-0.0580065,2.27292,0.962628,-0.0649964,-0.908848,0.201164,0.0700576,0.0922021,0.174846,0.142835,-2.34298,0.117527
0.17257,2.29121,-0.339389,0.207041,2.05564,0.80062,0.911476,-0.816493,0.299085,-0.224834,-0.649901,2.61092,0.239975,-0.115074,-0.373069,-2.22615,0.520052,0.980243,-0.291605,0.12688
-2.50174,0.477208,-1.99164,0.133662,2.13729,2.62212,-1.89329,0.292987,0.697136,-0.311954,-0.734138,0.214271,-0.473401,0.278976,-0.179044,-1.73832,0.680948,2.49636,-2.51159,-0.0596308
-1.24322,2.21793,-0.160725,0.0484551,1.15171,0.313252,1.37081,-2.67192,-0.0606931,-0.524025,-1.51659,2.17296,1.22236,0.695889,-0.707388,-0.833017,-0.0627977,0.416321,0.207804,1.39853
-0.0750482,0.355762,0.188535,0.581961,2.23912,1.81689,-1.89611,2.4469,0.949612,1.18846,1.76025,1.46305,-1.77701,1.40559,0.467749,1.28398,-0.0438834,0.657417,-1.33347,-0.091814
-1.8289,0.64982,-0.557014,0.884452,0.215054,1.79452,-0.468394,0.168913,-0.0183388,-0.213372,0.36283,-0.350067,-0.0326881,-0.347471,-0.361986,-0.218855,0.0313288,0.886057,-0.0749609,0.173301
-1.50472,-0.329097,0.358417,0.0583102,-1.14021,0.5984,0.155304,2.12044,0.378664,-0.4132,0.894321,-0.714742,-0.428449,0.864227,0.218122,2.32821,-0.53471,-0.375844,0.313846,-0.378769
-1.77235,-0.424165,1.60865,1.64523,-0.318395,0.601757,-0.41206,1.23704,0.126684,0.682518,1.89249,-1.12392,-0.171481,-0.282809,-0.0150905,1.14651,-0.136658,-0.210132,0.173895,0.127302
2.38885,0.165591,0.607096,1.85488,0.58678,0.119185,0.277251,0.867174,0.112687,0.484193,1.94178,2.08378,-1.96284,0.358059,1.71707,2.134,-0.169871,-0.366299,-1.0688,-0.00767742