0.563135,-3.00419,0.212297,0.333606,-0.676468,-1.84054,-1.57466,0.164938,-0.377794,-0.217835,-0.0819596,-2.0118,-0.285281,-0.811022,0.0602561,0.225819,0.0633923,-1.07385,0.131807,-0.407679
0.21957,-0.294127,0.790878,0.508204,-0.354806,0.307526,-0.071405,0.129694,-0.267849,1.95188,1.9481,-1.46179,0.0288133,-0.594677,0.160557,0.284806,-0.278406,-0.164612,1.04183,0.767748
-0.191651,-0.769635,-0.60885,0.437099,0.183999,-0.0257979,-2.25994,-0.420302,-1.29869,0.0722685,-0.202827,-1.9216,-1.52432,-1.01454,-0.0360909,0.118806,-0.933151,-0.274771,-0.26949,0.736714
0.647884,-0.1028,-0.372453,0.668047,1.91998,0.439985,-1.1053,1.85478,0.263289,0.243567,0.345072,0.594374,-2.4455,0.204543,1.64948,0.113751,-0.292846,0.56565,-2.46344,-0.183514
-2.14041,-0.235705,-1.92962,1.49766,2.19738,0.305765,-1.7971,-0.784327,-0.299339,-2.55283,-2.71605,0.270439,-0.463253,-0.713837,-0.647676,-2.25792,0.166746,0.521819,-0.615909,0.0478645
-2.72469,-0.118409,-0.388898,0.209944,0.285585,0.310261,-2.19589,-2.02772,-0.630019,-1.61189,-1.91956,-0.37659,0.912669,-0.186348,-2.2367,-0.692173,0.118549,0.125175,0.0933701,0.329237
1.3247,-0.364395,1.95212,-0.221264,1.31386,-0.0618275,-2.6032,0.00722,-0.0569215,2.27279,0.984699,-0.06165,-0.924437,0.202622,0.0734812,0.0941731,0.175839,0.14667,-2.34294,0.119389
0.173282,2.29118,-0.349423,0.215819,2.05621,0.808869,0.911799,-0.832351,0.305927,-0.225014,-0.668548,2.61052,0.252788,-0.114831,-0.373107,-2.22591,0.523686,0.980216,-0.299649,0.134406
-2.50173,0.488664,-1.99154,0.135592,2.13763,2.62228,-1.89312,0.300443,0.696797,-0.322016,-0.750345,0.221777,-0.478992,0.279117,-0.183219,-1.73819,0.681332,2.49634,-2.51151,-0.0600417
-1.24326,2.21798,-0.169469,0.0504939,1.15174,0.314807,1.37082,-2.67192,-0.0620385,-0.538286,-1.51664,2.17296,1.22233,0.695851,-0.72148,-0.850394,-0.0626955,0.424398,0.215178,1.39849
-0.0753326,0.365725,0.197292,0.594412,2.23872,1.81677,-1.8963,2.44696,0.949979,1.18871,1.76011,1.46334,-1.7771,1.40541,0.480963,1.28386,-0.0411747,0.667358,-1.36476,-0.095732
-1.82897,0.660755,-0.565731,0.884578,0.222081,1.79433,-0.471956,0.171546,-0.018015,-0.212068,0.371911,-0.353598,-0.043184,-0.347689,-0.369893,-0.227429,0.0351088,0.896684,-0.0762567,0.174669
-1.50453,-0.333441,0.353346,0.0659439,-1.13918,0.597649,0.150745,2.12024,0.377617,-0.408848,0.91186,-0.722489,-0.426131,0.864664,0.225901,2.32863,-0.533809,-0.372431,0.317901,-0.381322
-1.77248,-0.42918,1.60861,1.64531,-0.321081,0.617742,-0.412256,1.23707,0.127222,0.687517,1.8923,-1.12364,-0.169416,-0.278108,-0.0140054,1.14642,-0.141366,-0.212138,0.179857,0.130524
2.3889,0.165895,0.619051,1.85479,0.60096,0.118541,0.2792,0.890197,0.118733,0.498285,1.94185,2.08358,-1.96286,0.360156,1.71709,2.13409,-0.178305,-0.372412,-1.06878,-0.00729416