0.0771198,-3.00515,0.0319983,0.0607426,-0.0997644,-1.83883,-1.57404,0.0336884,-0.00761638,-0.019674,-0.0825759,-2.01116,-0.0624239,-0.811625,-0.0127415,0.225617,0.0351267,-1.07374,0.0262903,-0.0517996
0.0216075,-0.0755218,0.112726,0.507506,-0.0162985,0.0840969,-0.0464619,0.0134763,-0.0637646,1.95002,1.94909,-1.46169,0.0858384,-0.593663,0.0806293,0.0325037,-0.117017,0.0157911,1.04269,0.768898
-0.0249447,-0.116212,-0.609745,0.0836618,-0.00197123,-0.0427784,-2.25897,-0.420511,-1.29843,0.0409157,-0.0288889,-1.92122,-1.52581,-1.01465,-0.0931388,0.118856,-0.932453,-0.0459353,-0.0360372,0.736283
0.0949535,-0.0296377,-0.0355657,0.0229021,1.92011,0.0382561,-0.144098,1.85446,0.0231534,-0.0446609,0.0743684,0.0854762,-2.44439,0.00956519,1.65036,0.00419847,-0.0604224,0.0732099,-2.46279,0.00437355
-2.14028,-0.0485855,-1.92816,1.49808,2.19746,0.042034,-1.79683,-0.103211,-0.0413661,-2.55246,-2.71672,0.0292827,-0.0238976,-0.713216,-0.0662461,-2.25796,-0.0337369,0.0714067,-0.0765736,-0.00656128
-2.72407,-0.0104892,-0.0325029,0.00983332,0.0550817,0.0403488,-2.1971,-2.02761,-0.63053,-1.61354,-1.91731,-0.0424768,0.161321,-0.0259411,-2.23583,-0.0722105,0.117751,-0.00169094,0.0284983,0.0670847
1.32432,-0.0583767,1.95303,-0.0786577,1.31358,0.00200788,-2.60281,-0.0127302,-0.0428584,2.27235,0.116265,-0.00563652,-0.095035,0.0250552,0.0106247,0.019596,0.00457993,0.0257614,-2.34322,0.0439704
0.038285,2.29122,-0.0469601,0.0127206,2.05612,0.11354,0.91209,-0.0865664,0.0702668,-0.019897,-0.092828,2.6102,-0.0138651,-0.115608,-0.373813,-2.22593,0.117981,0.979138,-0.0382405,0.000450691
-2.5019,0.0810758,-1.99207,0.0290786,2.13653,2.62118,-1.89244,0.0395753,0.696908,-0.0204534,-0.107988,0.0279991,-0.0657823,0.279195,-0.0339185,-1.73813,0.681859,2.49641,-2.51161,-0.00442355
-1.24377,2.21622,-0.00404941,0.0169648,1.15123,0.048324,1.37163,-2.67169,0.0306721,-0.0134096,-1.51719,2.17362,1.22149,0.695584,-0.097206,-0.116158,-0.0631608,0.0465827,0.00517192,1.39891
-0.0198521,0.0416726,-0.00395163,0.0697349,2.23893,1.81621,-1.89652,2.44728,0.949875,1.18906,1.76003,1.46362,-1.77623,1.40548,0.0233407,1.28372,0.00162756,0.0907481,-0.143429,-0.00224874
-1.82681,0.113928,-0.0761166,0.88373,0.0588201,1.79576,-0.0724956,0.0260128,-0.0172973,-0.0697858,0.039229,-0.0820409,0.0493466,-0.347738,-0.0523862,0.015611,0.06686,0.116671,-0.00712998,0.0255028
-1.50468,-0.0485206,0.0794979,0.00068162,-1.13848,0.103066,0.0273035,2.11967,0.377746,-0.0848427,0.0815227,-0.054678,-0.0421178,0.864727,0.00884113,2.3282,-0.534328,-0.0484724,0.0405872,-0.0415187
-1.77362,-0.0660769,1.60807,1.64583,-0.0721555,0.0458709,-0.411021,1.23695,0.0254858,0.14563,1.89149,-1.1229,-0.0637096,-0.027675,-0.0148292,1.14535,0.0198744,-0.0385993,0.0435178,-0.0226114
2.38922,0.060151,0.0884719,1.85521,0.067176,0.00155018,0.0409644,0.100417,0.0016287,0.0512957,1.94188,2.08331,-1.96216,0.0723717,1.71655,2.13445,-0.0227064,-0.0394328,-1.06871,0.0137811