0.580701,-3.00409,0.218702,0.347129,-0.701625,-1.8407,-1.57467,0.17045,-0.394628,-0.219472,-0.0820319,-2.01183,-0.294539,-0.811187,0.0659959,0.225979,0.060661,-1.07381,0.137038,-0.422302
0.218563,-0.300663,0.819708,0.508212,-0.378136,0.311574,-0.0664237,0.13829,-0.27479,1.95188,1.94813,-1.46179,0.0199674,-0.594657,0.159843,0.306635,-0.284443,-0.179762,1.04183,0.767723
-0.194616,-0.795133,-0.608847,0.456938,0.187823,-0.0215482,-2.25997,-0.420229,-1.29873,0.0698667,-0.212845,-1.92157,-1.52421,-1.01457,-0.0262701,0.118809,-0.933225,-0.275046,-0.278197,0.736768
0.672615,-0.10724,-0.383106,0.69514,1.92012,0.467671,-1.13892,1.85462,0.270481,0.264161,0.35037,0.609244,-2.44572,0.218929,1.6495,0.127547,-0.283968,0.57935,-2.46342,-0.196353
-2.14041,-0.240269,-1.92973,1.4977,2.19729,0.312811,-1.79719,-0.815118,-0.310304,-2.5528,-2.71602,0.29321,-0.477289,-0.713873,-0.673634,-2.25798,0.170271,0.545714,-0.644649,0.0550369
-2.72474,-0.132816,-0.398223,0.215719,0.299202,0.33091,-2.19581,-2.02787,-0.63003,-1.61196,-1.91955,-0.394033,0.926879,-0.199497,-2.23665,-0.725613,0.118668,0.130796,0.0953767,0.33951
1.32474,-0.376689,1.95202,-0.215204,1.31381,-0.0725622,-2.6033,0.021973,-0.055977,2.27289,1.02812,-0.0552985,-0.954329,0.206017,0.0805347,0.098313,0.178786,0.15348,-2.34293,0.122342
0.175327,2.29122,-0.367899,0.232941,2.05615,0.825867,0.911757,-0.864355,0.317611,-0.226517,-0.706031,2.61056,0.277802,-0.114885,-0.373186,-2.22584,0.532869,0.980368,-0.315176,0.148815
-2.5017,0.51133,-1.99153,0.139194,2.1376,2.62231,-1.89317,0.314792,0.696774,-0.342427,-0.78274,0.23592,-0.490007,0.279131,-0.191515,-1.73823,0.681202,2.49636,-2.51153,-0.0614826
-1.24326,2.21809,-0.187406,0.0548578,1.15179,0.316695,1.3708,-2.67189,-0.0645608,-0.565906,-1.51668,2.17294,1.22238,0.695745,-0.749266,-0.884115,-0.0626555,0.439791,0.229992,1.39849
-0.0763453,0.385571,0.214509,0.619332,2.23877,1.81684,-1.89624,2.4469,0.94996,1.18867,1.76013,1.46331,-1.77718,1.4054,0.507113,1.2839,-0.0360737,0.686815,-1.42653,-0.1033
-1.82908,0.682013,-0.583136,0.884549,0.235913,1.79421,-0.478922,0.17719,-0.0179178,-0.2089,0.39034,-0.358898,-0.0638589,-0.347881,-0.385158,-0.244546,0.04234,0.916357,-0.0793464,0.177746
-1.50448,-0.341545,0.343525,0.0811263,-1.13936,0.596959,0.14276,2.12042,0.377737,-0.400725,0.946262,-0.739885,-0.420733,0.864559,0.241318,2.32867,-0.533949,-0.365289,0.325803,-0.38686
-1.77242,-0.438343,1.60866,1.64528,-0.327272,0.648648,-0.412259,1.23706,0.129351,0.697957,1.89235,-1.12367,-0.165477,-0.267983,-0.0119746,1.14643,-0.15092,-0.215303,0.192319,0.136762
2.3889,0.166013,0.642926,1.8548,0.629808,0.117737,0.282829,0.93573,0.130058,0.525885,1.94184,2.08362,-1.96285,0.364585,1.71713,2.13405,-0.194753,-0.384489,-1.06879,-0.00680114