0.593254,-3.00421,0.223803,0.356614,-0.719139,-1.84055,-1.57466,0.174243,-0.406704,-0.220381,-0.0822099,-2.0117,-0.301517,-0.811499,0.0700756,0.226104,0.0590835,-1.0739,0.140906,-0.432909
0.217406,-0.305306,0.841286,0.508228,-0.395509,0.31457,-0.0623145,0.144576,-0.280127,1.95183,1.94821,-1.46182,0.013292,-0.594575,0.15939,0.322841,-0.289382,-0.191496,1.04179,0.767721
-0.196182,-0.813722,-0.608813,0.471885,0.190263,-0.0176029,-2.25998,-0.420268,-1.29872,0.0680382,-0.220787,-1.92162,-1.52424,-1.01452,-0.0190259,0.118801,-0.933199,-0.274743,-0.28413,0.736739
0.690428,-0.110292,-0.390632,0.714386,1.92017,0.487333,-1.16306,1.85466,0.275807,0.27914,0.354574,0.61987,-2.4457,0.228965,1.64944,0.138581,-0.277079,0.589626,-2.46349,-0.205514
-2.14041,-0.243314,-1.92978,1.49771,2.19724,0.317971,-1.79723,-0.837387,-0.318455,-2.55279,-2.71601,0.310931,-0.487016,-0.713877,-0.692492,-2.25803,0.172341,0.562753,-0.665925,0.0606047
-2.72475,-0.143922,-0.404342,0.219402,0.30946,0.346157,-2.19576,-2.0279,-0.630118,-1.61203,-1.91946,-0.407278,0.936109,-0.208725,-2.23671,-0.750551,0.118769,0.135589,0.096602,0.347161
1.32477,-0.385368,1.95203,-0.209715,1.31378,-0.080366,-2.60334,0.0340076,-0.0552027,2.27296,1.05968,-0.0501633,-0.975528,0.20841,0.0860837,0.101316,0.180861,0.157896,-2.34291,0.124247
0.1773,2.29116,-0.380591,0.245667,2.05614,0.838802,0.911766,-0.888429,0.325991,-0.2282,-0.734524,2.61059,0.296058,-0.114911,-0.373176,-2.22583,0.540176,0.980377,-0.326466,0.15948
-2.50169,0.527994,-1.99152,0.141773,2.13761,2.62231,-1.89319,0.325118,0.696753,-0.357996,-0.806882,0.246118,-0.498061,0.279289,-0.197644,-1.73829,0.68124,2.49637,-2.51152,-0.0628446
-1.24327,2.21807,-0.201236,0.0583321,1.15183,0.317076,1.37079,-2.67185,-0.0659719,-0.585774,-1.5168,2.173,1.22246,0.695539,-0.769761,-0.908296,-0.0627124,0.450686,0.241084,1.39851
-0.0773093,0.400317,0.227273,0.6378,2.23878,1.81685,-1.89622,2.44689,0.94997,1.18868,1.76013,1.46332,-1.77721,1.40535,0.526398,1.28395,-0.0320127,0.701052,-1.47219,-0.108886
-1.82916,0.697652,-0.596229,0.884427,0.246655,1.79444,-0.483961,0.181917,-0.0178088,-0.205727,0.403799,-0.361467,-0.0788224,-0.348433,-0.396177,-0.25637,0.0477843,0.930104,-0.0819696,0.180261
-1.50445,-0.347087,0.336154,0.0930001,-1.13942,0.596688,0.136639,2.12045,0.37781,-0.394103,0.970816,-0.7531,-0.416169,0.864454,0.252904,2.32866,-0.534046,-0.359674,0.331536,-0.390678
-1.7724,-0.444634,1.60863,1.64533,-0.331702,0.671254,-0.412286,1.23702,0.130845,0.70545,1.89247,-1.12381,-0.162408,-0.259334,-0.0107047,1.14643,-0.157744,-0.21711,0.201929,0.141146
2.3889,0.165677,0.660746,1.8548,0.651231,0.117495,0.28505,0.969451,0.138357,0.546274,1.94187,2.0836,-1.96289,0.368168,1.71717,2.13399,-0.207207,-0.393469,-1.06879,-0.00652763