0.59735,-3.0057,0.226362,0.35876,-0.72435,-1.83843,-1.57426,0.175637,-0.410439,-0.220231,-0.0833723,-2.01083,-0.303219,-0.813122,0.0719346,0.226514,0.057762,-1.07492,0.142115,-0.435976
0.216946,-0.30607,0.84812,0.508568,-0.401449,0.314522,-0.0610578,0.146569,-0.282021,1.95166,1.94875,-1.46224,0.0108025,-0.593856,0.159013,0.327992,-0.290741,-0.194992,1.0418,0.767571
-0.196596,-0.819662,-0.608888,0.476962,0.190957,-0.0163747,-2.26003,-0.420278,-1.29874,0.0674006,-0.223391,-1.92171,-1.52429,-1.01434,-0.0166801,0.118762,-0.933123,-0.27444,-0.285978,0.736693
0.696242,-0.111287,-0.393048,0.720567,1.92021,0.49372,-1.17087,1.85465,0.277536,0.284009,0.356029,0.623311,-2.44569,0.232121,1.64946,0.142408,-0.274729,0.593007,-2.46351,-0.208435
-2.14041,-0.244125,-1.92986,1.49779,2.1972,0.319486,-1.79728,-0.84467,-0.321144,-2.55281,-2.71591,0.316893,-0.490161,-0.713743,-0.698689,-2.25807,0.172964,0.568374,-0.672938,0.0624589
-2.72477,-0.146648,-0.406715,0.221037,0.312691,0.349741,-2.19597,-2.028,-0.630183,-1.61225,-1.91876,-0.412379,0.938561,-0.210517,-2.23699,-0.759111,0.119205,0.13795,0.0969653,0.349484
1.32479,-0.388905,1.95232,-0.208085,1.31394,-0.081864,-2.60319,0.0382837,-0.0548212,2.27311,1.06939,-0.0479036,-0.982097,0.208338,0.0882307,0.102491,0.181118,0.158764,-2.34292,0.124992
0.178047,2.29092,-0.384465,0.249737,2.05621,0.843575,0.911838,-0.896444,0.328747,-0.228792,-0.744321,2.61071,0.302141,-0.115141,-0.373116,-2.22576,0.542519,0.980245,-0.330177,0.163064
-2.50171,0.53438,-1.99191,0.143084,2.13742,2.62114,-1.89341,0.328361,0.696671,-0.363433,-0.81419,0.248885,-0.501053,0.280188,-0.199946,-1.7385,0.681621,2.49693,-2.51149,-0.0635775
-1.24325,2.21717,-0.205417,0.0589825,1.15206,0.318486,1.37103,-2.67176,-0.0662335,-0.591993,-1.51752,2.17355,1.22279,0.69453,-0.776191,-0.91586,-0.0631405,0.453506,0.244738,1.39871
-0.0776679,0.404941,0.231622,0.643772,2.23883,1.81721,-1.89615,2.44691,0.949999,1.18874,1.75994,1.46348,-1.77714,1.40507,0.532846,1.28401,-0.0307362,0.705559,-1.48729,-0.110671
-1.82912,0.699786,-0.599173,0.882982,0.250971,1.79829,-0.48488,0.183953,-0.0175742,-0.203826,0.405806,-0.360174,-0.0825674,-0.351381,-0.398803,-0.259288,0.0480399,0.932512,-0.0830157,0.181867
-1.50442,-0.349449,0.333994,0.0967547,-1.13929,0.597512,0.134707,2.12051,0.377825,-0.39164,0.978267,-0.757145,-0.414343,0.863948,0.25697,2.3288,-0.534271,-0.358148,0.333398,-0.391756
-1.77241,-0.445664,1.60823,1.64578,-0.333328,0.67732,-0.412518,1.23694,0.131212,0.707667,1.89311,-1.12429,-0.16173,-0.255183,-0.0106373,1.14622,-0.159441,-0.216981,0.205215,0.142315
2.38889,0.165996,0.666432,1.85505,0.658204,0.116771,0.285569,0.980546,0.141032,0.552899,1.94222,2.08332,-1.96306,0.369998,1.71703,2.13387,-0.211129,-0.396112,-1.06877,-0.0065792