0.605725,-3.00516,0.233274,0.3611,-0.733298,-1.83877,-1.5743,0.178494,-0.416428,-0.219077,-0.083473,-2.01133,-0.305859,-0.813109,0.0764985,0.22682,0.0545014,-1.07477,0.144566,-0.441188
0.215984,-0.306281,0.861114,0.508457,-0.413439,0.31235,-0.0586744,0.150208,-0.286643,1.95141,1.94904,-1.46223,0.00543588,-0.593631,0.157772,0.337377,-0.293206,-0.201072,1.04173,0.767482
-0.197442,-0.830936,-0.609009,0.487743,0.1917,-0.0148518,-2.26007,-0.420131,-1.29891,0.0667079,-0.228672,-1.92157,-1.52429,-1.01423,-0.012347,0.118708,-0.933132,-0.273087,-0.289483,0.736685
0.707813,-0.113654,-0.397289,0.731795,1.92054,0.507304,-1.18595,1.85448,0.281343,0.292765,0.359289,0.62983,-2.44566,0.237537,1.6496,0.150446,-0.26979,0.598882,-2.46355,-0.213826
-2.14039,-0.245275,-1.92988,1.49786,2.19712,0.321913,-1.79732,-0.859018,-0.326661,-2.55284,-2.71585,0.32882,-0.496294,-0.713622,-0.711067,-2.25817,0.173896,0.579895,-0.686825,0.0659723
-2.72482,-0.15062,-0.412072,0.224778,0.318967,0.354408,-2.19584,-2.02805,-0.63046,-1.61244,-1.91858,-0.423703,0.942617,-0.211502,-2.23684,-0.777135,0.118997,0.143701,0.0974716,0.353725
1.32488,-0.396875,1.95226,-0.205129,1.31394,-0.0830275,-2.60326,0.0471372,-0.0534798,2.27305,1.08726,-0.0428177,-0.994599,0.206635,0.0929017,0.10542,0.181096,0.159705,-2.34286,0.126615
0.179698,2.29115,-0.391943,0.257981,2.05617,0.853288,0.911849,-0.912402,0.334015,-0.229796,-0.764328,2.61052,0.314126,-0.114777,-0.373304,-2.2258,0.54731,0.980462,-0.337517,0.170073
-2.50179,0.54873,-1.99197,0.147096,2.13727,2.62113,-1.89339,0.334848,0.696184,-0.37431,-0.827153,0.253668,-0.507496,0.28042,-0.205315,-1.73871,0.681392,2.49698,-2.51153,-0.0657691
-1.24318,2.21745,-0.212724,0.0592059,1.15213,0.324271,1.371,-2.67181,-0.0657312,-0.60369,-1.51765,2.1733,1.22267,0.694405,-0.788319,-0.929594,-0.0628787,0.457489,0.252084,1.39872
-0.0784537,0.413493,0.240632,0.655234,2.23881,1.81729,-1.89616,2.44691,0.95018,1.18883,1.75976,1.46353,-1.77717,1.40485,0.545954,1.28415,-0.0282655,0.713884,-1.51728,-0.113928
-1.82889,0.698868,-0.601603,0.882948,0.262065,1.79785,-0.485089,0.188116,-0.0162916,-0.199204,0.404154,-0.354999,-0.0884255,-0.351628,-0.401799,-0.261779,0.0471036,0.932592,-0.0850737,0.186948
-1.50431,-0.354609,0.330056,0.104352,-1.13931,0.600089,0.131149,2.12047,0.377744,-0.386316,0.992104,-0.765186,-0.410451,0.864472,0.265003,2.32875,-0.534082,-0.355118,0.337096,-0.393947
-1.77254,-0.446114,1.6082,1.64575,-0.337395,0.686544,-0.412522,1.23712,0.131127,0.712134,1.89293,-1.12385,-0.160731,-0.244559,-0.0111097,1.14614,-0.162271,-0.215377,0.211814,0.144187
2.38887,0.167573,0.677133,1.85509,0.671622,0.113673,0.286189,1.00259,0.145705,0.565908,1.94229,2.08341,-1.96302,0.37539,1.71704,2.13371,-0.218744,-0.400436,-1.0688,-0.00711888