0.614359,-3.00438,0.240812,0.362962,-0.741532,-1.83994,-1.57455,0.181249,-0.420866,-0.217468,-0.0828185,-2.01173,-0.30843,-0.812077,0.0810316,0.226455,0.0513399,-1.07421,0.147031,-0.446009
0.214901,-0.306242,0.873918,0.508251,-0.425217,0.309523,-0.0560813,0.153489,-0.292458,1.95153,1.94874,-1.46198,-3.72378e-05,-0.594038,0.156469,0.34592,-0.295752,-0.20697,1.04172,0.767579
-0.19823,-0.841942,-0.608892,0.498887,0.191996,-0.0136375,-2.26,-0.420161,-1.29895,0.066603,-0.234316,-1.92161,-1.52424,-1.01434,-0.00829209,0.118785,-0.933047,-0.271318,-0.292771,0.736733
0.719128,-0.115988,-0.401246,0.742128,1.92038,0.520782,-1.20055,1.85455,0.285724,0.300812,0.363043,0.635951,-2.44571,0.241989,1.64943,0.159037,-0.264927,0.604412,-2.46358,-0.219119
-2.14035,-0.246222,-1.92981,1.49777,2.19713,0.324427,-1.79734,-0.873149,-0.332241,-2.55291,-2.71589,0.340865,-0.502166,-0.713744,-0.723154,-2.25819,0.174427,0.591263,-0.700515,0.0694764
-2.72489,-0.154436,-0.417502,0.228199,0.325545,0.358097,-2.19567,-2.028,-0.630419,-1.61221,-1.91901,-0.435273,0.946121,-0.211389,-2.23679,-0.795516,0.118889,0.149828,0.0977164,0.35762
1.32492,-0.404666,1.95213,-0.201829,1.31378,-0.0835478,-2.60342,0.0562069,-0.0514483,2.27292,1.10439,-0.0378336,-1.00671,0.204693,0.097748,0.108366,0.180838,0.160353,-2.34285,0.128246
0.181582,2.29122,-0.399265,0.266515,2.05617,0.862667,0.911845,-0.928273,0.338499,-0.230904,-0.784262,2.61042,0.325728,-0.114532,-0.373302,-2.22589,0.552666,0.980492,-0.344791,0.176874
-2.50178,0.563085,-1.99168,0.151557,2.13757,2.62191,-1.89321,0.341482,0.696172,-0.385064,-0.839382,0.258435,-0.513988,0.279878,-0.210936,-1.73849,0.681397,2.49656,-2.51152,-0.0682889
-1.24318,2.21795,-0.219664,0.0593151,1.15194,0.33101,1.37083,-2.67182,-0.0640342,-0.61481,-1.51728,2.17306,1.22259,0.694998,-0.800173,-0.942264,-0.0627938,0.460744,0.259477,1.39858
-0.0793234,0.421694,0.249724,0.666461,2.23877,1.81707,-1.89619,2.44689,0.950201,1.18882,1.75985,1.46345,-1.77722,1.40497,0.559044,1.28415,-0.0258374,0.721809,-1.54701,-0.116959
-1.82893,0.697622,-0.602783,0.884006,0.273838,1.79555,-0.485332,0.19194,-0.0164112,-0.194461,0.399979,-0.349732,-0.0939403,-0.349799,-0.404026,-0.26225,0.0453923,0.931208,-0.0870716,0.192824
-1.50428,-0.359444,0.326324,0.112473,-1.13944,0.602862,0.127692,2.12046,0.377573,-0.38118,1.0057,-0.773842,-0.406581,0.864887,0.272853,2.32852,-0.533953,-0.351863,0.340722,-0.396179
-1.77251,-0.446437,1.60843,1.64543,-0.341633,0.694798,-0.412341,1.23713,0.130086,0.71706,1.89257,-1.12369,-0.159615,-0.233361,-0.011818,1.14646,-0.164777,-0.213379,0.218425,0.145932
2.38887,0.169251,0.687567,1.85487,0.684754,0.110156,0.286635,1.02452,0.14941,0.578637,1.9421,2.08354,-1.96297,0.381881,1.71718,2.13379,-0.226198,-0.404418,-1.0688,-0.00787964