0.623083,-3.0043,0.248198,0.365321,-0.749737,-1.84012,-1.57454,0.183946,-0.425419,-0.215797,-0.0826249,-2.01181,-0.311185,-0.811661,0.0851874,0.226288,0.0485205,-1.07412,0.149427,-0.451022
0.21359,-0.306594,0.886762,0.508216,-0.436947,0.307012,-0.053243,0.156745,-0.298616,1.95169,1.9485,-1.46183,-0.00548522,-0.594392,0.155242,0.354263,-0.298514,-0.213226,1.0417,0.767704
-0.198851,-0.852796,-0.608855,0.509898,0.192453,-0.0121831,-2.26001,-0.42026,-1.29885,0.0665046,-0.240096,-1.92171,-1.52424,-1.01436,-0.00421964,0.118822,-0.93304,-0.269475,-0.295811,0.736683
0.730057,-0.118128,-0.405332,0.7523,1.92027,0.533379,-1.2147,1.85467,0.290043,0.308928,0.36704,0.641988,-2.44577,0.246183,1.64927,0.167825,-0.260127,0.610118,-2.46365,-0.224336
-2.14035,-0.247178,-1.92981,1.49774,2.19712,0.327517,-1.79741,-0.887092,-0.337433,-2.55288,-2.71597,0.353185,-0.507626,-0.713921,-0.734685,-2.25814,0.17449,0.602193,-0.713954,0.0731463
-2.72493,-0.158732,-0.422813,0.231106,0.332337,0.361679,-2.19561,-2.02795,-0.630277,-1.61208,-1.91918,-0.446456,0.949074,-0.211625,-2.23689,-0.813635,0.118906,0.155931,0.0976916,0.361567
1.32495,-0.411923,1.95212,-0.197921,1.31375,-0.0840222,-2.60348,0.0655022,-0.0491815,2.27293,1.12129,-0.0330478,-1.01842,0.203305,0.102836,0.110904,0.180406,0.160976,-2.34282,0.129748
0.183629,2.29124,-0.406437,0.275193,2.0562,0.871677,0.911846,-0.944122,0.342194,-0.232257,-0.803926,2.6104,0.336967,-0.11453,-0.373305,-2.22586,0.55863,0.980514,-0.351991,0.183475
-2.50178,0.57677,-1.99163,0.155551,2.13768,2.62202,-1.89323,0.348032,0.696478,-0.395797,-0.851706,0.263377,-0.520307,0.279582,-0.216324,-1.73834,0.681363,2.49647,-2.5115,-0.0707781
-1.24318,2.21802,-0.226702,0.0599366,1.15193,0.337332,1.37083,-2.6718,-0.0622147,-0.625653,-1.51717,2.173,1.22261,0.695256,-0.811969,-0.954686,-0.062755,0.463985,0.266868,1.3985
-0.0802268,0.429844,0.258754,0.677679,2.23879,1.81704,-1.89616,2.44685,0.950086,1.18875,1.75997,1.4634,-1.77726,1.40513,0.571961,1.2841,-0.0233902,0.729668,-1.57648,-0.120008
-1.82897,0.698128,-0.604315,0.884278,0.284569,1.79524,-0.486307,0.195787,-0.0172518,-0.189865,0.39623,-0.345184,-0.0996317,-0.34896,-0.406485,-0.263249,0.0432565,0.930695,-0.0891672,0.198377
-1.50427,-0.363853,0.322714,0.121071,-1.13948,0.60572,0.12408,2.12051,0.377619,-0.376181,1.01912,-0.782906,-0.402631,0.864792,0.280823,2.32857,-0.533953,-0.348479,0.344315,-0.398354
-1.77249,-0.447134,1.60847,1.64534,-0.34525,0.703231,-0.41234,1.23704,0.128945,0.722128,1.89262,-1.12377,-0.158294,-0.222827,-0.0125514,1.14656,-0.167045,-0.211569,0.225074,0.147695
2.38886,0.170589,0.698037,1.8548,0.69789,0.107072,0.287003,1.04627,0.152856,0.591201,1.94201,2.08357,-1.96297,0.388264,1.71724,2.13388,-0.233576,-0.408565,-1.06879,-0.00859093