0.63632,-3.00438,0.259373,0.369364,-0.761468,-1.83994,-1.57444,0.187819,-0.433635,-0.213372,-0.0827217,-2.01189,-0.315566,-0.811686,0.0908991,0.226367,0.0450475,-1.07424,0.152829,-0.458982
0.211166,-0.30742,0.905899,0.508187,-0.454567,0.303329,-0.0487898,0.161871,-0.307244,1.95168,1.94851,-1.46183,-0.0135241,-0.594545,0.153328,0.367196,-0.303051,-0.222982,1.04168,0.767728
-0.199504,-0.86844,-0.608891,0.526179,0.193399,-0.00997025,-2.26003,-0.420308,-1.29881,0.0660654,-0.248462,-1.92177,-1.52432,-1.01425,0.00186289,0.118776,-0.933019,-0.2665,-0.299909,0.736644
0.745815,-0.121357,-0.411545,0.76723,1.92033,0.551072,-1.23483,1.85469,0.295528,0.321131,0.373484,0.651033,-2.44576,0.25244,1.64924,0.181004,-0.25283,0.618769,-2.46373,-0.231739
-2.14033,-0.248549,-1.92983,1.49776,2.19709,0.333121,-1.79747,-0.907455,-0.344184,-2.55281,-2.7161,0.372348,-0.514801,-0.71405,-0.750849,-2.25808,0.173743,0.617994,-0.733529,0.079005
-2.72499,-0.165625,-0.430797,0.23469,0.342563,0.366268,-2.19559,-2.02798,-0.630249,-1.61216,-1.91902,-0.462551,0.952297,-0.212751,-2.23695,-0.840372,0.118895,0.165209,0.0970794,0.36786
1.32501,-0.422276,1.95215,-0.191104,1.3138,-0.0840744,-2.60349,0.0800329,-0.0457068,2.27301,1.14555,-0.0259797,-1.03492,0.201671,0.111078,0.114449,0.179554,0.161768,-2.34277,0.131742
0.186953,2.29129,-0.416977,0.28829,2.05626,0.884416,0.911895,-0.968079,0.347126,-0.234764,-0.832883,2.6103,0.352968,-0.114494,-0.373414,-2.22582,0.568523,0.980563,-0.362681,0.192999
-2.50181,0.596915,-1.9917,0.160819,2.13767,2.62183,-1.89329,0.357425,0.696593,-0.411877,-0.870127,0.270844,-0.529715,0.27962,-0.22416,-1.73835,0.681346,2.49654,-2.5115,-0.0744839
-1.24315,2.21799,-0.237163,0.0615917,1.15201,0.346719,1.37087,-2.67179,-0.0602361,-0.641515,-1.51729,2.17297,1.22266,0.695212,-0.829368,-0.973029,-0.0627205,0.468512,0.277915,1.3985
-0.0816041,0.441818,0.272281,0.694501,2.23876,1.81711,-1.89614,2.44682,0.950028,1.18874,1.75997,1.46341,-1.77729,1.40519,0.591143,1.28407,-0.0196502,0.741224,-1.62024,-0.124754
-1.8289,0.699778,-0.606313,0.884185,0.299566,1.79578,-0.487945,0.20208,-0.0175019,-0.183186,0.390729,-0.339038,-0.107798,-0.349055,-0.409978,-0.26618,0.039854,0.9305,-0.0925407,0.206017
-1.50421,-0.369802,0.317532,0.134597,-1.1394,0.610341,0.118465,2.12052,0.377743,-0.368367,1.03801,-0.797056,-0.396393,0.864661,0.292915,2.32873,-0.533892,-0.343156,0.349715,-0.401395
-1.77252,-0.448149,1.60839,1.64539,-0.349894,0.715347,-0.412409,1.23701,0.127701,0.729526,1.8928,-1.12378,-0.156324,-0.207559,-0.0138297,1.14647,-0.170246,-0.208971,0.235081,0.150214
2.38883,0.17237,0.713608,1.8548,0.717533,0.1027,0.287186,1.07853,0.158504,0.609919,1.94204,2.08357,-1.96301,0.397052,1.71725,2.13388,-0.244609,-0.414869,-1.06879,-0.00951159