0.654492,-3.00423,0.27467,0.375195,-0.775428,-1.84006,-1.57441,0.192199,-0.445317,-0.210562,-0.0826588,-2.01208,-0.322096,-0.811583,0.0974098,0.226389,0.0417126,-1.07427,0.156933,-0.470033
0.207094,-0.308706,0.931131,0.508143,-0.477727,0.29799,-0.0425293,0.168959,-0.318317,1.95164,1.94858,-1.46179,-0.0238902,-0.594548,0.150741,0.385036,-0.309803,-0.236231,1.04164,0.767718
-0.200108,-0.88806,-0.608918,0.547656,0.19468,-0.00765695,-2.26001,-0.420325,-1.29889,0.0651895,-0.258683,-1.92181,-1.52438,-1.01417,0.00931433,0.118755,-0.932944,-0.26196,-0.304706,0.736626
0.76576,-0.125692,-0.419687,0.785878,1.92038,0.572895,-1.25985,1.85468,0.301826,0.336442,0.383665,0.662845,-2.44579,0.260173,1.64914,0.198533,-0.243471,0.630014,-2.46384,-0.240877
-2.14027,-0.25032,-1.92981,1.49783,2.19703,0.342622,-1.79757,-0.933248,-0.351915,-2.55272,-2.71631,0.399185,-0.522227,-0.714104,-0.770168,-2.25805,0.171645,0.638293,-0.758336,0.0873581
-2.7251,-0.175326,-0.441689,0.23773,0.356378,0.370168,-2.19548,-2.02801,-0.630343,-1.61225,-1.91883,-0.482851,0.954404,-0.215001,-2.23702,-0.875934,0.118849,0.178022,0.0950696,0.376588
1.32513,-0.435337,1.95218,-0.180198,1.31377,-0.0822149,-2.60358,0.10051,-0.0406455,2.27307,1.17473,-0.0169484,-1.05483,0.199808,0.123199,0.119431,0.17843,0.162442,-2.3427,0.133967
0.191767,2.29134,-0.430975,0.3057,2.0563,0.899354,0.911975,-1.00069,0.352778,-0.239514,-0.869359,2.61019,0.372079,-0.114267,-0.37358,-2.2259,0.583402,0.980636,-0.377015,0.204902
-2.50188,0.623473,-1.99172,0.16682,2.13772,2.62179,-1.89328,0.369298,0.696423,-0.433336,-0.893509,0.280952,-0.542503,0.279686,-0.234653,-1.7384,0.681366,2.49654,-2.51151,-0.0796192
-1.2431,2.21811,-0.250651,0.0649272,1.15205,0.359777,1.37084,-2.6718,-0.0578865,-0.661835,-1.51738,2.17286,1.22269,0.6952,-0.851914,-0.996437,-0.0626787,0.473441,0.292589,1.39849
-0.0834412,0.457191,0.290334,0.716966,2.23875,1.81713,-1.89613,2.44679,0.95011,1.18877,1.75992,1.46341,-1.77733,1.40513,0.616515,1.28414,-0.0146022,0.756024,-1.67768,-0.131162
-1.82878,0.702582,-0.607302,0.884338,0.318658,1.79585,-0.490269,0.210995,-0.0171078,-0.174306,0.380731,-0.332343,-0.117301,-0.349074,-0.413298,-0.270768,0.0348943,0.929683,-0.0971331,0.215687
-1.50411,-0.376365,0.311052,0.153754,-1.13943,0.616989,0.111081,2.12052,0.377654,-0.357557,1.06101,-0.817643,-0.387862,0.864897,0.308703,2.32868,-0.533796,-0.335533,0.356873,-0.405271
-1.77258,-0.449299,1.60835,1.64532,-0.355412,0.72961,-0.412408,1.23703,0.126072,0.739161,1.8929,-1.12371,-0.153984,-0.187436,-0.0161553,1.14651,-0.174327,-0.205384,0.248315,0.153373
2.3888,0.174495,0.733889,1.85476,0.743524,0.0966572,0.286792,1.12091,0.166209,0.634597,1.94209,2.08362,-1.96304,0.407936,1.71731,2.13383,-0.259172,-0.423055,-1.06879,-0.0106731