0.66377,-3.00416,0.282278,0.378338,-0.781744,-1.84017,-1.5744,0.193941,-0.451208,-0.209565,-0.0825487,-2.01216,-0.325859,-0.811464,0.100008,0.226346,0.0405905,-1.07426,0.15874,-0.475706
0.204732,-0.309518,0.943704,0.508143,-0.489238,0.295284,-0.0392486,0.172657,-0.323966,1.95166,1.94852,-1.46176,-0.0288895,-0.594599,0.149495,0.394072,-0.313513,-0.24297,1.04162,0.76773
-0.200415,-0.897403,-0.608934,0.558155,0.195366,-0.00689608,-2.26,-0.420349,-1.29891,0.0645629,-0.263159,-1.92181,-1.52443,-1.01414,0.0126635,0.118734,-0.932923,-0.259446,-0.306877,0.736616
0.775265,-0.127835,-0.423735,0.794607,1.92039,0.582981,-1.27158,1.8547,0.304758,0.343591,0.389608,0.668661,-2.44581,0.263635,1.64906,0.207254,-0.239124,0.635496,-2.4639,-0.245156
-2.14022,-0.251206,-1.92978,1.49788,2.197,0.348559,-1.79762,-0.945534,-0.355287,-2.55266,-2.71647,0.413051,-0.524897,-0.714136,-0.778689,-2.25801,0.170267,0.648105,-0.770075,0.0917217
-2.72515,-0.180559,-0.44727,0.238342,0.363389,0.371181,-2.19543,-2.028,-0.630357,-1.61226,-1.91877,-0.492304,0.954531,-0.216573,-2.23708,-0.89378,0.118808,0.184585,0.0934843,0.38107
1.32519,-0.441452,1.95219,-0.173779,1.31376,-0.080386,-2.60362,0.111164,-0.0378723,2.2731,1.18778,-0.0127824,-1.06391,0.199286,0.12979,0.12203,0.178007,0.162641,-2.34266,0.134864
0.19421,2.29137,-0.438124,0.31428,2.0563,0.905617,0.91201,-1.01729,0.354922,-0.242706,-0.886074,2.61017,0.380447,-0.114171,-0.373676,-2.22596,0.591508,0.980681,-0.384331,0.210523
-2.50192,0.636487,-1.99173,0.169257,2.13775,2.62176,-1.89328,0.37504,0.696412,-0.444097,-0.904526,0.286242,-0.549006,0.279658,-0.239913,-1.7384,0.681355,2.49653,-2.51152,-0.082265
-1.24308,2.21818,-0.257257,0.0671426,1.15207,0.366335,1.37084,-2.6718,-0.0566,-0.671722,-1.51738,2.1728,1.2227,0.695247,-0.862943,-1.00771,-0.062645,0.475476,0.299898,1.39847
-0.08435,0.464682,0.299339,0.728198,2.23876,1.81714,-1.89613,2.44677,0.950122,1.18876,1.75993,1.46341,-1.77736,1.40513,0.629128,1.28416,-0.0120412,0.76319,-1.70599,-0.134365
-1.82871,0.704686,-0.607182,0.884446,0.327745,1.79586,-0.491718,0.215447,-0.0171033,-0.169911,0.374447,-0.330096,-0.121504,-0.34892,-0.414397,-0.273214,0.0322773,0.929103,-0.0993814,0.220321
-1.50407,-0.378971,0.307955,0.163961,-1.13945,0.620385,0.107456,2.12053,0.377625,-0.352094,1.07183,-0.828818,-0.383682,0.865011,0.316345,2.32866,-0.533744,-0.331466,0.360419,-0.407193
-1.77262,-0.449951,1.60833,1.64525,-0.357776,0.735953,-0.41241,1.23703,0.125126,0.743896,1.89297,-1.12367,-0.152918,-0.177822,-0.017604,1.14653,-0.176352,-0.203574,0.254826,0.154933
2.38878,0.175344,0.743845,1.85474,0.756421,0.0935768,0.286367,1.14187,0.169889,0.646837,1.94209,2.08365,-1.96305,0.413092,1.71734,2.13382,-0.266399,-0.427065,-1.06879,-0.011236