1.14582,-3.61577,0.568469,-1.29843,0.248039,-1.65451,-2.09702,0.875614,0.0729222,-0.377979,-0.537039,-2.05958,-1.51838,-1.13208,0.220844,0.674847,-0.419404,-1.40337,0.148258,0.0784208
-0.13428,-1.13523,1.15182,0.962576,-0.0580079,1.46835,1.0832,0.273139,0.0456764,2.61374,2.38976,-1.41492,1.22954,-0.707204,0.449403,-0.346838,-0.147064,-0.180794,1.53515,0.740042
-1.23094,-2.01814,-1.16892,-0.0687781,0.55634,0.545632,-2.61351,-0.327371,-1.07567,-0.0857761,-0.667848,-2.19002,-1.7507,-0.67615,-0.0659517,-0.111168,-0.655625,0.384197,-1.2888,1.03741
1.01647,0.442271,-0.248717,-0.616808,2.39543,0.1257,-0.763154,2.20466,0.109185,0.182604,-0.678342,0.263681,-3.33858,0.102871,2.21331,-0.697645,1.08443,-1.33564,-3.2641,1.0329
-3.37012,1.11017,-2.64757,1.42602,2.08671,-0.307566,-2.42931,-0.443023,0.19498,-3.25539,-3.84358,-0.511084,0.517334,-1.17136,0.597731,-2.50578,0.913103,0.713614,-1.10969,0.567196
-3.84376,-0.828492,0.403378,-0.146081,0.590646,-0.545162,-2.31834,-2.00364,-0.348981,-2.51882,-2.13716,-1.11842,0.535182,0.433744,-2.29414,-0.75831,0.128686,-0.457083,0.360452,0.4581
1.73661,-0.0438723,2.00795,-1.14055,1.41035,0.011522,-3.2167,1.08191,0.555424,3.11564,-0.504574,0.441786,-0.331873,0.031206,1.35676,1.46454,-0.763146,-0.091091,-2.94282,-0.097636
-1.16971,2.73512,0.810492,0.480946,2.18789,-0.884367,1.57013,0.275095,0.61058,-0.952615,1.12509,2.72438,-0.516098,-0.0999924,-0.266559,-2.53261,-0.197257,1.0853,0.682958,0.0646281
-3.62493,1.25658,-3.09204,-0.462504,2.89293,3.58625,-2.46837,0.320709,1.28295,-1.18494,0.0803267,-0.0999581,-0.60362,0.549927,-0.132306,-2.20133,0.676213,3.18068,-3.39545,1.13454
-1.86563,2.80786,0.668252,1.16705,1.38402,1.22236,2.22196,-3.48282,-0.0728303,1.1071,-1.84663,2.56192,0.940941,0.74586,-0.728644,-2.03704,-0.124422,0.975132,1.09057,1.56324
-1.2456,0.832193,0.714301,-0.315136,2.49239,2.14578,-2.25529,2.1924,1.12724,1.74435,2.40079,1.43056,-2.00429,1.44098,-1.20628,0.969505,-0.167833,0.689106,0.25954,-0.281713
-2.60126,-0.985015,-0.20386,1.09381,0.637796,1.81423,-0.062635,-0.337911,-0.121416,-0.179695,-0.055194,-0.795783,0.538436,-0.103772,1.12689,-0.807323,0.618328,-1.01986,-0.0388555,1.28085
-1.58592,0.658141,0.100274,-1.04919,-0.928022,-1.28142,-0.505087,2.61353,0.357789,-0.758694,-0.313838,0.633133,-0.658122,0.75747,-0.674887,2.83866,-0.930181,0.26031,0.109358,-0.157496
-2.62654,0.272188,2.38118,2.10106,1.44277,-0.166246,-0.113082,1.34666,1.25933,-0.414989,2.93222,-0.891842,-0.848028,1.2669,-0.568394,1.18693,-0.509543,-0.918698,0.322792,0.198369
3.50796,0.574201,-1.26107,2.58477,0.576372,-0.944503,1.32462,1.35261,0.698783,-0.725946,2.10486,3.04031,-3.1323,0.0673517,2.50856,2.46862,-0.978949,0.382545,-0.937289,-0.743744