1.83762,-2.32963,0.556534,-1.84844,0.656362,-0.942375,-1.38912,0.88015,0.637837,-0.23069,-0.371334,-0.98357,-1.70187,-0.711393,0.258755,0.559829,-1.16492,-0.669303,0.307786,0.0829604
-0.0621939,-1.03044,1.15166,0.591895,-0.402663,1.58072,1.02861,0.187381,-0.318671,1.7461,1.62439,-0.884918,1.58479,-0.677948,0.341352,-0.5102,0.0438773,-0.166635,1.01596,0.580865
-1.16308,-1.92944,-0.773445,-0.305936,0.308041,0.375481,-1.50093,-0.469032,-0.668232,-0.00847473,-0.795499,-1.35756,-1.14286,-0.364619,-0.0654915,-0.130163,-0.486438,0.781578,-1.17551,0.613627
1.38698,0.421387,-0.277205,-0.72442,1.36784,0.146745,-0.660422,1.25738,0.0280513,0.187894,-1.02439,-0.0118856,-2.04433,-0.254979,1.57584,-1.03117,1.74326,-1.3364,-1.97855,1.35209
-2.08887,1.47293,-1.78354,0.814398,1.4559,-0.44306,-1.45378,-0.44757,0.198688,-1.93925,-2.49464,-0.533077,0.639518,-0.666481,0.838973,-1.47311,0.948336,1.58957,-1.42973,0.325767
-2.48614,-1.26599,0.487687,-0.282412,0.45848,-0.522166,-1.50336,-1.39773,-0.27563,-1.67447,-1.35616,-0.78182,0.478176,0.669255,-1.32006,-0.551631,0.386151,-1.14847,0.275807,0.448341
1.0193,-0.0116327,1.22472,-1.74287,0.883207,0.0664811,-1.98416,1.09888,0.346282,2.12284,-0.872585,0.628799,-0.555518,-0.352098,1.49022,1.19601,-1.03908,0.0148322,-1.76572,0.0556079
-1.18165,1.58106,1.10203,0.373503,1.38927,-0.915162,1.00025,0.255067,0.378975,-0.76861,0.987381,1.63685,-0.562821,-0.0943392,-0.103415,-1.6649,-0.055072,0.75556,0.961851,0.0733513
-2.17884,1.80492,-1.79175,-0.521732,1.86544,2.23573,-1.38497,0.00288477,0.965858,-1.19275,-0.273195,-0.322807,-0.895406,0.26272,0.0915533,-1.51696,0.406656,2.30831,-2.17325,1.4035
-1.165,1.82343,1.61826,1.8776,0.842044,1.19501,1.44065,-2.14965,0.189584,1.121,-1.16682,1.48104,0.405436,0.572528,-0.692769,-2.00178,-0.0523995,1.09687,1.72625,1.20864
-1.19149,1.05401,1.76751,-0.481222,1.48152,1.39666,-1.53113,1.29243,0.666476,1.0992,1.29695,0.690363,-1.28016,0.943014,-1.70777,0.495167,-0.104907,0.879836,0.710073,-0.113605
-1.86407,-1.15841,-0.0363243,0.505649,0.463718,1.00995,0.0517875,-0.340014,0.0249129,-0.506856,0.0276533,-0.690868,0.714569,-0.109745,1.53095,-1.01147,0.82326,-1.3087,-0.395617,1.48551
-0.994812,0.569642,-0.263787,-1.73515,-0.659367,-1.0703,-0.433238,1.7146,0.245627,-0.630389,-0.51286,0.735225,-0.794527,0.580374,-0.581575,1.78831,-0.682291,0.358313,0.0969748,-0.0687227
-1.63635,0.121486,1.57589,1.35022,1.51841,-0.30529,0.0664588,0.754034,1.37628,-0.92228,1.76405,-0.762965,-0.988464,1.38943,-0.584189,0.612686,-0.472095,-0.768079,0.273409,0.205124
2.28111,0.599473,-1.75209,1.76778,0.819148,-0.969508,1.25305,1.09501,0.862648,-0.677468,1.47274,1.90225,-1.97386,0.109121,1.4882,1.43986,-1.3577,0.373872,-0.5237,-0.707471