1.8475,-2.32951,0.556769,-1.85128,0.664271,-0.942375,-1.38909,0.88003,0.645839,-0.230938,-0.371189,-0.983659,-1.70349,-0.711409,0.258585,0.559807,-1.17605,-0.669233,0.307792,0.0827294
-0.0604845,-1.0308,1.15209,0.591753,-0.422606,1.58144,1.02927,0.18722,-0.338218,1.74665,1.62429,-0.885126,1.58666,-0.678214,0.340823,-0.511909,0.0583387,-0.167161,1.01629,0.580765
-1.1633,-1.93084,-0.773363,-0.306251,0.307999,0.375374,-1.50094,-0.469016,-0.66815,-0.00866132,-0.79735,-1.35738,-1.14296,-0.36471,-0.0651502,-0.130091,-0.48625,0.782516,-1.17571,0.613681
1.38899,0.421305,-0.277444,-0.724649,1.36791,0.147165,-0.660323,1.25748,0.0283759,0.188509,-1.02733,-0.0121072,-2.04431,-0.257245,1.57608,-1.03414,1.75373,-1.33661,-1.97833,1.35267
-2.08915,1.47536,-1.78541,0.814192,1.4558,-0.443149,-1.45381,-0.447552,0.198623,-1.93946,-2.49464,-0.533023,0.63956,-0.666421,0.845007,-1.47301,0.948863,1.60398,-1.43819,0.32568
-2.48668,-1.27575,0.4872,-0.282872,0.458541,-0.522039,-1.50332,-1.39728,-0.275609,-1.67429,-1.35646,-0.781929,0.47804,0.677263,-1.32006,-0.552087,0.385985,-1.16013,0.276022,0.447768
1.01915,0.00302534,1.22458,-1.74579,0.883315,0.0708197,-1.98394,1.09912,0.346738,2.1233,-0.87567,0.629214,-0.557863,-0.372168,1.49105,1.1958,-1.03925,0.0297456,-1.7659,0.0550581
-1.18189,1.58102,1.10298,0.373446,1.38932,-0.915093,1.00047,0.254838,0.378923,-0.768595,0.987349,1.63689,-0.562764,-0.094452,-0.103683,-1.66534,-0.0550855,0.755427,0.962543,0.0735091
-2.179,1.81556,-1.79195,-0.522132,1.86571,2.23578,-1.38492,0.00263365,0.965917,-1.19286,-0.275289,-0.322979,-0.898528,0.262866,0.0920589,-1.51794,0.406341,2.31052,-2.17325,1.4039
-1.16503,1.82373,1.63269,1.88708,0.841897,1.19523,1.44049,-2.14955,0.189386,1.12089,-1.16686,1.48093,0.405493,0.572427,-0.692803,-2.00282,-0.0523208,1.09742,1.73851,1.21054
-1.19163,1.05493,1.78037,-0.481467,1.48139,1.39676,-1.53121,1.29244,0.666509,1.09883,1.29704,0.690402,-1.28002,0.942859,-1.7095,0.495346,-0.104753,0.88079,0.717154,-0.113581
-1.86427,-1.1583,-0.0348098,0.505546,0.463211,1.01,0.0552869,-0.340211,0.0250092,-0.509298,0.0320995,-0.691261,0.714264,-0.11004,1.53287,-1.0136,0.824162,-1.30855,-0.415468,1.48663
-0.994739,0.569795,-0.264269,-1.73823,-0.659264,-1.07022,-0.433112,1.71472,0.245701,-0.630318,-0.512848,0.735303,-0.796503,0.580464,-0.581609,1.7881,-0.682354,0.358315,0.096997,-0.0689517
-1.63642,0.12131,1.57613,1.35021,1.51876,-0.305356,0.0664624,0.754042,1.37669,-0.925845,1.76408,-0.762996,-0.990877,1.39001,-0.584189,0.612323,-0.472115,-0.76817,0.273499,0.205481
2.28267,0.599624,-1.75515,1.76797,0.825515,-0.96941,1.25326,1.09471,0.869148,-0.67729,1.47273,1.90213,-1.97406,0.109121,1.48818,1.43957,-1.36603,0.373741,-0.52366,-0.707655