1.85462,-2.32943,0.556887,-1.85321,0.670289,-0.942372,-1.38905,0.879942,0.651948,-0.231134,-0.37109,-0.983713,-1.70475,-0.71142,0.258436,0.559781,-1.18464,-0.669207,0.307733,0.082532
-0.059657,-1.03111,1.15231,0.591679,-0.439515,1.58199,1.02982,0.187117,-0.354791,1.74707,1.62423,-0.885292,1.58808,-0.678362,0.340382,-0.513195,0.0716579,-0.167624,1.01653,0.580735
-1.16342,-1.93176,-0.7733,-0.306441,0.307957,0.375274,-1.50095,-0.469028,-0.668098,-0.00881752,-0.798649,-1.35726,-1.14305,-0.364776,-0.0648714,-0.130043,-0.486135,0.783108,-1.17582,0.613702
1.39031,0.421232,-0.277683,-0.724839,1.36794,0.147503,-0.660122,1.25757,0.0286268,0.189008,-1.02944,-0.0121808,-2.0443,-0.258859,1.57628,-1.03627,1.76139,-1.33673,-1.97818,1.35312
-2.08933,1.47704,-1.78688,0.814064,1.45571,-0.443253,-1.45382,-0.44753,0.198556,-1.93962,-2.49464,-0.532989,0.639581,-0.666364,0.849629,-1.47295,0.949166,1.61454,-1.44476,0.325606
-2.48704,-1.28331,0.486787,-0.28314,0.458555,-0.521943,-1.50333,-1.39694,-0.275642,-1.67418,-1.35666,-0.782024,0.477923,0.683371,-1.32004,-0.55245,0.385859,-1.16915,0.276125,0.447341
1.01905,0.016545,1.22447,-1.74775,0.883409,0.0744798,-1.98377,1.09935,0.347114,2.12367,-0.877889,0.629571,-0.559554,-0.389169,1.49171,1.19561,-1.03931,0.0434538,-1.76605,0.0545815
-1.18202,1.58098,1.10359,0.373394,1.38936,-0.915036,1.00064,0.254677,0.378871,-0.768577,0.987313,1.63692,-0.562712,-0.0945473,-0.103904,-1.66565,-0.0551449,0.755304,0.962971,0.0736332
-2.17911,1.82334,-1.79209,-0.522454,1.86591,2.23581,-1.38489,0.00256181,0.965961,-1.1929,-0.276809,-0.32297,-0.900786,0.262972,0.0924741,-1.51865,0.406088,2.31214,-2.17323,1.40419
-1.16503,1.82392,1.64329,1.89386,0.841788,1.19543,1.44038,-2.14948,0.18923,1.12081,-1.16688,1.48086,0.405539,0.572341,-0.692865,-2.0036,-0.0522797,1.09777,1.74749,1.21199
-1.19167,1.05554,1.78962,-0.481609,1.48129,1.39685,-1.53125,1.29244,0.666542,1.09855,1.29711,0.690442,-1.27991,0.942741,-1.71081,0.495469,-0.104675,0.881444,0.722539,-0.113577
-1.86441,-1.15814,-0.0339992,0.505447,0.46279,1.01006,0.0582552,-0.340294,0.0251022,-0.511109,0.035873,-0.69145,0.714026,-0.110278,1.53434,-1.0151,0.824759,-1.30834,-0.432299,1.48751
-0.994689,0.569846,-0.264572,-1.74029,-0.659204,-1.07016,-0.433023,1.71482,0.245751,-0.630261,-0.512839,0.735373,-0.79789,0.580542,-0.58164,1.78795,-0.682391,0.358265,0.0969984,-0.0691565
-1.63647,0.121134,1.57627,1.3502,1.51901,-0.305307,0.0664636,0.754049,1.37701,-0.928395,1.7641,-0.763029,-0.992633,1.39047,-0.584155,0.612052,-0.472195,-0.768289,0.273559,0.205745
2.28379,0.599673,-1.75722,1.76812,0.830375,-0.969334,1.25342,1.09448,0.874141,-0.677163,1.47274,1.90205,-1.97422,0.109122,1.48818,1.43937,-1.37246,0.373598,-0.523646,-0.707847