1.85978,-2.32937,0.556929,-1.85453,0.674879,-0.942368,-1.38901,0.879874,0.656624,-0.23129,-0.371021,-0.983747,-1.70573,-0.711428,0.258307,0.559752,-1.19131,-0.669206,0.307641,0.0823615
-0.0594703,-1.03137,1.15242,0.591644,-0.453809,1.58245,1.03026,0.187053,-0.368808,1.74736,1.62419,-0.885423,1.58922,-0.678441,0.340013,-0.514208,0.0838457,-0.168035,1.01671,0.580746
-1.16348,-1.93238,-0.77325,-0.306555,0.307918,0.37518,-1.50095,-0.469051,-0.668062,-0.00894893,-0.7996,-1.35717,-1.14313,-0.364825,-0.0646442,-0.13001,-0.486062,0.783487,-1.17586,0.613705
1.39119,0.421166,-0.277909,-0.724996,1.36795,0.147779,-0.659883,1.25766,0.0288156,0.189414,-1.03098,-0.0121773,-2.04429,-0.260051,1.57646,-1.03782,1.76698,-1.33681,-1.97807,1.35349
-2.08946,1.47821,-1.78803,0.813985,1.45563,-0.443361,-1.45383,-0.447505,0.19849,-1.93975,-2.49464,-0.532966,0.639588,-0.666314,0.853178,-1.47293,0.949335,1.62227,-1.4499,0.325544
-2.48727,-1.28922,0.486434,-0.283293,0.458541,-0.521864,-1.50337,-1.39667,-0.275711,-1.67412,-1.3568,-0.782105,0.47782,0.688045,-1.32,-0.552742,0.385757,-1.17618,0.276158,0.44702
1.01898,0.0289476,1.22436,-1.7491,0.883488,0.0775799,-1.98362,1.09955,0.347425,2.12396,-0.879509,0.629876,-0.560826,-0.403528,1.49223,1.19544,-1.0393,0.0559939,-1.76619,0.0541681
-1.18208,1.58094,1.10398,0.373345,1.38939,-0.914987,1.00077,0.254565,0.378821,-0.768556,0.987273,1.63693,-0.562665,-0.0946274,-0.104085,-1.66589,-0.0552247,0.755194,0.963237,0.0737307
-2.1792,1.82903,-1.79218,-0.522717,1.86608,2.23582,-1.38488,0.00258311,0.965992,-1.19289,-0.277954,-0.32287,-0.902446,0.263048,0.0928188,-1.51916,0.40588,2.31333,-2.1732,1.40441
-1.16503,1.82405,1.65105,1.89872,0.841707,1.19561,1.4403,-2.14943,0.189105,1.12073,-1.16689,1.48081,0.405576,0.572269,-0.692943,-2.00419,-0.0522631,1.09798,1.75406,1.21311
-1.19165,1.05596,1.7963,-0.481687,1.48122,1.39693,-1.53127,1.29244,0.666575,1.09833,1.29715,0.69048,-1.27984,0.942648,-1.71182,0.495552,-0.104642,0.881904,0.726647,-0.113585
-1.86452,-1.15796,-0.0337244,0.50536,0.462436,1.0101,0.0607848,-0.340315,0.0251928,-0.512503,0.0390836,-0.691523,0.713835,-0.110468,1.5355,-1.01615,0.825168,-1.30811,-0.446525,1.48823
-0.994655,0.569835,-0.264762,-1.74171,-0.659169,-1.07011,-0.432957,1.71489,0.245784,-0.630213,-0.512832,0.735435,-0.798898,0.58061,-0.581668,1.78783,-0.682414,0.358185,0.0969871,-0.0693384
-1.63653,0.120963,1.57636,1.35018,1.51921,-0.305203,0.0664623,0.754057,1.37726,-0.93025,1.76413,-0.76306,-0.99393,1.39085,-0.584099,0.611841,-0.472307,-0.768418,0.273594,0.205943
2.28461,0.59966,-1.75866,1.76823,0.834094,-0.96927,1.25355,1.09431,0.877984,-0.67707,1.47275,1.90198,-1.97435,0.109123,1.48819,1.43922,-1.37746,0.37345,-0.523647,-0.708039