1.86354,-2.32933,0.556924,-1.85547,0.678389,-0.942363,-1.38897,0.879821,0.660214,-0.231414,-0.370972,-0.983766,-1.70652,-0.711433,0.258196,0.559722,-1.19653,-0.669221,0.307536,0.082213
-0.0597425,-1.03158,1.15246,0.591631,-0.465865,1.58283,1.03063,0.187016,-0.380643,1.74758,1.62416,-0.885527,1.59015,-0.678482,0.339704,-0.515039,0.0949437,-0.168404,1.01686,0.58078
-1.16349,-1.93282,-0.77321,-0.306621,0.307884,0.375092,-1.50096,-0.469079,-0.668037,-0.00906023,-0.800328,-1.35711,-1.1432,-0.364864,-0.0644596,-0.129987,-0.486016,0.783734,-1.17587,0.613697
1.39179,0.421109,-0.278118,-0.725124,1.36795,0.148006,-0.659643,1.25772,0.0289544,0.189743,-1.03212,-0.0121378,-2.04429,-0.260964,1.57661,-1.03896,1.77103,-1.33685,-1.97799,1.35379
-2.08955,1.47904,-1.78895,0.813938,1.45556,-0.443469,-1.45383,-0.447479,0.198428,-1.93985,-2.49465,-0.532952,0.639585,-0.666271,0.855911,-1.47291,0.949424,1.62791,-1.45395,0.325493
-2.48743,-1.29385,0.486131,-0.283378,0.45851,-0.521795,-1.50341,-1.39647,-0.275801,-1.67409,-1.35689,-0.782173,0.477729,0.691633,-1.31996,-0.552979,0.385673,-1.18171,0.276149,0.446773
1.01893,0.0402752,1.22428,-1.75004,0.883554,0.0802181,-1.9835,1.09973,0.347681,2.1242,-0.880709,0.630135,-0.561824,-0.415629,1.49266,1.19528,-1.03925,0.0674196,-1.7663,0.0538096
-1.1821,1.5809,1.10424,0.373299,1.38941,-0.914946,1.00088,0.25449,0.378775,-0.768535,0.987232,1.63694,-0.562623,-0.0946945,-0.104233,-1.66607,-0.0553112,0.7551,0.963404,0.073807
-2.17927,1.83317,-1.79224,-0.522933,1.86621,2.23583,-1.38487,0.00264785,0.966014,-1.19285,-0.27885,-0.322734,-0.903686,0.263103,0.093107,-1.51954,0.405707,2.31419,-2.17317,1.40459
-1.16502,1.82412,1.65672,1.90221,0.841647,1.19576,1.44024,-2.1494,0.189004,1.12067,-1.16689,1.48078,0.405608,0.572208,-0.693029,-2.00464,-0.0522623,1.0981,1.75885,1.21397
-1.19161,1.05624,1.80116,-0.481726,1.48116,1.397,-1.53128,1.29244,0.666609,1.09818,1.29719,0.690515,-1.27979,0.942574,-1.71261,0.495607,-0.104635,0.882234,0.72979,-0.113597
-1.86461,-1.15779,-0.0338503,0.505285,0.462137,1.01014,0.0629527,-0.340303,0.0252789,-0.513615,0.0418252,-0.691533,0.713677,-0.110617,1.53646,-1.0169,0.825461,-1.30788,-0.458521,1.48881
-0.994633,0.569789,-0.264881,-1.7427,-0.659151,-1.07007,-0.432908,1.71494,0.245805,-0.630173,-0.512826,0.735489,-0.79966,0.580667,-0.581692,1.78775,-0.682428,0.358089,0.0969692,-0.0694995
-1.63657,0.120803,1.57641,1.35016,1.51936,-0.305081,0.0664593,0.754067,1.37746,-0.931622,1.76414,-0.763087,-0.994903,1.39115,-0.58403,0.611669,-0.472432,-0.768545,0.27361,0.206094
2.28521,0.599615,-1.75968,1.76832,0.836949,-0.969216,1.25366,1.09418,0.880947,-0.677003,1.47277,1.90193,-1.97445,0.109122,1.48819,1.43912,-1.38137,0.373304,-0.523658,-0.708224