1.8663,-2.3293,0.556892,-1.85616,0.681081,-0.942358,-1.38893,0.879778,0.662979,-0.231514,-0.370938,-0.983778,-1.70716,-0.711435,0.258102,0.559692,-1.20064,-0.669244,0.307429,0.0820832
-0.0603367,-1.03174,1.15246,0.59163,-0.476017,1.58315,1.03092,0.186997,-0.39062,1.74774,1.62415,-0.885608,1.59094,-0.678502,0.339447,-0.515745,0.105011,-0.168736,1.01697,0.580824
-1.16349,-1.93312,-0.773178,-0.306658,0.307855,0.37501,-1.50097,-0.469106,-0.66802,-0.00915506,-0.800912,-1.35707,-1.14326,-0.364894,-0.0643097,-0.129971,-0.485987,0.783897,-1.17586,0.613682
1.39219,0.42106,-0.278309,-0.725228,1.36794,0.148193,-0.659418,1.25778,0.0290542,0.190012,-1.03298,-0.0120853,-2.04428,-0.26169,1.57674,-1.03982,1.77395,-1.33688,-1.97794,1.35405
-2.08961,1.47963,-1.78968,0.813911,1.4555,-0.443573,-1.45384,-0.447453,0.19837,-1.93994,-2.49465,-0.532944,0.639576,-0.666236,0.858022,-1.47291,0.949464,1.63201,-1.45717,0.325452
-2.48753,-1.2975,0.48587,-0.28342,0.458468,-0.521731,-1.50346,-1.39631,-0.275901,-1.6741,-1.35694,-0.782233,0.477647,0.694396,-1.31991,-0.553175,0.385603,-1.1861,0.276116,0.446582
1.01889,0.0505833,1.2242,-1.75072,0.883609,0.0824757,-1.98341,1.09988,0.347893,2.12439,-0.88161,0.630355,-0.56264,-0.42581,1.49301,1.19515,-1.03919,0.0777955,-1.76639,0.0534992
-1.1821,1.58087,1.10441,0.373257,1.38942,-0.914909,1.00096,0.25444,0.378735,-0.768515,0.987192,1.63694,-0.562586,-0.0947504,-0.104355,-1.66622,-0.0553964,0.755019,0.96351,0.0738666
-2.17932,1.83618,-1.79228,-0.523111,1.86631,2.23584,-1.38487,0.00272811,0.96603,-1.19279,-0.279577,-0.322589,-0.904626,0.263142,0.0933493,-1.51982,0.405563,2.31482,-2.17313,1.40473
-1.16502,1.82417,1.66085,1.90474,0.841602,1.19589,1.44019,-2.14937,0.188923,1.12062,-1.16689,1.48076,0.405634,0.572157,-0.693115,-2.005,-0.0522709,1.09818,1.76232,1.21464
-1.19156,1.05643,1.80472,-0.481742,1.48111,1.39706,-1.53127,1.29245,0.666641,1.09806,1.29721,0.690545,-1.27975,0.942516,-1.71323,0.495643,-0.104642,0.882478,0.732202,-0.113611
-1.86469,-1.15764,-0.0342695,0.505222,0.461885,1.01016,0.0648229,-0.340276,0.0253584,-0.514534,0.0441773,-0.691512,0.713544,-0.110732,1.53725,-1.01744,0.825679,-1.30765,-0.46862,1.48929
-0.994618,0.569726,-0.264954,-1.74341,-0.659143,-1.07003,-0.43287,1.71498,0.245818,-0.630139,-0.512821,0.735535,-0.800261,0.580714,-0.581712,1.78768,-0.682437,0.357988,0.0969485,-0.0696419
-1.63661,0.120653,1.57645,1.35015,1.51948,-0.304959,0.0664552,0.754077,1.37762,-0.932652,1.76416,-0.76311,-0.995644,1.39141,-0.583955,0.611524,-0.472561,-0.768666,0.273611,0.206211
2.28564,0.599552,-1.76042,1.76838,0.839145,-0.969168,1.25374,1.09407,0.883239,-0.676953,1.4728,1.90189,-1.97453,0.109121,1.48821,1.43904,-1.38446,0.373164,-0.523673,-0.7084