1.86833,-2.32928,0.556845,-1.85667,0.683151,-0.942354,-1.38889,0.87974,0.665117,-0.231594,-0.370914,-0.983783,-1.70768,-0.711437,0.258023,0.559665,-1.2039,-0.66927,0.307328,0.0819692
-0.06115,-1.03187,1.15244,0.591635,-0.484557,1.58343,1.03116,0.186991,-0.399022,1.74785,1.62414,-0.885672,1.59162,-0.678512,0.339231,-0.51636,0.114115,-0.169036,1.01707,0.580872
-1.16347,-1.93334,-0.773151,-0.306677,0.307831,0.374935,-1.50097,-0.46913,-0.668007,-0.00923629,-0.801398,-1.35704,-1.1433,-0.364919,-0.0641881,-0.129959,-0.485969,0.784008,-1.17584,0.613665
1.39246,0.421019,-0.278481,-0.725312,1.36793,0.148349,-0.659218,1.25783,0.0291239,0.190232,-1.03363,-0.0120324,-2.04427,-0.262286,1.57685,-1.04048,1.77605,-1.3369,-1.9779,1.35427
-2.08966,1.48006,-1.79027,0.813897,1.45545,-0.443671,-1.45384,-0.447428,0.198317,-1.94001,-2.49465,-0.532939,0.639565,-0.666207,0.859657,-1.47291,0.949478,1.63498,-1.45973,0.325419
-2.4876,-1.30041,0.485646,-0.283437,0.458422,-0.521671,-1.50352,-1.3962,-0.276003,-1.67412,-1.35698,-0.782284,0.477573,0.696533,-1.31987,-0.553338,0.385545,-1.1896,0.276071,0.446432
1.01887,0.0599345,1.22413,-1.75123,0.883654,0.0844195,-1.98334,1.10001,0.348069,2.12455,-0.882297,0.630541,-0.56333,-0.434368,1.4933,1.19503,-1.03913,0.0871915,-1.76647,0.0532307
-1.18208,1.58084,1.10451,0.373219,1.38943,-0.914878,1.00102,0.254408,0.378699,-0.768496,0.987154,1.63694,-0.562553,-0.0947967,-0.104455,-1.66634,-0.0554762,0.754952,0.963578,0.0739129
-2.17935,1.83835,-1.7923,-0.523258,1.8664,2.23584,-1.38488,0.0028089,0.966041,-1.19272,-0.280185,-0.322451,-0.90535,0.26317,0.093554,-1.52003,0.405441,2.31527,-2.1731,1.40484
-1.16501,1.82419,1.66386,1.90658,0.841569,1.196,1.44016,-2.14936,0.188858,1.12058,-1.16689,1.48074,0.405657,0.572114,-0.693199,-2.00528,-0.0522848,1.09823,1.76484,1.21516
-1.19149,1.05657,1.80734,-0.481743,1.48107,1.3971,-1.53126,1.29245,0.666672,1.09797,1.29723,0.690572,-1.27973,0.942469,-1.71374,0.495665,-0.104656,0.882662,0.73406,-0.113624
-1.86475,-1.15751,-0.0348973,0.50517,0.461671,1.01018,0.0664477,-0.340243,0.0254297,-0.515314,0.0462063,-0.691478,0.713433,-0.110821,1.53793,-1.01784,0.82585,-1.30744,-0.477112,1.4897
-0.994608,0.569655,-0.264998,-1.74395,-0.659141,-1.06999,-0.43284,1.71501,0.245826,-0.630111,-0.512818,0.735573,-0.800752,0.580754,-0.581731,1.78763,-0.682443,0.357887,0.0969277,-0.0697674
-1.63664,0.120516,1.57647,1.35014,1.51958,-0.304846,0.0664506,0.754087,1.37776,-0.933438,1.76417,-0.763129,-0.996215,1.39162,-0.58388,0.611398,-0.472688,-0.768778,0.273602,0.206302
2.28597,0.599482,-1.76098,1.76843,0.84084,-0.969126,1.25381,1.09399,0.885017,-0.676918,1.47282,1.90186,-1.9746,0.10912,1.48822,1.43898,-1.38692,0.373034,-0.523691,-0.708564