1.86985,-2.32927,0.556792,-1.85706,0.684748,-0.942349,-1.38886,0.879707,0.666775,-0.231659,-0.370896,-0.983786,-1.7081,-0.711437,0.257956,0.559639,-1.2065,-0.669297,0.307235,0.0818689
-0.0621052,-1.03196,1.15241,0.591644,-0.491735,1.58367,1.03136,0.186993,-0.406095,1.74794,1.62414,-0.885722,1.5922,-0.678517,0.33905,-0.516906,0.122329,-0.169306,1.01714,0.580919
-1.16345,-1.93351,-0.77313,-0.306683,0.307812,0.374866,-1.50097,-0.469151,-0.667997,-0.00930618,-0.801815,-1.35702,-1.14334,-0.364939,-0.0640894,-0.129952,-0.485958,0.784086,-1.17581,0.613647
1.39265,0.420987,-0.278635,-0.725379,1.36792,0.148479,-0.659044,1.25786,0.0291708,0.190412,-1.03414,-0.0119849,-2.04427,-0.262788,1.57694,-1.04098,1.77754,-1.33691,-1.97788,1.35446
-2.0897,1.48038,-1.79074,0.813891,1.4554,-0.443762,-1.45384,-0.447404,0.198268,-1.94008,-2.49466,-0.532937,0.639554,-0.666183,0.860927,-1.47292,0.949476,1.63712,-1.4618,0.325394
-2.48765,-1.30273,0.485454,-0.283437,0.458375,-0.521614,-1.50357,-1.39611,-0.2761,-1.67414,-1.357,-0.782329,0.477506,0.698192,-1.31983,-0.553475,0.385498,-1.19241,0.276022,0.446312
1.01885,0.0683953,1.22408,-1.75161,0.883692,0.0861042,-1.98329,1.10011,0.348214,2.12469,-0.882825,0.630698,-0.563928,-0.441557,1.49355,1.19492,-1.03907,0.0956797,-1.76653,0.0529987
-1.18205,1.58081,1.10459,0.373185,1.38944,-0.914851,1.00107,0.25439,0.378668,-0.76848,0.987119,1.63694,-0.562524,-0.094835,-0.104537,-1.66645,-0.0555485,0.754895,0.963623,0.0739486
-2.17938,1.83992,-1.79232,-0.523381,1.86647,2.23584,-1.38488,0.00288282,0.966049,-1.19265,-0.280705,-0.322326,-0.905914,0.263189,0.0937275,-1.52019,0.405338,2.31559,-2.17308,1.40494
-1.165,1.82421,1.66603,1.90792,0.841544,1.19609,1.44013,-2.14934,0.188805,1.12054,-1.16688,1.48073,0.405676,0.572078,-0.693278,-2.0055,-0.0523012,1.09826,1.76666,1.21556
-1.19143,1.05667,1.80929,-0.481735,1.48104,1.39714,-1.53125,1.29245,0.6667,1.09791,1.29724,0.690595,-1.27971,0.942431,-1.71414,0.495677,-0.104673,0.882805,0.735496,-0.113635
-1.8648,-1.15739,-0.0356674,0.505128,0.461488,1.0102,0.0678701,-0.340211,0.0254919,-0.51599,0.0479673,-0.691439,0.713339,-0.110889,1.53851,-1.01812,0.825988,-1.30725,-0.484248,1.49004
-0.994602,0.569584,-0.265022,-1.74435,-0.659143,-1.06996,-0.432817,1.71503,0.245831,-0.630088,-0.512816,0.735605,-0.801165,0.580786,-0.581747,1.78758,-0.682447,0.357791,0.096908,-0.0698779
-1.63666,0.120392,1.57649,1.35013,1.51967,-0.304747,0.0664461,0.754097,1.37787,-0.934046,1.76418,-0.763145,-0.996662,1.3918,-0.583807,0.611286,-0.472809,-0.768879,0.273586,0.206374
2.28621,0.599413,-1.76141,1.76847,0.842152,-0.969088,1.25386,1.09392,0.886399,-0.676892,1.47285,1.90184,-1.97465,0.10912,1.48823,1.43894,-1.3889,0.372916,-0.52371,-0.708714