1.87099,-2.32926,0.556738,-1.85737,0.685985,-0.942344,-1.38884,0.879677,0.668066,-0.231712,-0.370885,-0.983787,-1.70846,-0.711437,0.2579,0.559616,-1.2086,-0.669323,0.307151,0.0817805
-0.0631447,-1.03202,1.15238,0.591653,-0.497766,1.58388,1.03152,0.187001,-0.412045,1.748,1.62413,-0.885761,1.59271,-0.67852,0.338897,-0.517396,0.129722,-0.169551,1.01721,0.580964
-1.16342,-1.93364,-0.773114,-0.306681,0.307796,0.374804,-1.50097,-0.469169,-0.667989,-0.00936657,-0.802181,-1.357,-1.14337,-0.364956,-0.0640091,-0.129947,-0.485951,0.784142,-1.17578,0.61363
1.39279,0.420961,-0.278773,-0.725433,1.3679,0.148589,-0.658896,1.25789,0.0292006,0.190561,-1.03454,-0.0119453,-2.04426,-0.263221,1.57701,-1.04138,1.77859,-1.33692,-1.97786,1.35462
-2.08973,1.48062,-1.79113,0.81389,1.45536,-0.443844,-1.45384,-0.447382,0.198224,-1.94013,-2.49466,-0.532938,0.639542,-0.666164,0.861917,-1.47293,0.949466,1.63865,-1.46348,0.325374
-2.48769,-1.30459,0.485289,-0.283428,0.458328,-0.52156,-1.50361,-1.39604,-0.27619,-1.67418,-1.357,-0.782368,0.477447,0.699485,-1.31979,-0.553592,0.385461,-1.1947,0.275972,0.446217
1.01884,0.0760331,1.22403,-1.75191,0.883722,0.0875748,-1.98324,1.1002,0.348336,2.1248,-0.883237,0.630829,-0.564455,-0.447593,1.49376,1.19483,-1.03901,0.103332,-1.76659,0.0527983
-1.18203,1.58078,1.10463,0.373156,1.38944,-0.914828,1.00111,0.254381,0.378642,-0.768465,0.987086,1.63694,-0.562499,-0.0948664,-0.104605,-1.66655,-0.0556127,0.754848,0.963654,0.0739762
-2.1794,1.84104,-1.79233,-0.523482,1.86652,2.23584,-1.38489,0.00294681,0.966055,-1.19258,-0.281158,-0.322219,-0.906359,0.263201,0.0938752,-1.52032,0.405251,2.31581,-2.17305,1.40502
-1.16499,1.82422,1.6676,1.90891,0.841527,1.19616,1.44011,-2.14933,0.188763,1.12051,-1.16688,1.48072,0.405692,0.572047,-0.693351,-2.00568,-0.0523182,1.09828,1.76795,1.21588
-1.19137,1.05674,1.81075,-0.481722,1.48102,1.39717,-1.53124,1.29245,0.666726,1.09786,1.29725,0.690614,-1.2797,0.9424,-1.71448,0.495682,-0.10469,0.882918,0.73661,-0.113643
-1.86484,-1.1573,-0.0365289,0.505093,0.461333,1.01021,0.069125,-0.340181,0.0255451,-0.516586,0.0495058,-0.691402,0.71326,-0.110941,1.539,-1.01834,0.826103,-1.30708,-0.490242,1.49033
-0.994598,0.569516,-0.265034,-1.74467,-0.659146,-1.06994,-0.432798,1.71505,0.245834,-0.630068,-0.512817,0.735631,-0.801522,0.580813,-0.581762,1.78755,-0.682449,0.357703,0.0968904,-0.069975
-1.63668,0.12028,1.5765,1.35012,1.51974,-0.304662,0.0664418,0.754108,1.37796,-0.934522,1.76418,-0.763159,-0.997015,1.39195,-0.583739,0.611186,-0.472923,-0.768972,0.273565,0.206431
2.28639,0.599346,-1.76175,1.7685,0.843169,-0.969055,1.2539,1.09387,0.887479,-0.676874,1.47287,1.90182,-1.9747,0.109119,1.48824,1.43891,-1.3905,0.372808,-0.523728,-0.708852