1.87186,-2.32925,0.556687,-1.85762,0.686945,-0.94234,-1.38881,0.87965,0.669076,-0.231756,-0.370877,-0.983786,-1.70876,-0.711436,0.257854,0.559595,-1.21029,-0.669347,0.307078,0.0817024
-0.064226,-1.03206,1.15235,0.591662,-0.502835,1.58406,1.03165,0.187013,-0.417051,1.74804,1.62413,-0.885791,1.59314,-0.678523,0.338769,-0.517838,0.136367,-0.169771,1.01727,0.581004
-1.16339,-1.93374,-0.773101,-0.306675,0.307783,0.374749,-1.50097,-0.469183,-0.667983,-0.00941892,-0.802507,-1.35699,-1.1434,-0.36497,-0.0639436,-0.129944,-0.485947,0.784185,-1.17575,0.613614
1.39288,0.420941,-0.278896,-0.725476,1.36789,0.148682,-0.658771,1.25791,0.0292178,0.190685,-1.03485,-0.011914,-2.04426,-0.263598,1.57708,-1.04169,1.77932,-1.33693,-1.97785,1.35476
-2.08976,1.4808,-1.79145,0.813891,1.45533,-0.443919,-1.45383,-0.447362,0.198185,-1.94017,-2.49467,-0.532939,0.639532,-0.666149,0.862692,-1.47294,0.949452,1.63975,-1.46485,0.32536
-2.48771,-1.30611,0.485147,-0.283414,0.458283,-0.521509,-1.50365,-1.39599,-0.276272,-1.67421,-1.35701,-0.782403,0.477394,0.700498,-1.31976,-0.553692,0.385432,-1.19656,0.275925,0.446139
1.01884,0.0829144,1.22399,-1.75215,0.883748,0.0888675,-1.98321,1.10028,0.348437,2.1249,-0.883561,0.63094,-0.564925,-0.452661,1.49394,1.19474,-1.03896,0.110218,-1.76664,0.0526254
-1.182,1.58076,1.10467,0.373131,1.38944,-0.914808,1.00115,0.254379,0.37862,-0.768453,0.987057,1.63694,-0.562478,-0.0948922,-0.104661,-1.66663,-0.0556688,0.754809,0.963676,0.0739973
-2.17941,1.84183,-1.79233,-0.523567,1.86657,2.23584,-1.3849,0.00300023,0.96606,-1.19251,-0.281558,-0.322127,-0.906714,0.263208,0.0940015,-1.52041,0.405177,2.31597,-2.17303,1.40509
-1.16498,1.82422,1.66872,1.90965,0.841514,1.19622,1.4401,-2.14932,0.188729,1.12048,-1.16687,1.48071,0.405705,0.572021,-0.693419,-2.00583,-0.0523349,1.0983,1.76888,1.21612
-1.19132,1.05679,1.81186,-0.481706,1.481,1.3972,-1.53123,1.29246,0.666748,1.09782,1.29725,0.69063,-1.2797,0.942375,-1.71476,0.495683,-0.104707,0.883011,0.737478,-0.11365
-1.86488,-1.15722,-0.0374426,0.505066,0.4612,1.01022,0.0702405,-0.340156,0.0255897,-0.517116,0.0508589,-0.691368,0.713192,-0.110979,1.53941,-1.01849,0.826202,-1.30692,-0.495278,1.49058
-0.994595,0.569453,-0.265038,-1.74492,-0.659149,-1.06991,-0.432784,1.71506,0.245836,-0.630052,-0.512818,0.735652,-0.801836,0.580835,-0.581776,1.78752,-0.682451,0.357623,0.096875,-0.0700603
-1.6367,0.120178,1.5765,1.35011,1.5198,-0.30459,0.066438,0.754117,1.37804,-0.934899,1.76419,-0.76317,-0.997296,1.39208,-0.583677,0.611095,-0.473029,-0.769054,0.273541,0.206477
2.28652,0.599285,-1.76202,1.76852,0.843962,-0.969026,1.25393,1.09382,0.888324,-0.676861,1.47289,1.9018,-1.97474,0.10912,1.48825,1.43889,-1.3918,0.372713,-0.523745,-0.708976