1.35406,-2.53806,0.560161,-1.57095,0.3842,-1.06267,-1.4301,0.876824,0.322554,-0.238139,-0.395641,-1.06324,-1.62048,-0.741588,0.271643,0.619459,-0.72586,-0.769973,0.218536,0.0950909
-0.168177,-1.0884,1.08967,0.676015,-0.0754345,1.52922,1.04175,0.199468,0.00391322,1.87755,1.7326,-0.922188,1.39794,-0.637829,0.383778,-0.420812,-0.0840732,-0.18719,1.08559,0.627239
-1.14275,-1.87452,-0.833401,-0.228679,0.361119,0.458736,-1.6703,-0.478974,-0.731158,-0.0469949,-0.672793,-1.46443,-1.2219,-0.395879,-0.071065,-0.155159,-0.569188,0.612371,-1.16646,0.69338
1.18138,0.436848,-0.279651,-0.720403,1.50091,0.136496,-0.640131,1.37701,0.0609012,0.173364,-0.835712,0.0958144,-2.20959,-0.0444285,1.65243,-0.826436,1.33556,-1.36185,-2.14775,1.25285
-2.20527,1.28615,-1.84768,0.912049,1.50414,-0.409052,-1.57532,-0.451874,0.211153,-2.09536,-2.65269,-0.511918,0.625306,-0.714026,0.671884,-1.59582,0.904801,0.973714,-1.18252,0.394508
-2.66042,-0.929037,0.488882,-0.19639,0.468975,-0.53555,-1.59355,-1.45627,-0.308513,-1.74788,-1.41193,-0.88753,0.46192,0.413106,-1.42146,-0.632977,0.408783,-0.708966,0.278895,0.453602
1.12215,-0.110882,1.31141,-1.4165,0.911722,-0.00136107,-2.15173,1.12237,0.393824,2.21974,-0.661875,0.566428,-0.3859,-0.0324373,1.42797,1.28274,-0.925581,-0.12468,-1.90585,0.0279434
-1.17526,1.70457,0.972591,0.420465,1.48098,-0.917189,1.05495,0.289841,0.434878,-0.860225,1.05466,1.76361,-0.568169,-0.103922,-0.138835,-1.7425,-0.141317,0.7845,0.846311,0.0844588
-2.38841,1.38484,-1.96052,-0.478922,1.96625,2.3622,-1.48772,0.129944,1.00638,-1.18738,-0.083131,-0.237752,-0.706226,0.300375,0.030704,-1.5346,0.45428,2.35239,-2.33,1.28998
-1.27977,1.90659,1.00695,1.41488,0.945573,1.21928,1.5727,-2.33475,0.162599,1.17767,-1.22841,1.57331,0.439836,0.594903,-0.709128,-1.99616,-0.0612771,1.03406,1.25843,1.19487
-1.19788,0.95556,1.1107,-0.428951,1.59822,1.47659,-1.58293,1.35901,0.743088,1.1708,1.40209,0.766216,-1.36784,1.03374,-1.54154,0.512448,-0.155591,0.768578,0.446215,-0.138465
-1.94395,-1.1369,-0.115786,0.580768,0.513193,1.12946,-0.0221063,-0.324148,-0.0434324,-0.334088,-0.0461388,-0.677594,0.732219,-0.144825,1.34483,-0.880441,0.70625,-1.22873,-0.113275,1.40579
-1.06101,0.587027,-0.130459,-1.41497,-0.671996,-1.15553,-0.474102,1.81822,0.259905,-0.680423,-0.473756,0.726184,-0.678508,0.574787,-0.614075,1.93718,-0.729886,0.358636,0.097828,-0.10902
-1.78112,0.173427,1.67494,1.4678,1.49892,-0.247528,0.0667846,0.797561,1.34192,-0.655597,1.94641,-0.76381,-0.869356,1.34491,-0.601448,0.686148,-0.508347,-0.826163,0.307577,0.176091
2.36971,0.603643,-1.46499,1.856,0.598241,-1.0056,1.28969,1.21355,0.691389,-0.736106,1.5428,2.04129,-2.12774,0.0912075,1.62927,1.55519,-1.08563,0.393053,-0.574243,-0.738458