1.87252,-2.32925,0.556639,-1.85783,0.687694,-0.942336,-1.3888,0.879624,0.669868,-0.231791,-0.370872,-0.983785,-1.70901,-0.711435,0.257815,0.559577,-1.21168,-0.669369,0.307014,0.0816334
-0.0653176,-1.03209,1.15232,0.59167,-0.507095,1.58422,1.03176,0.187027,-0.421264,1.74808,1.62414,-0.885815,1.59351,-0.678525,0.33866,-0.518239,0.142329,-0.169971,1.01731,0.58104
-1.16337,-1.93382,-0.773091,-0.306665,0.307773,0.374699,-1.50097,-0.469194,-0.667979,-0.00946445,-0.802799,-1.35698,-1.14342,-0.364981,-0.0638901,-0.129943,-0.485945,0.784218,-1.17572,0.613599
1.39295,0.420926,-0.279006,-0.725511,1.36788,0.14876,-0.658667,1.25792,0.0292256,0.190789,-1.0351,-0.0118904,-2.04425,-0.263931,1.57713,-1.04194,1.77981,-1.33693,-1.97785,1.35488
-2.08978,1.48094,-1.79171,0.813895,1.4553,-0.443987,-1.45383,-0.447344,0.19815,-1.94021,-2.49468,-0.532942,0.639524,-0.666136,0.863299,-1.47294,0.949438,1.64051,-1.46598,0.325349
-2.48773,-1.30734,0.485025,-0.283396,0.45824,-0.52146,-1.50369,-1.39596,-0.276345,-1.67424,-1.35701,-0.782435,0.477347,0.701295,-1.31973,-0.553777,0.38541,-1.1981,0.275881,0.446076
1.01883,0.0891036,1.22395,-1.75235,0.883768,0.0900122,-1.98318,1.10033,0.348522,2.12497,-0.883817,0.631032,-0.565347,-0.456918,1.49409,1.19467,-1.03892,0.116405,-1.76668,0.0524761
-1.18197,1.58074,1.10469,0.373109,1.38944,-0.91479,1.00117,0.254381,0.378602,-0.768442,0.987031,1.63694,-0.562459,-0.0949132,-0.104707,-1.66671,-0.0557172,0.754777,0.963694,0.0740135
-2.17942,1.84239,-1.79234,-0.523638,1.86661,2.23584,-1.3849,0.00304364,0.966064,-1.19244,-0.281912,-0.322051,-0.906999,0.263212,0.0941098,-1.52049,0.405114,2.31608,-2.17301,1.40514
-1.16497,1.82422,1.66952,1.9102,0.841505,1.19627,1.44008,-2.14932,0.188701,1.12046,-1.16687,1.48071,0.405717,0.571999,-0.69348,-2.00595,-0.0523505,1.09831,1.76952,1.21632
-1.19127,1.05683,1.81271,-0.481689,1.48098,1.39722,-1.53122,1.29246,0.666767,1.0978,1.29726,0.690643,-1.27969,0.942354,-1.71499,0.495681,-0.104722,0.883087,0.738157,-0.113654
-1.86492,-1.15716,-0.0383787,0.505044,0.461086,1.01022,0.0712396,-0.340134,0.0256266,-0.517591,0.052057,-0.691339,0.713135,-0.111008,1.53977,-1.01861,0.826288,-1.30678,-0.499509,1.49079
-0.994594,0.569397,-0.265036,-1.74513,-0.659153,-1.06989,-0.432772,1.71506,0.245837,-0.630039,-0.51282,0.735668,-0.802114,0.580853,-0.581788,1.7875,-0.682451,0.357551,0.0968619,-0.0701351
-1.63671,0.120088,1.57651,1.35011,1.51985,-0.304532,0.0664347,0.754127,1.37811,-0.9352,1.76419,-0.763179,-0.997522,1.39219,-0.583622,0.611013,-0.473127,-0.769128,0.273516,0.206515
2.28663,0.599229,-1.76225,1.76854,0.84458,-0.969,1.25395,1.09379,0.888988,-0.676853,1.4729,1.90179,-1.97477,0.109121,1.48825,1.43887,-1.39288,0.372628,-0.523762,-0.709088