1.87304,-2.32924,0.556596,-1.858,0.688279,-0.942333,-1.38878,0.8796,0.670492,-0.231821,-0.370869,-0.983784,-1.70922,-0.711434,0.257782,0.55956,-1.21281,-0.669388,0.306959,0.0815723
-0.0663969,-1.0321,1.1523,0.591677,-0.510677,1.58435,1.03184,0.187042,-0.42481,1.74811,1.62414,-0.885833,1.59382,-0.678528,0.338568,-0.518602,0.147672,-0.17015,1.01735,0.581072
-1.16334,-1.93389,-0.773083,-0.306654,0.307766,0.374654,-1.50097,-0.469203,-0.667975,-0.00950416,-0.803061,-1.35698,-1.14343,-0.364991,-0.0638463,-0.129943,-0.485944,0.784246,-1.1757,0.613586
1.393,0.420916,-0.279105,-0.725538,1.36786,0.148827,-0.658581,1.25793,0.0292267,0.190875,-1.0353,-0.0118734,-2.04424,-0.264226,1.57718,-1.04214,1.78014,-1.33694,-1.97785,1.35498
-2.0898,1.48105,-1.79193,0.8139,1.45527,-0.444048,-1.45383,-0.447328,0.198118,-1.94024,-2.49468,-0.532945,0.639517,-0.666127,0.863777,-1.47295,0.949424,1.64105,-1.46692,0.325342
-2.48774,-1.30835,0.48492,-0.283378,0.458201,-0.521415,-1.50372,-1.39593,-0.276408,-1.67428,-1.357,-0.782463,0.477305,0.701924,-1.3197,-0.553851,0.385393,-1.19937,0.275842,0.446024
1.01883,0.094662,1.22392,-1.75251,0.883785,0.0910325,-1.98316,1.10038,0.348594,2.12504,-0.884022,0.63111,-0.565726,-0.460495,1.49422,1.19461,-1.03888,0.121956,-1.76671,0.0523473
-1.18194,1.58072,1.1047,0.373091,1.38944,-0.914775,1.00119,0.254386,0.378587,-0.768433,0.987008,1.63694,-0.562444,-0.0949304,-0.104745,-1.66677,-0.0557585,0.75475,0.963708,0.0740258
-2.17943,1.84277,-1.79234,-0.523697,1.86665,2.23584,-1.38491,0.00307819,0.966068,-1.19238,-0.282228,-0.321987,-0.907231,0.263213,0.0942032,-1.52055,0.40506,2.31615,-2.17299,1.40519
-1.16496,1.82422,1.67008,1.91062,0.841498,1.19631,1.44008,-2.14931,0.188679,1.12044,-1.16687,1.4807,0.405727,0.57198,-0.693535,-2.00605,-0.0523648,1.09831,1.76997,1.21647
-1.19122,1.05685,1.81337,-0.481671,1.48097,1.39723,-1.5312,1.29246,0.666784,1.09778,1.29726,0.690653,-1.27969,0.942337,-1.71519,0.495677,-0.104735,0.883151,0.738689,-0.113657
-1.86495,-1.1571,-0.0393149,0.505028,0.460988,1.01023,0.0721405,-0.340116,0.0256565,-0.518017,0.0531249,-0.691313,0.713087,-0.111029,1.54007,-1.01869,0.826365,-1.30666,-0.503066,1.49097
-0.994593,0.569346,-0.265031,-1.7453,-0.659157,-1.06987,-0.432762,1.71507,0.245838,-0.630028,-0.512823,0.735681,-0.802362,0.580867,-0.5818,1.78749,-0.682452,0.357488,0.096851,-0.0702006
-1.63672,0.120007,1.57651,1.3501,1.5199,-0.304484,0.0664318,0.754135,1.37817,-0.935443,1.7642,-0.763187,-0.997705,1.39228,-0.583572,0.610938,-0.473216,-0.769194,0.273491,0.206546
2.28671,0.59918,-1.76244,1.76856,0.845064,-0.968977,1.25397,1.09376,0.889512,-0.676847,1.47292,1.90178,-1.9748,0.109122,1.48826,1.43886,-1.39376,0.372554,-0.523777,-0.709189