1.50511,-2.37178,0.551973,-1.68687,0.459254,-0.960407,-1.38367,0.88276,0.432648,-0.226589,-0.385633,-0.981123,-1.65156,-0.70959,0.263797,0.576538,-0.871091,-0.686327,0.273025,0.0918366
-0.142938,-1.0517,1.10725,0.623461,-0.136936,1.54855,1.02327,0.194846,-0.0542566,1.76628,1.64538,-0.885967,1.47455,-0.650174,0.358576,-0.446018,-0.0681121,-0.170581,1.02069,0.596139
-1.1441,-1.86511,-0.786344,-0.269034,0.317638,0.400698,-1.53314,-0.478305,-0.688721,-0.0198006,-0.702648,-1.37963,-1.15621,-0.367762,-0.0710313,-0.145384,-0.525869,0.696971,-1.1598,0.622987
1.2655,0.431512,-0.281212,-0.72641,1.38324,0.138705,-0.636359,1.27569,0.0380241,0.176948,-0.90274,0.0355303,-2.07045,-0.13038,1.5846,-0.904302,1.4526,-1.34241,-2.00383,1.31038
-2.08639,1.35708,-1.76052,0.840495,1.45802,-0.434534,-1.47091,-0.451916,0.202504,-1.95496,-2.51331,-0.530213,0.638964,-0.671403,0.705166,-1.49862,0.911337,1.16322,-1.24076,0.345763
-2.49573,-1.02557,0.497675,-0.231769,0.454158,-0.531055,-1.52099,-1.41035,-0.281749,-1.6742,-1.35355,-0.81137,0.471818,0.475117,-1.32535,-0.568659,0.415559,-0.84692,0.266382,0.460289
1.03833,-0.122998,1.23738,-1.55421,0.881176,0.00464892,-2.01259,1.10803,0.354523,2.12072,-0.741637,0.610321,-0.441765,-0.0895506,1.45582,1.22557,-0.991784,-0.11315,-1.78505,0.0541062
-1.17188,1.59797,1.02987,0.392485,1.39964,-0.918493,0.997871,0.272081,0.391285,-0.798777,1.01137,1.65092,-0.567183,-0.0961618,-0.107185,-1.66474,-0.0924209,0.753695,0.900911,0.0741308
-2.21039,1.49853,-1.80888,-0.500938,1.87146,2.24342,-1.39196,0.0633982,0.975437,-1.18571,-0.164971,-0.280223,-0.770516,0.267802,0.0675219,-1.48208,0.42622,2.26957,-2.19349,1.35588
-1.18253,1.81655,1.20064,1.55672,0.86581,1.20508,1.47028,-2.18155,0.192881,1.14676,-1.17095,1.49113,0.402325,0.57543,-0.699467,-1.98017,-0.0551882,1.05806,1.38136,1.1697
-1.1831,0.996863,1.3275,-0.457735,1.49699,1.40938,-1.53051,1.29296,0.678204,1.11236,1.30426,0.701459,-1.29689,0.962895,-1.63043,0.48304,-0.131327,0.819182,0.528744,-0.121198
-1.86413,-1.14848,-0.0898758,0.507002,0.483198,1.03096,-0.000167503,-0.326984,0.00620409,-0.405438,-0.0339092,-0.660001,0.738642,-0.115593,1.42877,-0.917215,0.753307,-1.28129,-0.152613,1.44218
-1.00702,0.567931,-0.206281,-1.55017,-0.661528,-1.09776,-0.451525,1.72563,0.243562,-0.648761,-0.506672,0.733229,-0.709544,0.575078,-0.594527,1.82017,-0.687691,0.356377,0.0982026,-0.0788759
-1.65956,0.137071,1.57744,1.36927,1.50126,-0.27359,0.070346,0.753056,1.35584,-0.763255,1.79521,-0.762498,-0.901063,1.36157,-0.592873,0.63361,-0.493366,-0.790202,0.285606,0.187776
2.25084,0.593648,-1.57329,1.77707,0.657193,-0.986542,1.26537,1.14225,0.720583,-0.703809,1.48147,1.92315,-1.99381,0.10999,1.5149,1.46193,-1.15538,0.381375,-0.533138,-0.718671