1.61159,-2.34078,0.550475,-1.74894,0.515654,-0.944868,-1.38535,0.883205,0.49529,-0.226873,-0.378853,-0.978294,-1.6684,-0.710067,0.260775,0.564283,-0.963104,-0.674019,0.293373,0.08764
-0.118279,-1.03681,1.12524,0.605578,-0.192952,1.56056,1.02123,0.192969,-0.109419,1.74542,1.6302,-0.883416,1.51957,-0.661594,0.350241,-0.465945,-0.0548431,-0.164523,1.0114,0.587647
-1.15082,-1.88215,-0.777884,-0.287003,0.30959,0.383388,-1.50835,-0.473475,-0.675727,-0.0108777,-0.734446,-1.36546,-1.14599,-0.36317,-0.069839,-0.1374,-0.504118,0.735126,-1.16507,0.612679
1.31351,0.426301,-0.279316,-0.724503,1.3675,0.140128,-0.644988,1.26099,0.0294293,0.180347,-0.945096,0.0115099,-2.05052,-0.180307,1.57579,-0.950616,1.53659,-1.33451,-1.98461,1.33121
-2.07943,1.39924,-1.75696,0.825021,1.45612,-0.441046,-1.45576,-0.449781,0.199639,-1.93796,-2.49652,-0.534584,0.639949,-0.666701,0.738254,-1.48221,0.9235,1.29528,-1.29079,0.331759
-2.47484,-1.09654,0.495884,-0.253704,0.454229,-0.527713,-1.51019,-1.40464,-0.276428,-1.673,-1.35145,-0.789476,0.477335,0.529227,-1.31752,-0.551594,0.401232,-0.938343,0.267767,0.459249
1.02529,-0.114178,1.22768,-1.63148,0.881603,0.0168,-1.99016,1.10162,0.344956,2.11367,-0.789339,0.621903,-0.483086,-0.141995,1.46931,1.20697,-1.01804,-0.0955255,-1.76815,0.0595563
-1.17255,1.58465,1.06071,0.381168,1.38946,-0.917297,0.995058,0.263306,0.381709,-0.77796,0.995376,1.63693,-0.565058,-0.0939329,-0.101747,-1.65674,-0.0700344,0.753409,0.927566,0.0716971
-2.18254,1.58918,-1.78925,-0.511373,1.86201,2.23364,-1.38519,0.0330868,0.967642,-1.18737,-0.208209,-0.298604,-0.813841,0.261784,0.0797218,-1.48986,0.41659,2.27058,-2.17513,1.38206
-1.16714,1.81228,1.32824,1.65775,0.849253,1.19776,1.44974,-2.1571,0.193921,1.13129,-1.16582,1.48422,0.402872,0.573531,-0.695577,-1.98214,-0.0547295,1.07242,1.48091,1.17644
-1.18304,1.01964,1.4705,-0.46816,1.48493,1.39961,-1.52834,1.29033,0.667824,1.105,1.29618,0.692655,-1.28564,0.949316,-1.66405,0.487427,-0.118174,0.844881,0.582498,-0.116874
-1.8573,-1.15163,-0.07458,0.502121,0.473455,1.01503,0.0124776,-0.330034,0.0191359,-0.442697,-0.0212122,-0.667777,0.728742,-0.108364,1.4707,-0.949027,0.782138,-1.29745,-0.194748,1.45959
-0.998782,0.564056,-0.235881,-1.62269,-0.662223,-1.07977,-0.441303,1.71449,0.243025,-0.637141,-0.512859,0.734108,-0.7361,0.578551,-0.586756,1.79821,-0.680411,0.355202,0.097067,-0.0700657
-1.64056,0.126297,1.56782,1.353,1.50636,-0.287525,0.0678839,0.75201,1.36346,-0.822592,1.76939,-0.763663,-0.928842,1.37294,-0.587143,0.623657,-0.483097,-0.777067,0.277062,0.194953
2.24874,0.592312,-1.64208,1.76729,0.704846,-0.976513,1.2559,1.11488,0.755762,-0.688526,1.47404,1.90727,-1.97457,0.111588,1.49516,1.44799,-1.21123,0.376306,-0.526524,-0.710932