1.68671,-2.33357,0.551581,-1.78726,0.5581,-0.942628,-1.38752,0.882329,0.538876,-0.227923,-0.375195,-0.980494,-1.67968,-0.710959,0.259939,0.561013,-1.02664,-0.671586,0.301356,0.0856469
-0.0995858,-1.03146,1.13659,0.598383,-0.241247,1.56837,1.02254,0.19105,-0.158195,1.74189,1.62678,-0.883378,1.54648,-0.668698,0.346795,-0.481285,-0.0396402,-0.163355,1.01146,0.584694
-1.1558,-1.89883,-0.77551,-0.295802,0.308213,0.378254,-1.50305,-0.471272,-0.671411,-0.00818981,-0.757362,-1.36152,-1.14378,-0.363005,-0.0687148,-0.133502,-0.494554,0.75538,-1.16922,0.612005
1.34256,0.423548,-0.277844,-0.723499,1.36621,0.141935,-0.651901,1.25818,0.0268314,0.182333,-0.973551,0.000329048,-2.04646,-0.209857,1.57465,-0.979951,1.60011,-1.33325,-1.98147,1.3408
-2.08243,1.42648,-1.76305,0.819895,1.4564,-0.442628,-1.45358,-0.448445,0.198986,-1.93675,-2.49462,-0.5346,0.639528,-0.666341,0.766794,-1.47732,0.933045,1.38916,-1.33079,0.327717
-2.47596,-1.14827,0.493276,-0.266546,0.455699,-0.525391,-1.50674,-1.40256,-0.276117,-1.67509,-1.35242,-0.783494,0.478824,0.570874,-1.31829,-0.548357,0.393052,-1.00369,0.270279,0.456388
1.02223,-0.0982865,1.22597,-1.67666,0.88235,0.028695,-1.98619,1.09926,0.343259,2.11604,-0.819689,0.625062,-0.510392,-0.189496,1.47723,1.20053,-1.02897,-0.0760391,-1.76542,0.0597344
-1.17516,1.58224,1.07803,0.376555,1.38862,-0.916409,0.996811,0.259487,0.379625,-0.771428,0.989957,1.63581,-0.563882,-0.0935735,-0.101366,-1.65798,-0.0611685,0.754817,0.942302,0.0717089
-2.17825,1.65693,-1.78821,-0.516031,1.86216,2.23405,-1.38531,0.0183965,0.965809,-1.18921,-0.233524,-0.309092,-0.842923,0.261054,0.0848479,-1.49949,0.412,2.28012,-2.17287,1.39298
-1.16484,1.81593,1.41957,1.7304,0.845053,1.19517,1.44445,-2.15222,0.192487,1.12522,-1.16591,1.4829,0.404184,0.57329,-0.6941,-1.98742,-0.0541277,1.08196,1.55708,1.18543
-1.18563,1.03341,1.56981,-0.473654,1.48307,1.39726,-1.52926,1.29134,0.666327,1.10321,1.29598,0.690946,-1.28284,0.945909,-1.68101,0.490999,-0.11161,0.859154,0.62142,-0.115232
-1.85921,-1.15446,-0.0630553,0.503984,0.469539,1.01153,0.0220744,-0.333283,0.0226777,-0.46582,-0.00965616,-0.676507,0.722101,-0.107495,1.49488,-0.971705,0.799483,-1.30382,-0.237607,1.46942
-0.996609,0.564882,-0.249222,-1.66682,-0.661692,-1.0739,-0.43703,1.71351,0.24406,-0.632994,-0.513455,0.734545,-0.756533,0.579628,-0.583428,1.79261,-0.680304,0.356009,0.096604,-0.0680253
-1.63722,0.123208,1.56987,1.35046,1.51089,-0.29562,0.066918,0.753125,1.36853,-0.859416,1.76485,-0.763512,-0.949284,1.37976,-0.584828,0.619338,-0.477521,-0.771795,0.274082,0.198978
2.25797,0.594109,-1.68522,1.76621,0.739883,-0.972572,1.25292,1.10402,0.786019,-0.68245,1.47317,1.90434,-1.97215,0.110457,1.4906,1.4444,-1.25499,0.374749,-0.525046,-0.70827