1.73992,-2.33138,0.553157,-1.81173,0.59001,-0.94235,-1.38848,0.88151,0.571062,-0.22879,-0.373375,-0.981951,-1.68749,-0.711229,0.259606,0.560142,-1.07238,-0.670638,0.304849,0.0846329
-0.0860172,-1.02978,1.14332,0.595121,-0.283339,1.57332,1.02416,0.1896,-0.200609,1.7422,1.62566,-0.883654,1.56257,-0.672845,0.344939,-0.492114,-0.022837,-0.163768,1.0128,0.583111
-1.15894,-1.91087,-0.774515,-0.300453,0.30806,0.376612,-1.50164,-0.470179,-0.669741,-0.00764009,-0.772512,-1.35978,-1.14306,-0.363529,-0.0677858,-0.131711,-0.490306,0.766881,-1.17188,0.612534
1.3606,0.422343,-0.277086,-0.723347,1.36671,0.143481,-0.656185,1.25744,0.0264057,0.183837,-0.992659,-0.00548345,-2.04518,-0.227982,1.57469,-0.999229,1.64778,-1.33393,-1.98044,1.34578
-2.08503,1.44437,-1.76914,0.817474,1.4564,-0.44294,-1.45344,-0.44787,0.198869,-1.93741,-2.49451,-0.534018,0.639302,-0.666468,0.789575,-1.47522,0.939433,1.45712,-1.362,0.326536
-2.47938,-1.18653,0.491323,-0.273825,0.45687,-0.523961,-1.50507,-1.40112,-0.276182,-1.67565,-1.35346,-0.781916,0.47896,0.602566,-1.31917,-0.548559,0.389298,-1.05149,0.272324,0.453745
1.02099,-0.0802651,1.22549,-1.704,0.882641,0.0390632,-1.98533,1.09847,0.343584,2.11846,-0.839615,0.626316,-0.528112,-0.231736,1.48221,1.19813,-1.03402,-0.0562762,-1.76501,0.0588309
-1.17761,1.58154,1.0882,0.374715,1.38879,-0.915872,0.998154,0.257619,0.379188,-0.769415,0.988191,1.63613,-0.563342,-0.0936835,-0.101774,-1.66021,-0.0575889,0.755546,0.950822,0.0721444
-2.17786,1.70689,-1.78931,-0.518338,1.86316,2.23481,-1.3854,0.0108474,0.965515,-1.19058,-0.249218,-0.315408,-0.862484,0.261403,0.0874696,-1.50618,0.409677,2.28892,-2.17282,1.39801
-1.16466,1.81897,1.48644,1.78234,0.843614,1.19444,1.44258,-2.15088,0.191382,1.12285,-1.16627,1.48218,0.404796,0.573124,-0.693423,-1.99218,-0.0535305,1.08814,1.61389,1.19286
-1.18798,1.04188,1.63976,-0.476929,1.4825,1.39659,-1.52999,1.29194,0.66624,1.10206,1.29625,0.690489,-1.28171,0.944615,-1.69114,0.492874,-0.108325,0.867659,0.650362,-0.114446
-1.8612,-1.15648,-0.0541341,0.505202,0.467458,1.01043,0.0301123,-0.335923,0.0238932,-0.481162,0.000361309,-0.682636,0.718541,-0.107885,1.50953,-0.986952,0.809778,-1.30668,-0.277701,1.47545
-0.99576,0.566506,-0.255945,-1.69452,-0.660884,-1.07181,-0.435137,1.7137,0.244741,-0.631477,-0.513225,0.734795,-0.770998,0.579931,-0.582125,1.7906,-0.681069,0.356946,0.0965822,-0.0677599
-1.63649,0.122307,1.57228,1.35015,1.51397,-0.300291,0.066593,0.753679,1.37171,-0.883336,1.76406,-0.763203,-0.963598,1.38371,-0.584116,0.616719,-0.474652,-0.769541,0.2732,0.201388
2.26592,0.596116,-1.71233,1.76643,0.765803,-0.970957,1.25225,1.09939,0.81007,-0.679922,1.47303,1.9034,-1.97231,0.109661,1.48917,1.44269,-1.28836,0.3743,-0.524476,-0.707409