1.77772,-2.33051,0.554499,-1.82745,0.614052,-0.942342,-1.38889,0.880942,0.595233,-0.229456,-0.372423,-0.982742,-1.69297,-0.711308,0.259368,0.559917,-1.10611,-0.670057,0.306498,0.0840124
-0.0763624,-1.02948,1.14726,0.593492,-0.320038,1.57643,1.0256,0.188638,-0.237238,1.74331,1.62511,-0.884008,1.57229,-0.675256,0.343697,-0.499478,-0.00542947,-0.164551,1.01399,0.582103
-1.16086,-1.91885,-0.77401,-0.303045,0.308082,0.37602,-1.50117,-0.469583,-0.668979,-0.00774327,-0.782316,-1.3588,-1.1428,-0.363984,-0.067031,-0.130884,-0.488308,0.773614,-1.17353,0.613015
1.37198,0.421839,-0.276819,-0.723548,1.3672,0.144657,-0.658583,1.25723,0.026698,0.185122,-1.00552,-0.00867245,-2.04468,-0.23943,1.57497,-1.01215,1.68328,-1.33485,-1.97977,1.34856
-2.08672,1.45621,-1.77413,0.816095,1.45628,-0.442966,-1.45356,-0.447666,0.198837,-1.93809,-2.49457,-0.533579,0.639292,-0.666556,0.807224,-1.47417,0.943466,1.50678,-1.38609,0.326153
-2.48214,-1.21518,0.489973,-0.277936,0.457629,-0.523128,-1.50418,-1.39997,-0.276066,-1.67546,-1.35439,-0.781577,0.478766,0.626629,-1.31966,-0.549444,0.387606,-1.08688,0.273794,0.451701
1.02028,-0.0619937,1.22524,-1.72093,0.882809,0.0478253,-1.98497,1.09831,0.34433,2.12018,-0.852946,0.627116,-0.539624,-0.268765,1.48544,1.19712,-1.03659,-0.0370011,-1.7651,0.057851
-1.17937,1.58128,1.09435,0.373995,1.38897,-0.915559,0.999003,0.256549,0.379095,-0.768822,0.987637,1.63645,-0.563095,-0.0938721,-0.102261,-1.66204,-0.056073,0.755785,0.955863,0.0725598
-2.1781,1.74361,-1.7903,-0.519678,1.864,2.23526,-1.3853,0.00680753,0.965568,-1.19152,-0.259263,-0.319122,-0.875721,0.261862,0.0890487,-1.51061,0.408396,2.29593,-2.17301,1.4006
-1.16477,1.82094,1.53566,1.81932,0.842931,1.19438,1.4417,-2.15032,0.190663,1.12186,-1.16652,1.48171,0.405091,0.572952,-0.693061,-1.9958,-0.0530695,1.09204,1.65587,1.19856
-1.18961,1.04715,1.6893,-0.478908,1.48214,1.39643,-1.53048,1.29222,0.666323,1.1011,1.29648,0.69035,-1.28108,0.943934,-1.69773,0.493898,-0.106621,0.872923,0.672065,-0.114025
-1.8625,-1.15765,-0.0473461,0.505673,0.466098,1.01004,0.0369491,-0.337762,0.0244066,-0.491532,0.00892853,-0.686485,0.716663,-0.108437,1.51864,-0.997076,0.815906,-1.308,-0.31363,1.47939
-0.995334,0.567851,-0.25962,-1.71208,-0.660244,-1.07098,-0.434214,1.71398,0.245126,-0.630885,-0.513026,0.734943,-0.780793,0.580063,-0.581675,1.78961,-0.681644,0.35761,0.0967026,-0.0679313
-1.6363,0.121995,1.57391,1.35017,1.51591,-0.302909,0.0664865,0.753901,1.37367,-0.899211,1.76396,-0.763021,-0.973486,1.38609,-0.584007,0.615035,-0.473204,-0.768563,0.273062,0.202918
2.27175,0.59761,-1.72948,1.76684,0.785178,-0.970225,1.2523,1.09723,0.828747,-0.67874,1.47293,1.90292,-1.9728,0.109304,1.48861,1.44159,-1.31353,0.374155,-0.524139,-0.707184