1.80464,-2.33007,0.555475,-1.83758,0.632208,-0.942359,-1.38906,0.880569,0.613491,-0.229972,-0.371881,-0.983176,-1.69688,-0.711346,0.25915,0.559862,-1.13134,-0.669676,0.307292,0.0835742
-0.0696401,-1.02968,1.14956,0.592628,-0.351849,1.57843,1.0268,0.188024,-0.268724,1.74443,1.62477,-0.884356,1.57831,-0.676661,0.342751,-0.504447,0.0117885,-0.165336,1.01488,0.581463
-1.162,-1.924,-0.773729,-0.304536,0.308093,0.375758,-1.50101,-0.469261,-0.668585,-0.00799716,-0.788649,-1.3582,-1.14274,-0.36429,-0.0664142,-0.130485,-0.487298,0.777635,-1.17454,0.613331
1.37925,0.42161,-0.276831,-0.723849,1.36753,0.145541,-0.659797,1.25721,0.0271754,0.18622,-1.01424,-0.0104398,-2.04446,-0.246826,1.57528,-1.02093,1.70957,-1.33558,-1.97925,1.35024
-2.08778,1.46408,-1.77807,0.815253,1.45614,-0.442964,-1.45367,-0.447604,0.1988,-1.93861,-2.49461,-0.533317,0.639367,-0.66657,0.82075,-1.4736,0.945942,1.54319,-1.40459,0.325982
-2.48404,-1.23684,0.489007,-0.280277,0.458085,-0.522643,-1.50372,-1.39905,-0.275877,-1.67509,-1.35515,-0.781593,0.478538,0.644884,-1.3199,-0.550323,0.386807,-1.11333,0.274787,0.450205
1.01982,-0.0442587,1.22504,-1.73161,0.882952,0.0551702,-1.98468,1.09842,0.345079,2.12137,-0.861999,0.627762,-0.547155,-0.300877,1.4876,1.1966,-1.03796,-0.0186063,-1.7653,0.0569856
-1.18052,1.58117,1.09815,0.373707,1.3891,-0.915372,0.999565,0.255863,0.379059,-0.768663,0.98747,1.63665,-0.562967,-0.0940511,-0.102708,-1.66336,-0.0554181,0.755787,0.95889,0.0728918
-2.17839,1.77059,-1.79099,-0.520573,1.86463,2.23551,-1.38516,0.00462149,0.965678,-1.19214,-0.26583,-0.321208,-0.884765,0.262238,0.0901263,-1.51356,0.407603,2.30129,-2.17315,1.40205
-1.16489,1.82217,1.57192,1.84561,0.842522,1.19455,1.4412,-2.15,0.190182,1.1214,-1.16667,1.48139,0.405255,0.572791,-0.692867,-1.99845,-0.052747,1.09446,1.68679,1.20288
-1.19062,1.05048,1.7245,-0.480095,1.48188,1.39647,-1.53079,1.29235,0.666393,1.10032,1.29668,0.690319,-1.28066,0.94351,-1.70224,0.49451,-0.105701,0.87626,0.688405,-0.113793
-1.86328,-1.15822,-0.0423258,0.505781,0.465105,1.00991,0.0427478,-0.338932,0.024658,-0.498595,0.0162194,-0.68879,0.71562,-0.108947,1.52446,-1.00383,0.819595,-1.30857,-0.345104,1.4821
-0.995082,0.568765,-0.261741,-1.72328,-0.659812,-1.07061,-0.433717,1.71423,0.245362,-0.630623,-0.512925,0.73505,-0.787308,0.580171,-0.581554,1.78901,-0.681987,0.358013,0.0968298,-0.0681975
-1.63627,0.121818,1.57491,1.35021,1.51712,-0.30431,0.0664574,0.753987,1.3749,-0.909908,1.76397,-0.762952,-0.980325,1.38762,-0.584071,0.613932,-0.4725,-0.768168,0.273153,0.203933
2.27594,0.598579,-1.74042,1.76722,0.799759,-0.969854,1.25255,1.0961,0.843132,-0.678106,1.47284,1.90262,-1.97324,0.109171,1.48837,1.44081,-1.33248,0.374073,-0.523918,-0.707196