1.82386,-2.3298,0.556127,-1.84414,0.645947,-0.942371,-1.38912,0.88032,0.627327,-0.230374,-0.371549,-0.983423,-1.69974,-0.711372,0.258944,0.559845,-1.1504,-0.669439,0.307654,0.0832357
-0.0651046,-1.03005,1.1509,0.592155,-0.379234,1.57977,1.02779,0.187632,-0.295679,1.74537,1.62454,-0.884663,1.58218,-0.677478,0.341986,-0.507835,0.0283165,-0.166032,1.01551,0.581077
-1.16268,-1.92731,-0.773559,-0.305413,0.308076,0.375602,-1.50095,-0.469099,-0.668364,-0.0082526,-0.792772,-1.35781,-1.14278,-0.364488,-0.0659077,-0.13028,-0.486751,0.780076,-1.17515,0.61352
1.38394,0.421481,-0.276986,-0.724151,1.36773,0.146217,-0.660309,1.25728,0.027647,0.187139,-1.02023,-0.0113967,-2.04437,-0.251699,1.57558,-1.02697,1.72898,-1.33608,-1.97885,1.35133
-2.08845,1.46936,-1.78114,0.814728,1.45601,-0.442995,-1.45374,-0.447584,0.198749,-1.93898,-2.49463,-0.533166,0.639452,-0.666536,0.831083,-1.47329,0.94744,1.56993,-1.41879,0.325865
-2.48531,-1.25334,0.488275,-0.281627,0.458344,-0.522352,-1.50347,-1.39831,-0.275719,-1.67474,-1.35574,-0.7817,0.47834,0.658734,-1.32002,-0.551052,0.386394,-1.13329,0.275423,0.449125
1.01952,-0.0274166,1.22487,-1.73844,0.883085,0.0613216,-1.98441,1.09863,0.345732,2.12222,-0.868232,0.628318,-0.552145,-0.328495,1.48912,1.19627,-1.0387,-0.00129587,-1.76552,0.0562444
-1.18122,1.5811,1.10053,0.373578,1.3892,-0.91525,0.999962,0.255395,0.379021,-0.768624,0.987413,1.63677,-0.562885,-0.0942065,-0.103092,-1.66427,-0.0551516,0.75569,0.960727,0.07315
-2.17864,1.79039,-1.79145,-0.521227,1.86509,2.23565,-1.38505,0.00346278,0.965778,-1.19252,-0.270208,-0.3223,-0.89102,0.262518,0.0909268,-1.51557,0.407059,2.30532,-2.17323,1.40293
-1.16496,1.82294,1.59862,1.8643,0.842244,1.19478,1.44087,-2.14979,0.18984,1.12116,-1.16676,1.48118,0.405361,0.572649,-0.692782,-2.00037,-0.0525336,1.09595,1.70954,1.20615
-1.19119,1.05262,1.74959,-0.480803,1.48167,1.39656,-1.531,1.2924,0.66644,1.09969,1.29683,0.690332,-1.28037,0.943221,-1.70544,0.494904,-0.10519,0.878416,0.700739,-0.113667
-1.86376,-1.15842,-0.0387476,0.505741,0.464336,1.00991,0.047649,-0.339628,0.0248048,-0.503454,0.0224077,-0.690125,0.71499,-0.109383,1.5283,-1.00837,0.821851,-1.30874,-0.372308,1.48405
-0.99492,0.569327,-0.263011,-1.73048,-0.659537,-1.07042,-0.433424,1.71443,0.245519,-0.630482,-0.512881,0.735141,-0.791631,0.580275,-0.581547,1.7886,-0.682181,0.358227,0.0969217,-0.0684693
-1.6363,0.121656,1.57552,1.35023,1.5179,-0.305002,0.0664547,0.75402,1.37571,-0.917215,1.76401,-0.762944,-0.985096,1.38867,-0.584147,0.613194,-0.472191,-0.768054,0.273289,0.204631
2.27895,0.599157,-1.74748,1.76753,0.810783,-0.969643,1.25281,1.09544,0.854176,-0.677722,1.47278,1.9024,-1.97359,0.10913,1.48826,1.44025,-1.34681,0.373984,-0.52378,-0.70731