0.00370448,-3.01709,0.00257581,0.00313151,-0.00527216,-1.84552,-1.57794,0.00180904,0.000424895,-0.000924256,-0.0816627,-2.01409,-0.00374944,-0.815491,0.000207461,0.226172,0.00101395,-1.07693,0.00245129,-0.00277866
-0.000633898,-0.00373688,0.00437646,0.511221,-0.00113104,0.00483879,-0.00308702,-9.47103e-05,-0.00328123,1.9594,1.954,-1.46683,0.00510879,-0.595929,0.00493111,0.00190555,-0.00639402,0.000844394,1.04681,0.771899
-0.00107799,-0.00723936,-0.611819,0.00407226,-0.000619096,-0.00275478,-2.26628,-0.422036,-1.30449,0.00161253,-0.000781501,-1.92682,-1.53067,-1.01846,-0.00709041,0.119418,-0.93846,-0.0019915,-0.00132305,0.740213
0.00578011,-0.00173993,-0.00204474,-0.00046742,1.92596,0.00055742,-0.00725662,1.85947,0.00163466,-0.00406764,0.00376659,0.00447777,-2.45414,0.000593325,1.65508,2.31248e-05,-0.00299248,0.00344476,-2.47097,0.00119652
-2.14458,-0.00271199,-1.9338,1.5053,2.20376,0.00223929,-1.80234,-0.00598218,-0.00187152,-2.55926,-2.72534,0.00148488,4.27486e-05,-0.714757,-0.00320532,-2.264,-0.00339039,0.00385272,-0.00412533,-0.000996013
-2.73194,-0.000112658,-0.0014118,0.00137309,0.002787,0.00119699,-2.20329,-2.03424,-0.632268,-1.61725,-1.92217,-0.00204137,0.00782263,-0.00161515,-2.2449,-0.0038681,0.120314,-0.00144741,0.00168825,0.00398556
1.32873,-0.00356209,1.96027,-0.00553294,1.31665,-2.40578e-05,-2.61137,-0.000800454,-0.00458407,2.28025,0.00610133,-4.01805e-05,-0.00413841,0.00150999,0.000483078,0.00133084,-5.43718e-05,0.00155834,-2.35092,0.00350755
0.00165473,2.29725,-0.00265767,-0.000403315,2.06155,0.0049536,0.914523,-0.00434357,0.00379351,-0.000380694,-0.00478795,2.61961,-0.00252641,-0.119003,-0.376528,-2.23331,0.00804165,0.982823,-0.00210003,-0.00119183
-2.50853,0.00546524,-1.99884,0.00078244,2.141,2.62794,-1.89723,0.00152917,0.699327,-0.00191181,-0.00576958,0.00143004,-0.00302592,0.280397,-0.00188627,-1.74248,0.683917,2.50551,-2.51971,-0.000104186
-1.24817,2.2217,0.000410346,0.000445142,1.15603,0.00320118,1.37573,-2.6804,0.00354063,0.000699594,-1.52106,2.17936,1.22561,0.698461,-0.00428781,-0.00619275,-0.0646809,0.00210586,5.28523e-05,1.40542
-0.00123322,0.00224392,-0.000867774,0.00319075,2.24672,1.82208,-1.90257,2.45379,0.953,1.19176,1.76503,1.46811,-1.78108,1.41102,-0.000354533,1.28753,-0.000184253,0.00489592,-0.00636054,0.00102593
-1.83278,0.00610476,-0.00376258,0.886666,0.00333824,1.80501,-0.00369334,0.00252681,-0.0183572,-0.00306187,0.00155676,-0.00380041,0.00422328,-0.35235,-0.00322333,0.00100247,0.0043153,0.00583602,-0.000332611,0.00139842
-1.51044,-0.00237315,0.00348874,0.000109011,-1.14327,0.00503554,0.00154854,2.12801,0.378961,-0.00436019,0.00298477,-0.0012044,-0.00135334,0.866281,0.000202388,2.33624,-0.537472,-0.00159755,0.0018544,-0.00268741
-1.77986,-0.00369131,1.61539,1.65177,-0.00402423,0.00199338,-0.411947,1.2401,0.00133884,0.00757207,1.89905,-1.12713,-0.0025766,-0.000578623,0.000159899,1.14778,0.00161796,-0.001743,0.00430491,-0.00231261
2.39599,0.00498383,0.00486676,1.86292,0.00389006,-0.0014799,0.0021123,0.00489777,-0.000121965,0.00269094,1.94739,2.09058,-1.96777,0.00474869,1.72119,2.14124,-0.00105346,-0.00190377,-1.07215,0.00103488