0.00472179,-3.0128,0.00278283,0.00390351,-0.00654636,-1.8429,-1.57569,0.00224208,0.00028858,-0.00124298,-0.0815438,-2.01122,-0.00445113,-0.814332,-0.000205654,0.225854,0.00180818,-1.07539,0.00253018,-0.00338651
7.02062e-05,-0.00473035,0.00606082,0.510493,-0.00125023,0.00580389,-0.00351061,0.000320236,-0.00413843,1.95661,1.95122,-1.46475,0.00610353,-0.595081,0.00589294,0.0022804,-0.00785782,0.00101552,1.04532,0.770801
-0.0014491,-0.00849972,-0.610948,0.00517385,-0.000503112,-0.00321909,-2.26305,-0.421442,-1.30264,0.00213225,-0.00121511,-1.92408,-1.52849,-1.01701,-0.00787606,0.119249,-0.937128,-0.0025908,-0.00191414,0.739161
0.0067095,-0.00203641,-0.00246627,0.000226971,1.92322,0.00138109,-0.00911598,1.85682,0.00184932,-0.00418626,0.00469858,0.00549013,-2.45065,0.000655948,1.65273,0.000113412,-0.00375504,0.00435719,-2.46746,0.00107636
-2.14153,-0.00328682,-1.93105,1.50316,2.20063,0.00272233,-1.79978,-0.0071073,-0.00253691,-2.55562,-2.72146,0.00182017,-0.000481811,-0.713737,-0.00401943,-2.26078,-0.00359867,0.00472092,-0.00506823,-0.000981846
-2.72806,-0.000280146,-0.00195228,0.00135269,0.00346978,0.00192176,-2.20016,-2.03135,-0.63137,-1.61495,-1.91944,-0.00266534,0.00998021,-0.00184865,-2.24171,-0.00467944,0.120146,-0.00126343,0.00200932,0.00471462
1.32684,-0.00419861,1.95748,-0.00627651,1.31478,5.64171e-05,-2.60765,-0.000899415,-0.00466057,2.27701,0.00752327,-0.000158326,-0.00544076,0.00178323,0.00066403,0.00151714,4.15325e-05,0.00184123,-2.34758,0.003759
0.0022309,2.29398,-0.0031628,1.68839e-06,2.05862,0.00663241,0.913222,-0.00539773,0.00471535,-0.000780143,-0.00598443,2.61588,-0.002306,-0.118835,-0.375993,-2.23014,0.00931043,0.981428,-0.00249303,-0.000893624
-2.50496,0.00615628,-1.996,0.00133275,2.13795,2.62421,-1.89453,0.00213587,0.698331,-0.00197621,-0.00703688,0.0017694,-0.00396521,0.279997,-0.00225373,-1.74,0.682946,2.50195,-2.51613,-0.000207581
-1.2464,2.21854,0.000300402,0.000742547,1.15439,0.00359938,1.37377,-2.67659,0.00348987,0.000170677,-1.5189,2.17626,1.22387,0.697472,-0.00568328,-0.00767336,-0.064588,0.0028095,0.000145279,1.40343
-0.00141742,0.0027064,-0.000802104,0.00418172,2.24352,1.81949,-1.89987,2.4503,0.951646,1.19006,1.76252,1.46602,-1.77855,1.40902,0.000265194,1.2857,-0.000151794,0.0059986,-0.00837901,0.000738635
-1.83018,0.00751955,-0.00475556,0.885404,0.00410956,1.80245,-0.00459647,0.0026273,-0.0183285,-0.00425748,0.00214389,-0.00495867,0.00452292,-0.351856,-0.00382115,0.00132788,0.00525668,0.0073394,-0.000501739,0.0017449
-1.50829,-0.00302784,0.00473556,7.50255e-05,-1.14165,0.00641194,0.00189008,2.12498,0.378421,-0.00547163,0.00423961,-0.00222092,-0.00206326,0.865054,0.000339923,2.33292,-0.536708,-0.00243107,0.00241755,-0.00308826
-1.77733,-0.00447852,1.61309,1.64943,-0.00487634,0.00256693,-0.411359,1.23833,0.00169699,0.00941806,1.89635,-1.12553,-0.00363827,-0.00106579,-0.000227205,1.14615,0.00166058,-0.0022363,0.00438186,-0.00236514
2.39258,0.00534015,0.00591818,1.86028,0.00458625,-0.00105335,0.00263588,0.00618178,-7.66072e-05,0.00334785,1.94462,2.08761,-1.96497,0.00544414,1.71874,2.1382,-0.00132043,-0.00242795,-1.07062,0.00111741