0.106142,-4.68926,0.202479,0.0464631,-0.135548,-2.91321,-2.43606,0.0923524,0.0643225,-0.0558006,-0.295365,-3.6376,-0.174557,-1.24305,0.123601,0.214681,-0.117528,-1.91898,0.201642,-0.0451058
-0.26688,-0.121888,-0.0150089,0.813135,-0.05976,0.220655,-0.126543,-0.11699,-0.0934502,3.0189,3.02784,-2.19896,0.212382,-0.927652,0.200306,0.0618768,-0.195827,0.0515906,1.79632,1.20301
-0.0342111,-0.389752,-1.0452,0.0947921,-0.0660514,-0.100506,-3.70185,-0.384119,-2.02651,-0.0066615,0.0182728,-3.15425,-2.47283,-1.55446,-0.437834,0.143753,-1.29886,-0.0393639,-0.0179832,1.1417
0.297321,-0.0777605,-0.0855224,-0.266935,3.16371,-0.192259,-0.189491,3.05035,0.0724445,-0.329194,0.0810637,0.18151,-3.88851,0.049435,2.56474,-0.0391951,-0.0467532,0.0365894,-3.98811,0.132773
-3.6825,-0.0750667,-3.12692,2.28889,3.27198,0.0659915,-2.93957,-0.253859,0.0184282,-4.19815,-4.28928,0.0218541,0.141081,-1.31036,-0.0693679,-3.72817,-0.209954,0.11716,-0.150866,-0.0648151
-4.31751,0.0096033,0.0328894,0.125881,0.10825,-0.11129,-3.48541,-3.04049,-0.996222,-2.69184,-3.00302,-0.0627372,0.140509,-0.0794559,-3.60439,-0.168597,-0.0126065,-0.1588,0.0882807,0.175325
2.14673,-0.152972,3.05935,-0.313285,2.15639,-0.0218006,-4.24345,-0.0338934,-0.352556,3.44552,0.157971,0.02794,-0.0358954,0.0645155,0.0406564,0.141996,-0.0422347,0.0552947,-3.83903,0.229887
-0.0391196,3.84681,-0.0855597,-0.142013,3.24258,-0.0320965,1.50787,-0.0853186,0.151076,0.0128326,-0.0642875,4.14029,-0.295557,-0.0646842,-0.536429,-3.55866,0.341731,1.42196,-0.0805453,-0.156105
-4.10524,0.35324,-3.42239,-0.0827706,3.58297,4.19396,-3.14881,0.0165565,1.15486,-0.19945,-0.182951,0.0388756,-0.0167132,0.503787,-0.0999802,-2.7552,1.01664,3.77963,-4.05373,0.0593593
-2.03909,3.65627,0.0571084,0.0013213,1.79666,0.231533,2.20434,-4.23084,0.332177,0.260035,-2.54058,3.61084,1.99294,0.93672,-0.052907,-0.219697,-0.0926447,0.0323724,-0.00979418,1.96816
-0.115981,0.111236,-0.0908678,-0.00064924,3.57538,2.92961,-2.8521,3.93282,1.4798,2.02505,3.04473,2.53818,-2.83472,2.09863,-0.20944,2.09356,-0.0300864,0.163621,-0.0302682,0.125711
-2.77552,0.164446,-0.0826011,1.46537,0.127739,2.85098,-0.109702,0.179626,-0.072971,0.046789,-0.0136909,-0.0642937,0.32407,-0.204771,-0.0987187,-0.0166275,0.126728,0.0907343,0.0460492,0.0669675
-2.3212,0.00599648,-0.00561035,0.0310597,-1.54868,0.0270695,0.032519,3.34394,0.637475,-0.122853,-0.0599875,0.188139,0.0435349,1.23442,-0.0427478,3.73098,-0.812657,0.0880718,0.0172516,-0.125737
-2.81656,-0.106374,2.389,2.61037,-0.0961755,0.0307918,-0.747453,2.05442,0.0690705,0.187643,2.98233,-1.53559,0.0305839,0.11576,0.085758,1.88636,0.122158,-0.0789984,0.380785,-0.178749
3.94572,0.384051,0.135344,2.76925,0.181162,-0.284323,0.101616,0.150401,-0.00277859,0.0356693,2.94992,3.32275,-3.25286,0.245788,2.88932,3.49003,-0.0418729,-0.00903258,-1.73706,0.0565951