0.771129,-2.91354,0.273235,0.191207,-0.662488,-1.80262,-1.55922,0.256859,-0.548162,-0.276137,-0.0971292,-2.0038,-0.450049,-0.806837,0.140033,0.24597,-0.0359727,-1.06987,0.161991,-0.383659
0.0734074,-0.391619,0.932133,0.493898,-0.359525,0.576803,0.0804383,0.0506901,-0.285951,1.90072,1.91234,-1.43091,0.0953737,-0.583355,0.171924,0.280363,-0.286697,-0.234119,1.00636,0.738822
-0.338146,-1.15854,-0.592825,0.431379,0.242034,0.0307998,-2.22931,-0.403238,-1.25191,-0.0665759,-0.298596,-1.88605,-1.4736,-0.990313,-0.0619981,0.111787,-0.884125,-0.299999,-0.388321,0.714071
0.924101,-0.0616858,-0.458086,0.556736,1.89767,0.270091,-1.20145,1.82505,0.27768,0.215622,0.32272,0.757116,-2.40471,0.178396,1.61094,0.115083,-0.233108,0.529765,-2.42776,-0.194541
-2.12564,-0.185998,-1.92057,1.44794,2.14893,0.352854,-1.77743,-0.88447,-0.24906,-2.52182,-2.66182,0.230305,-0.441465,-0.710697,-0.609386,-2.22706,0.249801,0.602533,-0.791072,0.169024
-2.69677,-0.213109,-0.343499,0.328026,0.396699,0.21764,-2.13567,-1.98922,-0.616299,-1.58752,-1.91417,-0.523666,0.812445,-0.264671,-2.17555,-0.863856,0.113689,0.14332,0.132012,0.395244
1.30826,-0.492332,1.88882,-0.323827,1.30009,-0.00387054,-2.56226,0.133985,-0.012104,2.23533,1.0048,-0.123472,-0.987038,0.342706,0.276746,0.33701,0.17277,0.0803887,-2.28965,0.15785
-0.0182037,2.25111,-0.429719,0.204843,2.02445,0.681858,0.898927,-0.756216,0.426885,-0.305316,-0.545923,2.55725,0.127599,-0.0847916,-0.346834,-2.17149,0.502989,0.970374,-0.330302,0.148336
-2.46844,0.824682,-1.95241,0.0735839,2.12976,2.59926,-1.8838,0.35923,0.6852,-0.495431,-0.874951,0.282991,-0.426552,0.273612,-0.212593,-1.71771,0.660581,2.43764,-2.46036,0.0543649
-1.21359,2.21561,-0.193769,0.162138,1.13326,0.541806,1.3455,-2.62565,0.0599007,-0.319321,-1.49078,2.13066,1.20217,0.664679,-0.782776,-1.06489,-0.0441418,0.497199,0.301907,1.34675
-0.329203,0.594362,0.309339,0.510248,2.18567,1.78686,-1.85463,2.39521,0.933519,1.17151,1.73781,1.42743,-1.76389,1.36033,0.399392,1.25738,-0.0616793,0.735851,-1.45836,-0.0926872
-1.82894,0.627524,-0.613353,0.859001,0.379112,1.72301,-0.478937,0.0572931,-0.0157849,-0.0930941,0.305478,-0.575522,0.0623037,-0.327318,-0.375076,-0.387205,0.0128123,0.809028,0.0436287,0.347054
-1.45453,-0.183082,0.287003,0.127653,-1.11387,0.408093,0.111012,2.08297,0.371639,-0.42344,0.852168,-0.553527,-0.42648,0.852585,0.104022,2.28207,-0.521942,-0.294343,0.295604,-0.444543
-1.72516,-0.373238,1.56539,1.60527,-0.238908,0.571868,-0.4196,1.21641,0.16359,0.691285,1.86133,-1.10395,-0.114764,-0.162662,-0.103927,1.14699,-0.174797,-0.308973,0.437898,0.152374
2.35259,0.342135,0.549267,1.80077,0.630997,-0.14286,0.467412,1.17037,0.195257,0.417396,1.90267,2.05029,-1.94565,0.445358,1.7038,2.08751,-0.294468,-0.347,-1.04362,-0.117744