0.806779,-2.91693,0.283041,0.187116,-0.688313,-1.79308,-1.5596,0.255233,-0.581414,-0.271955,-0.105447,-1.99852,-0.463867,-0.818087,0.155306,0.25105,-0.0400079,-1.07212,0.153945,-0.403489
0.0760697,-0.388697,0.989703,0.494073,-0.39438,0.574166,0.101624,0.0648829,-0.296495,1.90068,1.91232,-1.43141,0.0835799,-0.580167,0.172776,0.30636,-0.29912,-0.266508,1.00714,0.736919
-0.351014,-1.20163,-0.592763,0.469103,0.25249,0.046071,-2.22893,-0.405881,-1.25185,-0.0757627,-0.328423,-1.88816,-1.47452,-0.987206,-0.0374002,0.110659,-0.882765,-0.299578,-0.405136,0.714114
0.961385,-0.0632002,-0.471517,0.602173,1.89806,0.317251,-1.2504,1.82717,0.283468,0.251994,0.342579,0.778853,-2.40099,0.191684,1.61081,0.147216,-0.212915,0.548272,-2.42819,-0.216531
-2.12641,-0.176285,-1.91955,1.44708,2.14757,0.359614,-1.77642,-0.923793,-0.270815,-2.52142,-2.6619,0.262077,-0.46915,-0.709973,-0.646734,-2.22939,0.247379,0.657885,-0.841278,0.191683
-2.6976,-0.239385,-0.358452,0.331166,0.420143,0.243854,-2.13605,-1.98927,-0.617332,-1.58716,-1.9125,-0.55981,0.816666,-0.278108,-2.17462,-0.919112,0.11368,0.158783,0.129313,0.411868
1.30793,-0.521262,1.89111,-0.301809,1.29871,-0.00658843,-2.56277,0.18604,0.00358636,2.23609,1.06722,-0.116067,-1.03091,0.357249,0.300698,0.347386,0.171474,0.0853388,-2.28902,0.147843
-0.0273831,2.24908,-0.455686,0.243769,2.02411,0.717451,0.899053,-0.801999,0.441484,-0.310372,-0.605466,2.55763,0.178806,-0.0871779,-0.346077,-2.17032,0.513389,0.96691,-0.347008,0.179063
-2.46852,0.872955,-1.95197,0.0867886,2.13152,2.59971,-1.88239,0.375741,0.685142,-0.528134,-0.931418,0.302218,-0.447589,0.277313,-0.219148,-1.718,0.662701,2.43624,-2.46021,0.048033
-1.21436,2.21288,-0.223543,0.170392,1.13337,0.556593,1.34588,-2.62315,0.0570143,-0.36604,-1.49574,2.13471,1.20486,0.656186,-0.831409,-1.1185,-0.0473207,0.51475,0.337527,1.347
-0.341296,0.636942,0.354745,0.552322,2.18545,1.784,-1.85466,2.39626,0.933344,1.17169,1.73853,1.42788,-1.7624,1.36098,0.44831,1.25792,-0.0536065,0.761897,-1.57925,-0.104568
-1.82742,0.624971,-0.625186,0.858441,0.410372,1.72722,-0.477911,0.0555653,-0.0145022,-0.0894697,0.315647,-0.563121,0.0260007,-0.340309,-0.387847,-0.407829,0.00911792,0.82623,0.0315414,0.36976
-1.45443,-0.191654,0.276944,0.154633,-1.11425,0.408058,0.0973284,2.08082,0.373602,-0.40331,0.902941,-0.586717,-0.413718,0.846335,0.119659,2.28235,-0.518401,-0.286529,0.30868,-0.453896
-1.72519,-0.363379,1.5636,1.60581,-0.239391,0.608464,-0.419269,1.21495,0.164924,0.713201,1.86667,-1.10641,-0.116538,-0.13609,-0.120203,1.14638,-0.192587,-0.312348,0.460458,0.169263
2.35278,0.333757,0.578687,1.80031,0.668932,-0.145466,0.473558,1.25593,0.217621,0.457113,1.90241,2.04892,-1.94668,0.452746,1.70546,2.08755,-0.320656,-0.370591,-1.04363,-0.131981