0.839207,-2.91489,0.297837,0.177755,-0.709429,-1.79068,-1.55928,0.253317,-0.608361,-0.264781,-0.108264,-2.00087,-0.473366,-0.820391,0.170953,0.254764,-0.0449651,-1.07358,0.144751,-0.420414
0.0762826,-0.383817,1.04203,0.493253,-0.429682,0.56696,0.123002,0.0778245,-0.306308,1.89911,1.91355,-1.43179,0.0710009,-0.577579,0.173505,0.330289,-0.312238,-0.297203,1.00791,0.735629
-0.36062,-1.23934,-0.593431,0.50617,0.260841,0.0587332,-2.22809,-0.407924,-1.2522,-0.0861247,-0.353556,-1.88971,-1.47666,-0.984489,-0.017371,0.110071,-0.880502,-0.296491,-0.418371,0.713935
0.99332,-0.0655343,-0.48036,0.640816,1.89646,0.35947,-1.29125,1.83085,0.287023,0.283776,0.36241,0.796649,-2.39515,0.20123,1.61052,0.181361,-0.192987,0.564901,-2.43007,-0.23538
-2.1266,-0.163704,-1.91809,1.44631,2.14796,0.36663,-1.77586,-0.958426,-0.290414,-2.52278,-2.66115,0.294848,-0.495091,-0.708241,-0.682424,-2.23041,0.240321,0.70994,-0.886907,0.212457
-2.69815,-0.263259,-0.371186,0.332721,0.443821,0.263399,-2.13702,-1.98793,-0.617872,-1.58627,-1.9124,-0.596135,0.815421,-0.285009,-2.17353,-0.970385,0.110182,0.175551,0.1254,0.428491
1.30817,-0.547827,1.89238,-0.27891,1.30018,-0.00406553,-2.56267,0.242017,0.0192521,2.23407,1.121,-0.104299,-1.06805,0.365217,0.323839,0.357725,0.168239,0.0868177,-2.28773,0.136795
-0.0341796,2.25134,-0.476872,0.280706,2.02635,0.753401,0.899768,-0.845861,0.456728,-0.315507,-0.665715,2.55281,0.226978,-0.0839954,-0.345947,-2.16938,0.526141,0.965478,-0.361348,0.207839
-2.46931,0.918299,-1.9521,0.09952,2.13339,2.59991,-1.88099,0.38934,0.683919,-0.560571,-0.983343,0.319785,-0.466437,0.279721,-0.225727,-1.71776,0.665052,2.43558,-2.4599,0.0417168
-1.215,2.21249,-0.249446,0.1766,1.13397,0.574317,1.34657,-2.62184,0.0577618,-0.407337,-1.49892,2.13547,1.20577,0.651814,-0.875871,-1.16267,-0.0477382,0.525853,0.371184,1.34698
-0.353108,0.675658,0.398947,0.593765,2.18389,1.78397,-1.85486,2.39781,0.933552,1.17305,1.73689,1.43048,-1.76128,1.35965,0.492851,1.25845,-0.0449552,0.785158,-1.69336,-0.114937
-1.82433,0.621526,-0.627604,0.859705,0.440237,1.72604,-0.476232,0.059089,-0.0109583,-0.0840123,0.313675,-0.541226,-0.00502159,-0.34269,-0.39485,-0.418999,0.00282644,0.835511,0.0170829,0.390479
-1.45409,-0.198747,0.269584,0.181445,-1.1104,0.413998,0.0820305,2.07658,0.373633,-0.378907,0.940681,-0.613563,-0.397723,0.848579,0.134286,2.28366,-0.510934,-0.279845,0.32046,-0.460672
-1.72618,-0.351633,1.56258,1.60581,-0.236452,0.637677,-0.418951,1.21554,0.164574,0.732283,1.8676,-1.10279,-0.117201,-0.103184,-0.13677,1.14576,-0.207545,-0.313152,0.482271,0.184082
2.35287,0.327186,0.605793,1.7999,0.703664,-0.147233,0.475754,1.33615,0.237681,0.495306,1.90312,2.04685,-1.94807,0.46157,1.70705,2.08776,-0.343888,-0.392591,-1.0433,-0.145431