0.869042,-2.91252,0.315145,0.164759,-0.725284,-1.79314,-1.55849,0.250034,-0.630378,-0.255861,-0.107043,-2.00434,-0.480827,-0.818369,0.185275,0.256042,-0.0487047,-1.07321,0.134558,-0.435215
0.0749276,-0.378031,1.09002,0.492563,-0.463458,0.556546,0.144742,0.089337,-0.316617,1.89746,1.91446,-1.43243,0.0589261,-0.575925,0.174752,0.352669,-0.3256,-0.326565,1.00834,0.7351
-0.368199,-1.27253,-0.593859,0.541797,0.26794,0.0691448,-2.22714,-0.40882,-1.25272,-0.0967597,-0.375057,-1.8904,-1.47863,-0.983783,-0.00107194,0.110472,-0.878493,-0.291668,-0.428336,0.713713
1.02112,-0.0687175,-0.485664,0.674781,1.89463,0.397457,-1.32652,1.83394,0.289384,0.312431,0.381284,0.812807,-2.39044,0.206008,1.61045,0.215799,-0.176934,0.579253,-2.43214,-0.250664
-2.12621,-0.148844,-1.91685,1.44568,2.14877,0.37525,-1.77566,-0.989554,-0.308156,-2.52449,-2.66058,0.327359,-0.520071,-0.707335,-0.716017,-2.23054,0.23076,0.758889,-0.927636,0.231251
-2.69832,-0.285364,-0.382183,0.333426,0.466569,0.277869,-2.13792,-1.98677,-0.618112,-1.58558,-1.91301,-0.630277,0.811996,-0.288138,-2.17262,-1.01819,0.106961,0.192863,0.11984,0.445174
1.30868,-0.570967,1.89286,-0.255768,1.30236,0.00195988,-2.56229,0.299272,0.0346685,2.23166,1.16939,-0.0919916,-1.10092,0.370239,0.345955,0.368134,0.165581,0.0859901,-2.28676,0.124535
-0.0387051,2.25356,-0.495145,0.315351,2.0291,0.787191,0.900962,-0.889578,0.471389,-0.322162,-0.72343,2.54823,0.270349,-0.0803103,-0.346883,-2.16876,0.542996,0.965413,-0.373704,0.233934
-2.47021,0.959657,-1.95225,0.110778,2.1351,2.59999,-1.88016,0.400097,0.682646,-0.592275,-1.03125,0.336516,-0.483614,0.27998,-0.232009,-1.71675,0.66694,2.43517,-2.45956,0.0352172
-1.21568,2.21272,-0.272019,0.181595,1.13472,0.59354,1.34735,-2.62136,0.061219,-0.443804,-1.49979,2.13494,1.20593,0.65082,-0.9168,-1.19849,-0.0470536,0.531759,0.402855,1.3472
-0.36474,0.710003,0.442048,0.635095,2.18217,1.78468,-1.85513,2.39856,0.934148,1.17441,1.73498,1.43292,-1.76128,1.35829,0.533136,1.25891,-0.0367088,0.806026,-1.80072,-0.123822
-1.82212,0.622235,-0.623528,0.861706,0.467914,1.72199,-0.474932,0.065975,-0.00823322,-0.0784859,0.304161,-0.516275,-0.0329717,-0.339199,-0.398705,-0.424104,-0.00608474,0.840396,0.000416619,0.409364
-1.4535,-0.202211,0.264598,0.207291,-1.10589,0.423239,0.0672789,2.0734,0.372433,-0.354374,0.970575,-0.6405,-0.381212,0.853112,0.147836,2.28482,-0.5056,-0.273811,0.33113,-0.466106
-1.72741,-0.340578,1.5625,1.60534,-0.232119,0.662178,-0.419257,1.21681,0.163147,0.750984,1.86624,-1.09858,-0.116156,-0.0690917,-0.153195,1.14593,-0.221285,-0.312957,0.502833,0.197783
2.35281,0.322584,0.630733,1.7994,0.73643,-0.148182,0.475041,1.4104,0.2551,0.531478,1.90384,2.04575,-1.94915,0.47202,1.70811,2.08806,-0.363589,-0.412918,-1.04301,-0.158422