0.896419,-2.91089,0.332883,0.149559,-0.735964,-1.79705,-1.5579,0.244955,-0.649278,-0.245934,-0.104441,-2.00692,-0.487561,-0.8149,0.197252,0.255693,-0.0506951,-1.07183,0.12362,-0.44832
0.0728266,-0.371941,1.13439,0.492276,-0.494755,0.544268,0.166713,0.0996,-0.327398,1.89643,1.91453,-1.43298,0.0481806,-0.575237,0.176692,0.373975,-0.339086,-0.355056,1.00864,0.734992
-0.374616,-1.30187,-0.593889,0.575355,0.27451,0.0780965,-2.22618,-0.409056,-1.25321,-0.107098,-0.394157,-1.89078,-1.48,-0.984353,0.012153,0.111277,-0.877267,-0.285932,-0.435566,0.713572
1.04566,-0.072235,-0.488177,0.70558,1.89324,0.431553,-1.35758,1.83587,0.290565,0.338511,0.399152,0.827736,-2.38773,0.207231,1.61053,0.249027,-0.165205,0.591126,-2.43379,-0.262685
-2.12561,-0.13268,-1.91617,1.44526,2.14941,0.386507,-1.77586,-1.01775,-0.323608,-2.52565,-2.66057,0.359437,-0.543927,-0.707496,-0.747247,-2.23024,0.219574,0.804631,-0.963461,0.248496
-2.69835,-0.305748,-0.391545,0.333666,0.487736,0.288647,-2.13838,-1.98627,-0.618181,-1.58524,-1.91375,-0.661367,0.80764,-0.289085,-2.17203,-1.06292,0.105118,0.210096,0.112639,0.461536
1.30911,-0.591155,1.89286,-0.232642,1.30427,0.0104362,-2.56201,0.356364,0.0494491,2.23016,1.21445,-0.0806616,-1.13035,0.374398,0.366911,0.378561,0.164181,0.0837322,-2.28614,0.11134
-0.0411379,2.25474,-0.511731,0.347734,2.0314,0.817593,0.902256,-0.93339,0.48423,-0.330647,-0.777124,2.54517,0.308623,-0.0775514,-0.34819,-2.16848,0.563456,0.965812,-0.384641,0.257093
-2.47087,0.997059,-1.95215,0.119946,2.13646,2.6,-1.87987,0.40844,0.681856,-0.62304,-1.07575,0.352831,-0.499161,0.279091,-0.237937,-1.71555,0.668003,2.43496,-2.45939,0.02848
-1.21633,2.21301,-0.292101,0.186058,1.13536,0.612447,1.34788,-2.6213,0.0661127,-0.476158,-1.49932,2.13415,1.20592,0.651645,-0.954444,-1.22759,-0.0460973,0.533876,0.432676,1.34753
-0.376075,0.740076,0.483966,0.676423,2.18075,1.78515,-1.85547,2.39857,0.93504,1.17532,1.73365,1.43447,-1.762,1.35752,0.569473,1.25925,-0.0290838,0.824863,-1.90122,-0.131406
-1.82128,0.62819,-0.615636,0.863843,0.49279,1.71777,-0.474306,0.0745798,-0.00726199,-0.0735848,0.291389,-0.491383,-0.059254,-0.334103,-0.400838,-0.426564,-0.0174693,0.843613,-0.018064,0.426456
-1.45294,-0.202105,0.26123,0.232074,-1.10242,0.434153,0.0543878,2.07176,0.370821,-0.331332,0.995611,-0.670257,-0.364735,0.857018,0.160081,2.28553,-0.503047,-0.267955,0.340597,-0.470598
-1.72838,-0.330666,1.56304,1.60461,-0.227431,0.683641,-0.419692,1.21793,0.160979,0.770159,1.86491,-1.09596,-0.113446,-0.0369483,-0.169159,1.14656,-0.234321,-0.312813,0.521898,0.210834
2.35266,0.319798,0.65378,1.79893,0.76801,-0.148389,0.472105,1.4786,0.270091,0.565522,1.90427,2.04552,-1.94982,0.483327,1.70883,2.08836,-0.380054,-0.431564,-1.04284,-0.171032