0.921511,-2.90992,0.3499,0.133196,-0.742047,-1.80042,-1.55768,0.238072,-0.666417,-0.235622,-0.101983,-2.00855,-0.494206,-0.811496,0.206624,0.254617,-0.0511813,-1.07034,0.11228,-0.459931
0.0705569,-0.365822,1.17557,0.492405,-0.523465,0.531088,0.188507,0.108928,-0.338028,1.89625,1.91386,-1.43325,0.0390859,-0.575203,0.179315,0.394651,-0.352594,-0.38296,1.00907,0.735043
-0.380341,-1.32791,-0.593655,0.606417,0.281078,0.086315,-2.22525,-0.409119,-1.25363,-0.117136,-0.411489,-1.89112,-1.48094,-0.985154,0.0227016,0.111873,-0.876814,-0.279845,-0.440707,0.713501
1.06747,-0.0757925,-0.488279,0.734007,1.89242,0.462176,-1.38497,1.83683,0.290289,0.362107,0.416218,0.841304,-2.38657,0.206335,1.61068,0.280151,-0.156896,0.600576,-2.43501,-0.272011
-2.12513,-0.1159,-1.9162,1.4452,2.14976,0.400634,-1.77644,-1.04315,-0.336345,-2.52584,-2.6611,0.391323,-0.566156,-0.708163,-0.776005,-2.2297,0.207273,0.847001,-0.994491,0.264672
-2.69838,-0.324461,-0.399236,0.33355,0.507038,0.296836,-2.13843,-1.9863,-0.618135,-1.58519,-1.91436,-0.689193,0.80252,-0.288823,-2.17171,-1.1048,0.104309,0.226922,0.10402,0.477152
1.30934,-0.609293,1.8926,-0.209618,1.30573,0.0207846,-2.56197,0.412699,0.0631426,2.22968,1.25711,-0.0705341,-1.15637,0.378613,0.386731,0.389049,0.164099,0.0804637,-2.28568,0.0975725
-0.041612,2.25506,-0.527121,0.377962,2.03303,0.844543,0.903415,-0.97697,0.494498,-0.340917,-0.826354,2.54335,0.342059,-0.0756606,-0.349399,-2.16856,0.586216,0.966257,-0.394601,0.277334
-2.47123,1.03108,-1.95183,0.12676,2.13733,2.59995,-1.87992,0.414818,0.68153,-0.653053,-1.11716,0.368787,-0.513038,0.27806,-0.243562,-1.71468,0.668291,2.43498,-2.4594,0.0215281
-1.21683,2.21325,-0.310334,0.190419,1.13584,0.629711,1.34817,-2.62139,0.0714091,-0.50518,-1.49845,2.13342,1.20591,0.653029,-0.988783,-1.25164,-0.0452498,0.533388,0.460858,1.34787
-0.38681,0.766361,0.524462,0.717759,2.17971,1.78529,-1.85588,2.39822,0.936066,1.17581,1.7329,1.43519,-1.76291,1.35731,0.602138,1.25947,-0.0220916,0.842012,-1.99486,-0.137887
-1.82132,0.638559,-0.605904,0.865677,0.514697,1.71466,-0.474342,0.0839577,-0.00750213,-0.0691295,0.277944,-0.467527,-0.0843876,-0.329744,-0.401737,-0.42864,-0.0307271,0.846648,-0.0378276,0.441818
-1.45252,-0.199318,0.258841,0.255947,-1.10021,0.446023,0.0438414,2.07122,0.369352,-0.309886,1.01702,-0.703316,-0.348063,0.859712,0.171011,2.28589,-0.502083,-0.262084,0.348942,-0.474258
-1.729,-0.321501,1.5639,1.60373,-0.222699,0.702908,-0.419891,1.21858,0.158214,0.789424,1.86449,-1.09488,-0.109471,-0.00813013,-0.1846,1.14712,-0.24689,-0.313199,0.539156,0.223434
2.35246,0.318618,0.675237,1.79861,0.798782,-0.147966,0.467362,1.54101,0.283028,0.597526,1.90447,2.04573,-1.95017,0.49465,1.70938,2.08856,-0.393836,-0.448593,-1.04275,-0.183206