0.9441,-2.90977,0.365691,0.115903,-0.744686,-1.80332,-1.5575,0.229555,-0.682588,-0.225582,-0.0993661,-2.0089,-0.501512,-0.809131,0.21317,0.253095,-0.0510819,-1.06864,0.100579,-0.469824
0.0685111,-0.359766,1.21364,0.492877,-0.549876,0.517567,0.209591,0.117658,-0.347868,1.89676,1.91276,-1.43328,0.0317012,-0.575334,0.182505,0.415111,-0.365918,-0.410358,1.00974,0.735069
-0.385926,-1.35137,-0.59333,0.634476,0.287713,0.0939517,-2.22425,-0.409216,-1.25405,-0.12725,-0.426672,-1.89107,-1.48197,-0.985914,0.0305934,0.111855,-0.877114,-0.273417,-0.444538,0.71361
1.08679,-0.0794364,-0.48616,0.760275,1.892,0.489697,-1.40879,1.83721,0.288422,0.383099,0.432859,0.853501,-2.38628,0.204143,1.61073,0.308788,-0.151019,0.607928,-2.43603,-0.279139
-2.12424,-0.0983537,-1.91664,1.446,2.15036,0.417987,-1.77747,-1.06568,-0.34615,-2.52514,-2.66288,0.422494,-0.585751,-0.708386,-0.801852,-2.22865,0.19491,0.885298,-1.02051,0.279772
-2.69865,-0.341822,-0.405302,0.332891,0.524288,0.302969,-2.13817,-1.9866,-0.618052,-1.58535,-1.9144,-0.713517,0.796339,-0.28818,-2.17171,-1.14409,0.103788,0.243465,0.0941428,0.491842
1.3096,-0.626006,1.8923,-0.186619,1.30701,0.0328615,-2.56215,0.468043,0.0754039,2.22982,1.2974,-0.0616326,-1.17872,0.383303,0.405628,0.39986,0.165502,0.0761359,-2.28516,0.0834354
-0.0408968,2.25438,-0.541478,0.40555,2.03369,0.867764,0.904671,-1.01997,0.501846,-0.353053,-0.870086,2.54309,0.370368,-0.0747589,-0.350899,-2.16932,0.609445,0.967275,-0.40421,0.295165
-2.4718,1.06209,-1.95151,0.130903,2.13748,2.59943,-1.87997,0.419596,0.681339,-0.682695,-1.15495,0.384807,-0.525623,0.277075,-0.249238,-1.71452,0.667787,2.43555,-2.45971,0.0146012
-1.21733,2.21328,-0.3271,0.194748,1.13606,0.644469,1.34839,-2.62153,0.0764612,-0.531633,-1.49745,2.13304,1.20577,0.654171,-1.01985,-1.27206,-0.0447447,0.531314,0.487508,1.34826
-0.396407,0.789591,0.563264,0.759272,2.17905,1.78547,-1.85641,2.39782,0.937085,1.17613,1.73221,1.43522,-1.76355,1.35754,0.631491,1.25971,-0.0156042,0.857582,-2.08166,-0.143521
-1.82136,0.652286,-0.595457,0.867273,0.534106,1.71316,-0.475069,0.0936949,-0.00802453,-0.0646873,0.264469,-0.445194,-0.108085,-0.326662,-0.401205,-0.431173,-0.0448051,0.849697,-0.0582247,0.455468
-1.45254,-0.195049,0.25697,0.278785,-1.09909,0.458204,0.035797,2.07114,0.368173,-0.289684,1.0357,-0.738854,-0.331279,0.861274,0.180463,2.28591,-0.501924,-0.255868,0.356244,-0.476959
-1.72958,-0.312688,1.56484,1.60269,-0.218038,0.720209,-0.41976,1.21883,0.154873,0.807884,1.86507,-1.09451,-0.104873,0.016922,-0.199646,1.1473,-0.259368,-0.314093,0.554157,0.235718
2.35216,0.318744,0.695357,1.79836,0.828801,-0.147174,0.461119,1.59801,0.294195,0.627644,1.90477,2.04624,-1.95043,0.505354,1.70975,2.08853,-0.405554,-0.463982,-1.04275,-0.194794