0.959473,-2.91318,0.379153,0.0942076,-0.748534,-1.8111,-1.556,0.220019,-0.698831,-0.216248,-0.0909457,-2.00243,-0.513504,-0.8116,0.213454,0.249231,-0.0554295,-1.06237,0.0861877,-0.475523
0.0668454,-0.353842,1.24845,0.493503,-0.574419,0.503713,0.229536,0.126109,-0.35659,1.89775,1.91167,-1.43308,0.0258906,-0.575387,0.185915,0.435651,-0.379001,-0.436949,1.0105,0.735017
-0.39453,-1.37485,-0.593453,0.657112,0.29223,0.097756,-2.22245,-0.40904,-1.25484,-0.137769,-0.435593,-1.8871,-1.48519,-0.98888,0.0337925,0.109943,-0.880157,-0.263824,-0.44904,0.715114
1.10315,-0.0836709,-0.482141,0.783865,1.89138,0.513741,-1.42889,1.83729,0.284988,0.401256,0.450419,0.865211,-2.38681,0.200477,1.61023,0.334468,-0.147325,0.61397,-2.43731,-0.284224
-2.11828,-0.0764006,-1.91619,1.45096,2.15479,0.444662,-1.7801,-1.08572,-0.352369,-2.52403,-2.6718,0.445704,-0.598078,-0.70394,-0.820841,-2.22472,0.187998,0.914126,-1.03874,0.291226
-2.70058,-0.359136,-0.410315,0.330297,0.538323,0.30539,-2.13735,-1.98688,-0.618201,-1.58565,-1.91185,-0.732238,0.787675,-0.289035,-2.173,-1.18191,0.101934,0.261378,0.0822943,0.506293
1.31099,-0.641033,1.89239,-0.16279,1.30892,0.0479986,-2.56271,0.522114,0.0862219,2.2301,1.3337,-0.0553633,-1.19651,0.389553,0.424533,0.411857,0.1695,0.0696091,-2.28403,0.0685296
-0.0457753,2.24904,-0.556012,0.425403,2.02919,0.879838,0.907746,-1.06151,0.505366,-0.36698,-0.899469,2.55181,0.388481,-0.0795739,-0.357075,-2.17361,0.626103,0.974737,-0.416989,0.314104
-2.47579,1.08823,-1.95191,0.129712,2.13476,2.5946,-1.87902,0.423353,0.680558,-0.712168,-1.18414,0.405684,-0.539881,0.273495,-0.25766,-1.71652,0.663971,2.43966,-2.4618,0.00949707
-1.21922,2.21222,-0.3429,0.197845,1.13507,0.654634,1.349,-2.62159,0.0807367,-0.556134,-1.49463,2.13482,1.2045,0.653666,-1.04873,-1.29071,-0.0457326,0.529793,0.511956,1.34929
-0.402869,0.811435,0.600379,0.802268,2.17975,1.78755,-1.85744,2.39746,0.93821,1.17645,1.72939,1.43296,-1.76266,1.35921,0.659042,1.26081,-0.00810964,0.870139,-2.16093,-0.149225
-1.81838,0.670198,-0.584243,0.870684,0.553675,1.71623,-0.477408,0.103327,-0.00779407,-0.0601401,0.247146,-0.428368,-0.1277,-0.322364,-0.396871,-0.432815,-0.0562129,0.849702,-0.0773159,0.46618
-1.45629,-0.192898,0.254688,0.29771,-1.10129,0.465905,0.0313498,2.07148,0.366762,-0.270277,1.05708,-0.770926,-0.317505,0.859114,0.185468,2.28385,-0.505336,-0.245273,0.360833,-0.476892
-1.73102,-0.304421,1.56558,1.60099,-0.214065,0.734573,-0.419218,1.21896,0.150783,0.82469,1.8672,-1.09328,-0.100906,0.037469,-0.214916,1.14675,-0.27278,-0.314659,0.566099,0.248155
2.35085,0.319333,0.714112,1.79745,0.857299,-0.147516,0.453902,1.65012,0.303607,0.656053,1.90647,2.04803,-1.95137,0.514339,1.70932,2.08787,-0.416617,-0.476734,-1.04331,-0.205205