0.969435,-2.91334,0.39114,0.0702588,-0.754819,-1.8116,-1.55776,0.210245,-0.71506,-0.207228,-0.0906782,-2.0003,-0.527131,-0.81242,0.210967,0.248661,-0.063722,-1.06004,0.0711334,-0.478638
0.0660394,-0.346987,1.27988,0.494957,-0.596865,0.489047,0.247891,0.134742,-0.364133,1.89937,1.90947,-1.43384,0.0221423,-0.575029,0.189382,0.457092,-0.391987,-0.462292,1.01127,0.734317
-0.405489,-1.39877,-0.592187,0.675035,0.294329,0.100432,-2.2223,-0.40786,-1.25494,-0.147994,-0.441128,-1.88477,-1.48579,-0.991302,0.033918,0.108901,-0.88111,-0.252881,-0.453224,0.715105
1.11704,-0.0877612,-0.476539,0.804828,1.89171,0.53584,-1.44545,1.83685,0.280376,0.415746,0.469693,0.875679,-2.38711,0.196048,1.61036,0.356708,-0.14401,0.616503,-2.43818,-0.288427
-2.1173,-0.0523534,-1.91687,1.45156,2.15613,0.476131,-1.77943,-1.10391,-0.355814,-2.52321,-2.67226,0.462957,-0.605761,-0.702269,-0.83701,-2.22338,0.185018,0.93765,-1.05072,0.300994
-2.70072,-0.374897,-0.414896,0.326409,0.550311,0.306002,-2.1374,-1.98752,-0.618093,-1.58613,-1.91157,-0.747922,0.777679,-0.290492,-2.17225,-1.21806,0.102339,0.277945,0.068823,0.519236
1.31096,-0.656348,1.8926,-0.138989,1.30873,0.0650778,-2.56257,0.57476,0.0954498,2.23033,1.3675,-0.0495311,-1.21117,0.396669,0.441828,0.424339,0.174302,0.0628455,-2.28373,0.0538496
-0.0534795,2.24728,-0.568678,0.440379,2.02644,0.887256,0.906786,-1.09937,0.50596,-0.380741,-0.92181,2.55544,0.400024,-0.0818111,-0.357274,-2.17433,0.636933,0.976061,-0.430137,0.332334
-2.47686,1.11284,-1.9514,0.124766,2.13438,2.59352,-1.88038,0.426674,0.679981,-0.74067,-1.20795,0.429464,-0.553742,0.27191,-0.265612,-1.71611,0.662901,2.43922,-2.46179,0.00473946
-1.22029,2.21205,-0.357749,0.199475,1.13447,0.660651,1.34864,-2.62178,0.084191,-0.579037,-1.49319,2.13593,1.20468,0.652934,-1.07413,-1.3084,-0.0460324,0.528703,0.534514,1.34934
-0.40671,0.83137,0.634944,0.845753,2.18006,1.78721,-1.85725,2.39734,0.938999,1.17668,1.72918,1.43236,-1.76279,1.35981,0.684149,1.26153,0.000123485,0.881622,-2.23361,-0.154276
-1.81751,0.688016,-0.573237,0.871613,0.572045,1.71623,-0.48027,0.111786,-0.00726768,-0.0568997,0.229969,-0.41521,-0.144734,-0.319593,-0.391002,-0.435451,-0.0654583,0.84955,-0.0960078,0.47567
-1.45642,-0.193898,0.2534,0.314285,-1.1036,0.471781,0.0286686,2.07296,0.366263,-0.250006,1.07741,-0.797369,-0.30524,0.857195,0.187206,2.2829,-0.507881,-0.230777,0.364292,-0.475352
-1.73158,-0.295286,1.56649,1.59992,-0.209707,0.746847,-0.419257,1.21903,0.145734,0.839181,1.86776,-1.09355,-0.0977555,0.0535968,-0.2292,1.14661,-0.285888,-0.316775,0.575493,0.26027
2.35038,0.321643,0.731466,1.79739,0.884395,-0.149328,0.445418,1.69763,0.311439,0.683106,1.90679,2.04785,-1.95109,0.522283,1.7102,2.08819,-0.427235,-0.487555,-1.04356,-0.214942