0.976309,-2.91229,0.401969,0.0459444,-0.763294,-1.81027,-1.55994,0.200627,-0.730286,-0.198069,-0.0928408,-2.00056,-0.54009,-0.812535,0.207715,0.249715,-0.0742037,-1.06021,0.0569342,-0.479978
0.0659667,-0.33952,1.30811,0.495818,-0.617455,0.473799,0.26489,0.143495,-0.370705,1.90045,1.90819,-1.43412,0.0199591,-0.574451,0.192805,0.479213,-0.404868,-0.486428,1.0117,0.73375
-0.41768,-1.42259,-0.591295,0.689224,0.294402,0.103408,-2.22272,-0.407072,-1.25475,-0.158147,-0.444558,-1.88408,-1.4854,-0.992634,0.0320687,0.108306,-0.88105,-0.242136,-0.456623,0.715106
1.12926,-0.091657,-0.469346,0.824099,1.8917,0.556557,-1.45897,1.83666,0.275126,0.427468,0.489386,0.884753,-2.38706,0.19125,1.61054,0.376176,-0.140446,0.616768,-2.43806,-0.292277
-2.11863,-0.0278694,-1.91769,1.45039,2.15645,0.509088,-1.77795,-1.12069,-0.357831,-2.52307,-2.66988,0.476449,-0.611143,-0.701739,-0.852585,-2.22394,0.183976,0.957631,-1.05859,0.30965
-2.70015,-0.388813,-0.418922,0.322302,0.560661,0.306149,-2.13774,-1.98797,-0.617819,-1.58619,-1.91276,-0.761944,0.767049,-0.291994,-2.17119,-1.25189,0.103182,0.293097,0.0547792,0.530535
1.31037,-0.672066,1.89244,-0.116031,1.3085,0.0830615,-2.5625,0.62574,0.103095,2.23,1.40044,-0.0433344,-1.22356,0.404139,0.457154,0.436612,0.179109,0.0557227,-2.28406,0.0396818
-0.0616486,2.24779,-0.579027,0.452867,2.02518,0.893543,0.904822,-1.13308,0.5053,-0.394058,-0.940937,2.55595,0.407965,-0.0825744,-0.355916,-2.17402,0.644307,0.97498,-0.442117,0.349404
-2.47653,1.13711,-1.95093,0.117346,2.13465,2.59436,-1.88148,0.429685,0.67986,-0.768218,-1.22852,0.454399,-0.566029,0.271669,-0.27187,-1.71538,0.663189,2.43807,-2.46151,-5.85314e-06
-1.2205,2.21233,-0.371693,0.199967,1.13436,0.66336,1.3482,-2.62175,0.0872044,-0.600351,-1.49323,2.13613,1.20529,0.652464,-1.0959,-1.32501,-0.0460914,0.527766,0.555614,1.3492
-0.408568,0.84921,0.666779,0.888931,2.18013,1.78659,-1.85695,2.39751,0.939272,1.17716,1.72921,1.43272,-1.76327,1.35974,0.706294,1.26189,0.00844466,0.892936,-2.30039,-0.158586
-1.81755,0.705102,-0.563066,0.871917,0.589071,1.7153,-0.483562,0.119016,-0.00677662,-0.0547872,0.21401,-0.404866,-0.15988,-0.318739,-0.384439,-0.439208,-0.0729823,0.850044,-0.114411,0.48416
-1.45574,-0.196879,0.253093,0.329475,-1.10484,0.477276,0.0263147,2.07365,0.366682,-0.22904,1.09575,-0.818766,-0.29338,0.856319,0.187147,2.28233,-0.50839,-0.214767,0.367092,-0.472774
-1.73159,-0.2853,1.56738,1.59949,-0.204645,0.757545,-0.419289,1.21917,0.13977,0.85127,1.86776,-1.09373,-0.0952018,0.0657834,-0.242232,1.14673,-0.298306,-0.320108,0.582851,0.272
2.35035,0.325837,0.747667,1.7975,0.910309,-0.151874,0.435783,1.74077,0.317863,0.708678,1.90684,2.04722,-1.95069,0.529802,1.71119,2.08857,-0.436982,-0.497287,-1.04372,-0.224102