0.217559,-3.14009,0.210467,0.0807388,-0.225426,-1.94401,-1.66861,0.147667,-0.0243064,-0.105743,-0.111699,-2.23513,-0.217688,-0.829824,0.0883471,0.221895,-0.0734586,-1.20163,0.18599,-0.0848674
-0.179554,-0.220477,0.180478,0.562139,-0.0736106,0.317491,-0.116163,-0.0814754,-0.136668,2.03325,2.04286,-1.53824,0.25122,-0.62193,0.220605,0.0817864,-0.288578,0.0797337,1.11957,0.808358
-0.088391,-0.506216,-0.664445,0.173263,-0.0313164,-0.109423,-2.4294,-0.395223,-1.38029,0.0321562,-0.0398428,-2.05205,-1.59114,-1.05995,-0.421405,0.121182,-0.922703,-0.119615,-0.100271,0.75697
0.388246,-0.0948364,-0.121658,-0.181589,2.05247,-0.118086,-0.351704,1.99079,0.0880051,-0.296876,0.144177,0.28592,-2.5901,0.0645331,1.7146,-0.0338471,-0.0987062,0.125364,-2.62282,0.087503
-2.33445,-0.10978,-2.06109,1.55045,2.28076,0.109035,-1.91961,-0.343046,-0.0106838,-2.74846,-2.88434,0.0438226,0.0563759,-0.808797,-0.153446,-2.41812,-0.142021,0.184622,-0.238461,-0.0266106
-2.88935,-0.0266785,-0.000921154,0.124791,0.180948,-0.0484185,-2.31667,-2.11438,-0.645983,-1.7438,-2.04736,-0.139323,0.303614,-0.0924622,-2.38786,-0.25875,0.0522056,-0.0837021,0.118578,0.222304
1.41524,-0.196048,2.04574,-0.339257,1.40516,-0.00877004,-2.77403,-0.0345512,-0.278262,2.38279,0.26624,0.00419997,-0.178383,0.0863702,0.0720207,0.185194,-0.0242037,0.0616402,-2.49488,0.22966
-0.00683895,2.45645,-0.125478,-0.0966817,2.18749,0.108222,0.983323,-0.16646,0.221721,-0.0615304,-0.129195,2.75482,-0.241116,-0.0586585,-0.356106,-2.36258,0.354517,1.00289,-0.122647,-0.101913
-2.69085,0.416985,-2.15811,-0.0350808,2.33043,2.80665,-2.0376,0.0952837,0.732142,-0.210487,-0.290498,0.0739255,-0.0849884,0.298611,-0.136254,-1.84931,0.707541,2.59128,-2.66709,0.0723971
-1.32315,2.4039,0.0222439,0.0483816,1.2174,0.282491,1.44929,-2.83318,0.276528,0.217731,-1.63278,2.33181,1.31164,0.694864,-0.185315,-0.357524,-0.0362137,0.0985344,0.00780213,1.41061
-0.163237,0.169866,-0.055856,0.0682652,2.37058,1.92341,-1.98727,2.60427,0.992267,1.28211,1.91354,1.58669,-1.8832,1.44829,-0.12622,1.36627,-0.0228004,0.257655,-0.220278,0.0692646
-1.936,0.270696,-0.1726,0.961718,0.191683,1.85425,-0.194463,0.141364,-0.0306844,-0.036505,0.0449585,-0.19137,0.327952,-0.235352,-0.119101,-0.027736,0.133357,0.205666,0.0561932,0.0992091
-1.56538,-0.0275177,0.0963194,0.0393831,-1.15482,0.123257,0.052309,2.22897,0.409595,-0.212319,0.0643685,0.084598,-0.0432756,0.904293,-0.0432855,2.46792,-0.543084,0.00366101,0.0658042,-0.151867
-1.87896,-0.165157,1.65277,1.72774,-0.139817,0.0902967,-0.464006,1.33437,0.0952939,0.324825,2.01399,-1.12878,-0.0470704,0.0606082,0.0328802,1.25716,0.115172,-0.154156,0.35924,-0.14202
2.56537,0.390747,0.201344,1.91573,0.237646,-0.248609,0.172681,0.297087,0.0170828,0.0740922,2.0342,2.21106,-2.12188,0.283831,1.8579,2.26838,-0.0836906,-0.0454805,-1.13376,0.0447725