0.981721,-2.91114,0.411797,0.0222673,-0.773083,-1.80903,-1.56134,0.191292,-0.743927,-0.188431,-0.0950097,-2.00161,-0.551449,-0.812333,0.204343,0.251022,-0.085338,-1.06136,0.0442942,-0.480213
0.0663227,-0.332116,1.33338,0.496057,-0.636414,0.458284,0.280789,0.15214,-0.376519,1.90088,1.90789,-1.43404,0.0187176,-0.573827,0.196228,0.501477,-0.417476,-0.509497,1.01204,0.733459
-0.430227,-1.44555,-0.59092,0.70075,0.292944,0.107118,-2.2231,-0.406701,-1.25459,-0.168312,-0.446595,-1.88435,-1.48491,-0.993095,0.0288716,0.108049,-0.880718,-0.232409,-0.459128,0.715055
1.14039,-0.0954021,-0.460795,0.84241,1.89133,0.576136,-1.47011,1.83673,0.269666,0.437395,0.508414,0.892665,-2.38678,0.186297,1.61063,0.393449,-0.136629,0.615946,-2.4378,-0.295859
-2.1203,-0.00403794,-1.91816,1.44895,2.15654,0.541585,-1.77673,-1.13637,-0.359348,-2.52352,-2.66722,0.487875,-0.615672,-0.701729,-0.868194,-2.22499,0.183563,0.975171,-1.06379,0.31749
-2.6996,-0.400952,-0.422375,0.318743,0.569446,0.306551,-2.1382,-1.9882,-0.617533,-1.586,-1.91407,-0.774794,0.756276,-0.293285,-2.1704,-1.28303,0.103758,0.30708,0.0409224,0.540406
1.30978,-0.687853,1.89235,-0.09446,1.3086,0.1011,-2.56235,0.674768,0.109349,2.22929,1.43364,-0.0367668,-1.23437,0.411585,0.470677,0.448359,0.183731,0.0480891,-2.2845,0.026116
-0.0690128,2.24918,-0.587362,0.464354,2.02482,0.899953,0.903307,-1.16303,0.504528,-0.406947,-0.958528,2.5551,0.413892,-0.0825278,-0.354816,-2.17354,0.650195,0.973532,-0.452437,0.365043
-2.47579,1.16125,-1.95065,0.108429,2.13513,2.59559,-1.88198,0.432332,0.679902,-0.794918,-1.24712,0.479128,-0.576401,0.272189,-0.276404,-1.71482,0.663874,2.43719,-2.46123,-0.00489592
-1.22035,2.21262,-0.384778,0.19966,1.1346,0.663624,1.34806,-2.62163,0.0900493,-0.620075,-1.49384,2.13584,1.20572,0.652299,-1.11447,-1.34031,-0.0460023,0.526683,0.575531,1.34906
-0.408983,0.864973,0.696003,0.931248,2.18002,1.78628,-1.85691,2.39782,0.939213,1.17778,1.72899,1.43351,-1.76359,1.35938,0.725399,1.26212,0.0163348,0.904268,-2.36178,-0.162271
-1.81793,0.72166,-0.553769,0.871882,0.604961,1.7144,-0.487314,0.125318,-0.0064273,-0.0534246,0.199193,-0.396652,-0.173563,-0.319229,-0.377554,-0.443618,-0.0792529,0.851201,-0.132539,0.491654
-1.4552,-0.20044,0.253455,0.343673,-1.10514,0.482721,0.0237509,2.07357,0.367308,-0.208093,1.11233,-0.836642,-0.281721,0.856167,0.18625,2.28206,-0.507882,-0.198934,0.369282,-0.469439
-1.73134,-0.274697,1.56798,1.59954,-0.198993,0.767037,-0.419403,1.21935,0.133049,0.861314,1.86748,-1.09378,-0.0929152,0.074791,-0.254151,1.1469,-0.310047,-0.324071,0.588554,0.283319
2.35047,0.33161,0.762998,1.79762,0.935332,-0.154494,0.425304,1.77981,0.323105,0.732616,1.90681,2.04667,-1.95051,0.53729,1.71186,2.08884,-0.445498,-0.506432,-1.0438,-0.232678