0.986537,-2.9103,0.420774,-0.000455837,-0.783298,-1.80827,-1.56196,0.182293,-0.755947,-0.178147,-0.096544,-2.00259,-0.561115,-0.812034,0.200871,0.251997,-0.0961942,-1.06261,0.0333594,-0.479858
0.0669118,-0.325331,1.356,0.495979,-0.653813,0.44276,0.295699,0.160541,-0.381755,1.90089,1.90811,-1.43387,0.018017,-0.573243,0.199707,0.523378,-0.429645,-0.531613,1.01242,0.733388
-0.442622,-1.46704,-0.590819,0.710518,0.290378,0.111487,-2.22327,-0.406569,-1.25455,-0.17835,-0.447752,-1.88497,-1.4846,-0.993076,0.0246963,0.107965,-0.880442,-0.223939,-0.460812,0.714905
1.15074,-0.0989744,-0.451275,0.860123,1.89082,0.594613,-1.47938,1.83686,0.264262,0.446154,0.52637,0.899719,-2.38649,0.181286,1.61062,0.408854,-0.132758,0.614697,-2.43779,-0.299103
-2.12148,0.0185476,-1.91835,1.44784,2.15667,0.572783,-1.77603,-1.1511,-0.360776,-2.52422,-2.66519,0.498278,-0.619992,-0.701926,-0.883688,-2.22584,0.183194,0.990992,-1.067,0.324754
-2.69931,-0.411473,-0.425378,0.316087,0.576651,0.307407,-2.13862,-1.98832,-0.617314,-1.58576,-1.91496,-0.786534,0.745663,-0.294316,-2.16995,-1.31141,0.103951,0.320099,0.0276063,0.549138
1.3094,-0.703444,1.89247,-0.0745297,1.30893,0.118707,-2.56209,0.721629,0.114463,2.22851,1.4676,-0.0301028,-1.2441,0.418718,0.482688,0.459548,0.188177,0.0400436,-2.28484,0.0131656
-0.0751678,2.25056,-0.594113,0.475549,2.02488,0.906551,0.90253,-1.18981,0.504076,-0.419399,-0.975179,2.55398,0.418482,-0.0821676,-0.354277,-2.17319,0.655628,0.972468,-0.461237,0.37904
-2.47508,1.18506,-1.95053,0.0987128,2.13561,2.59659,-1.88208,0.43456,0.67993,-0.820804,-1.26443,0.502743,-0.584975,0.27302,-0.279678,-1.71452,0.664509,2.4367,-2.46099,-0.0100401
-1.22015,2.21278,-0.397009,0.198796,1.13497,0.662189,1.34821,-2.62152,0.0928118,-0.638304,-1.49448,2.13542,1.20589,0.652327,-1.13039,-1.35419,-0.0458305,0.525234,0.594431,1.34892
-0.408342,0.878811,0.722802,0.972371,2.17981,1.78625,-1.85715,2.39813,0.939041,1.1784,1.72859,1.43437,-1.76366,1.35897,0.741753,1.26232,0.0235581,0.915404,-2.41816,-0.165463
-1.81843,0.737875,-0.545093,0.871644,0.619918,1.71384,-0.491477,0.131005,-0.00618918,-0.0525539,0.185167,-0.389902,-0.186114,-0.320361,-0.370528,-0.448158,-0.0846591,0.852762,-0.150457,0.498186
-1.45495,-0.203654,0.254292,0.356927,-1.10492,0.488007,0.0210425,2.07322,0.367703,-0.187834,1.12766,-0.852406,-0.270441,0.856306,0.184998,2.28197,-0.507287,-0.184057,0.370767,-0.46559
-1.73106,-0.263618,1.5683,1.59981,-0.193034,0.775533,-0.419553,1.21947,0.125783,0.869793,1.86719,-1.09385,-0.0907162,0.081445,-0.265211,1.14701,-0.321195,-0.328247,0.592852,0.294165
2.35059,0.338541,0.777687,1.79772,0.95972,-0.156805,0.4143,1.81509,0.327402,0.754867,1.90678,2.04629,-1.95054,0.544937,1.71217,2.08899,-0.45264,-0.515183,-1.04381,-0.240648