0.991137,-2.90982,0.429042,-0.0222496,-0.793314,-1.80788,-1.56219,0.173699,-0.766574,-0.16718,-0.0974916,-2.0032,-0.569299,-0.811749,0.197211,0.252553,-0.106344,-1.06366,0.0240508,-0.479211
0.067691,-0.319481,1.37622,0.495826,-0.669656,0.427402,0.309593,0.1687,-0.386561,1.90078,1.9084,-1.43374,0.0176632,-0.57271,0.203248,0.544547,-0.441274,-0.55286,1.01285,0.73343
-0.454647,-1.48675,-0.590781,0.71916,0.287027,0.116274,-2.22328,-0.406534,-1.25463,-0.188062,-0.448403,-1.88555,-1.48446,-0.9929,0.0198193,0.107918,-0.880311,-0.21665,-0.461815,0.714725
1.16045,-0.102307,-0.441152,0.87736,1.89036,0.611969,-1.4871,1.83694,0.259063,0.454072,0.543259,0.906129,-2.3863,0.176261,1.61053,0.422603,-0.129002,0.613309,-2.43802,-0.301976
-2.1221,0.0396784,-1.91846,1.44717,2.15689,0.602462,-1.77574,-1.16491,-0.362229,-2.52492,-2.66386,0.508181,-0.624271,-0.702142,-0.898761,-2.22635,0.182729,1.00553,-1.06849,0.331618
-2.69924,-0.420549,-0.42807,0.314403,0.582296,0.308653,-2.13893,-1.98842,-0.617164,-1.58557,-1.91542,-0.797098,0.735348,-0.295145,-2.16975,-1.33714,0.103884,0.332292,0.0149147,0.556958
1.30922,-0.718712,1.89273,-0.0562729,1.30932,0.135674,-2.56178,0.766227,0.118654,2.22784,1.50236,-0.0236292,-1.25308,0.425332,0.49342,0.470254,0.19247,0.0318191,-2.28505,0.000805171
-0.0801827,2.25157,-0.5996,0.486665,2.02505,0.91302,0.902259,-1.21387,0.503942,-0.431363,-0.991069,2.55313,0.422004,-0.081802,-0.354089,-2.17305,0.660886,0.971867,-0.468877,0.391311
-2.47455,1.20829,-1.95045,0.0886681,2.13598,2.59723,-1.88204,0.436363,0.67991,-0.845869,-1.28083,0.524733,-0.592057,0.273873,-0.282197,-1.71444,0.66497,2.43652,-2.46078,-0.0154888
-1.21998,2.21281,-0.40838,0.197562,1.13533,0.65965,1.34849,-2.62145,0.0954785,-0.655196,-1.495,2.13505,1.20591,0.65244,-1.14412,-1.36665,-0.0456297,0.523297,0.612436,1.34881
-0.406895,0.890928,0.747334,1.01213,2.1796,1.78637,-1.85755,2.3984,0.938886,1.17895,1.72812,1.43514,-1.76352,1.35862,0.755822,1.26254,0.0300879,0.926012,-2.46984,-0.168237
-1.81891,0.753788,-0.536788,0.871369,0.634068,1.71353,-0.495974,0.136282,-0.00599091,-0.0520162,0.171635,-0.384037,-0.197782,-0.321597,-0.36347,-0.452422,-0.0894637,0.854435,-0.168235,0.503826
-1.45488,-0.206087,0.255555,0.369171,-1.10455,0.492969,0.0184386,2.07294,0.367802,-0.168668,1.14211,-0.866981,-0.25974,0.856477,0.183585,2.28194,-0.506986,-0.170353,0.371477,-0.461425
-1.73087,-0.252125,1.5685,1.60009,-0.187038,0.783143,-0.419649,1.21949,0.118196,0.877091,1.86701,-1.09397,-0.0886014,0.0864553,-0.275612,1.14707,-0.331785,-0.332399,0.59588,0.304464
2.35069,0.346257,0.791888,1.79778,0.983637,-0.158645,0.403024,1.84696,0.330965,0.775464,1.90679,2.04608,-1.95072,0.552797,1.71226,2.08902,-0.458441,-0.52357,-1.04376,-0.247998