0.995668,-2.90957,0.436708,-0.0432422,-0.802805,-1.80771,-1.56234,0.165592,-0.776064,-0.15557,-0.0980467,-2.00348,-0.576235,-0.811507,0.193356,0.252793,-0.115653,-1.06446,0.016267,-0.478398
0.0686966,-0.314679,1.39426,0.495707,-0.683949,0.412319,0.322378,0.176698,-0.391047,1.90071,1.90859,-1.43365,0.0175596,-0.572214,0.206814,0.564748,-0.452318,-0.573307,1.01332,0.733488
-0.466248,-1.50461,-0.590706,0.727044,0.283123,0.121258,-2.2232,-0.406512,-1.25478,-0.197287,-0.448796,-1.88595,-1.4844,-0.992765,0.0144847,0.107848,-0.880309,-0.210347,-0.462288,0.714586
1.16956,-0.105333,-0.430698,0.894135,1.89002,0.628204,-1.49346,1.83695,0.254153,0.461306,0.559209,0.911997,-2.38622,0.171251,1.6104,0.434896,-0.125442,0.611891,-2.43838,-0.30451
-2.12231,0.0593831,-1.91861,1.44683,2.15719,0.63065,-1.77566,-1.17781,-0.363713,-2.52548,-2.66302,0.51778,-0.628484,-0.70229,-0.913214,-2.22662,0.18221,1.01905,-1.06835,0.338178
-2.69931,-0.428339,-0.430537,0.313612,0.586459,0.310159,-2.13911,-1.98853,-0.617056,-1.58543,-1.91567,-0.80644,0.725365,-0.295865,-2.16966,-1.36039,0.103709,0.343756,0.00281448,0.564016
1.30918,-0.733605,1.89301,-0.039588,1.30968,0.151945,-2.56148,0.80857,0.122076,2.22732,1.53778,-0.0175614,-1.26156,0.431303,0.503011,0.480547,0.196598,0.0236498,-2.28516,-0.0110117
-0.0843104,2.25221,-0.604011,0.497661,2.02515,0.919046,0.902187,-1.23549,0.503975,-0.442769,-1.00626,2.55267,0.424612,-0.0815703,-0.354012,-2.17308,0.665865,0.97157,-0.475678,0.401917
-2.47421,1.23075,-1.95036,0.0785869,2.13621,2.59761,-1.882,0.437766,0.679855,-0.870108,-1.29647,0.544878,-0.597985,0.274608,-0.284334,-1.71449,0.665284,2.43649,-2.46061,-0.0212407
-1.21987,2.21276,-0.418903,0.196107,1.13562,0.656452,1.34877,-2.62141,0.098009,-0.670931,-1.49538,2.13477,1.20587,0.652577,-1.15601,-1.37781,-0.0454382,0.520832,0.629658,1.34872
-0.404801,0.901513,0.769724,1.05044,2.17945,1.78654,-1.85802,2.39862,0.938789,1.17944,1.72768,1.43579,-1.76326,1.35835,0.768086,1.26277,0.0359853,0.935811,-2.5171,-0.170613
-1.81926,0.769353,-0.52873,0.871178,0.647482,1.71337,-0.500752,0.141261,-0.00578293,-0.0517171,0.158436,-0.378654,-0.208734,-0.322629,-0.35647,-0.456173,-0.0938183,0.85601,-0.185895,0.508667
-1.45489,-0.207618,0.257243,0.380336,-1.10426,0.497508,0.0161257,2.07283,0.367703,-0.150751,1.15587,-0.880817,-0.249737,0.856579,0.182076,2.28185,-0.506992,-0.157803,0.371432,-0.45709
-1.73079,-0.240263,1.56868,1.6003,-0.181183,0.789931,-0.419653,1.21942,0.110485,0.883434,1.86695,-1.09412,-0.086662,0.090339,-0.285463,1.14714,-0.341803,-0.3364,0.597693,0.314163
2.35074,0.354489,0.805696,1.79781,1.00714,-0.159978,0.391656,1.87576,0.333964,0.794475,1.90687,2.04596,-1.95097,0.560859,1.71226,2.08897,-0.463015,-0.531574,-1.04371,-0.254733