1.00019,-2.90945,0.443828,-0.063558,-0.811664,-1.80765,-1.56257,0.158038,-0.784612,-0.143399,-0.0983586,-2.00351,-0.582103,-0.811294,0.189378,0.252842,-0.124115,-1.06507,0.00994631,-0.477446
0.069967,-0.310921,1.4103,0.495637,-0.696731,0.397561,0.333962,0.184621,-0.395296,1.90074,1.90865,-1.4336,0.0176304,-0.571755,0.210356,0.583845,-0.46277,-0.593017,1.01377,0.733509
-0.477447,-1.52071,-0.590578,0.73435,0.278833,0.126284,-2.2231,-0.406463,-1.25495,-0.205936,-0.44909,-1.88615,-1.48436,-0.992755,0.0089062,0.107752,-0.880381,-0.20483,-0.462358,0.714518
1.1781,-0.108005,-0.420094,0.910437,1.88978,0.64336,-1.49857,1.8369,0.249579,0.46796,0.574327,0.91735,-2.38621,0.1663,1.61028,0.445935,-0.122091,0.610486,-2.43875,-0.306774
-2.12233,0.0777987,-1.91882,1.44669,2.15752,0.657423,-1.77563,-1.18978,-0.365224,-2.52591,-2.66244,0.527093,-0.632579,-0.702354,-0.926991,-2.22675,0.181707,1.03168,-1.06668,0.344462
-2.69944,-0.434981,-0.432815,0.313604,0.589258,0.311819,-2.13923,-1.98867,-0.616965,-1.58531,-1.91585,-0.814569,0.715708,-0.296561,-2.1696,-1.38132,0.103523,0.354562,-0.00874833,0.570402
1.30922,-0.748084,1.89327,-0.0243088,1.30995,0.167524,-2.5612,0.84872,0.124831,2.2269,1.57365,-0.0120483,-1.2697,0.436584,0.511536,0.490455,0.200533,0.0157065,-2.28524,-0.0223369
-0.0878284,2.25257,-0.607461,0.508404,2.02515,0.924448,0.902103,-1.25483,0.504035,-0.453555,-1.02081,2.55258,0.426455,-0.0814984,-0.353916,-2.17323,0.670365,0.971405,-0.481829,0.411023
-2.47402,1.25233,-1.95025,0.0686419,2.1363,2.59783,-1.88199,0.438799,0.679783,-0.893525,-1.31145,0.563136,-0.603078,0.275189,-0.286305,-1.71461,0.665518,2.43652,-2.46047,-0.0272673
-1.21979,2.2127,-0.428616,0.194558,1.13581,0.652906,1.34901,-2.62139,0.100365,-0.685682,-1.49566,2.13458,1.2058,0.65272,-1.16632,-1.38778,-0.0452797,0.51786,0.646195,1.34864
-0.402165,0.91071,0.790078,1.08727,2.17936,1.7867,-1.85848,2.39879,0.938743,1.17987,1.72729,1.43635,-1.76293,1.35811,0.778944,1.26303,0.0413126,0.944636,-2.56023,-0.172592
-1.81945,0.784503,-0.520906,0.871114,0.660205,1.71327,-0.505788,0.145986,-0.00555355,-0.0516134,0.145528,-0.373537,-0.219078,-0.323337,-0.349615,-0.45932,-0.0978029,0.857371,-0.203394,0.512807
-1.45494,-0.208269,0.259348,0.390395,-1.10412,0.5016,0.0141617,2.07288,0.367521,-0.134083,1.16899,-0.894048,-0.240479,0.856606,0.180501,2.28169,-0.507184,-0.146349,0.370731,-0.452687
-1.73079,-0.228082,1.56889,1.60041,-0.175557,0.795952,-0.41959,1.21929,0.102806,0.888937,1.86697,-1.09428,-0.0850052,0.0934302,-0.294794,1.14723,-0.351206,-0.340189,0.598314,0.323247
2.35075,0.363069,0.819169,1.79782,1.03022,-0.160823,0.38032,1.90178,0.336531,0.811986,1.90699,2.04588,-1.95126,0.569095,1.71223,2.08888,-0.466488,-0.539185,-1.04368,-0.260879