1.00476,-2.90938,0.45042,-0.0832919,-0.819902,-1.80763,-1.56288,0.15107,-0.792352,-0.130774,-0.0985079,-2.00342,-0.587035,-0.811086,0.185379,0.252788,-0.131772,-1.06555,0.00505505,-0.476357
0.0715041,-0.308152,1.42453,0.495591,-0.708073,0.383145,0.344303,0.192521,-0.399368,1.90085,1.90861,-1.43357,0.0177915,-0.571339,0.213835,0.601772,-0.472638,-0.61204,1.01416,0.733479
-0.488287,-1.5352,-0.590421,0.741153,0.274277,0.131264,-2.22303,-0.406378,-1.25512,-0.213968,-0.449378,-1.88619,-1.4843,-0.992874,0.0032553,0.10765,-0.880479,-0.199934,-0.462115,0.714515
1.18611,-0.110306,-0.409466,0.926262,1.88962,0.657506,-1.50252,1.83684,0.245368,0.474133,0.588663,0.922195,-2.38623,0.16147,1.61018,0.455909,-0.118934,0.609125,-2.43906,-0.308841
-2.12228,0.0950894,-1.91907,1.44664,2.15786,0.682842,-1.77555,-1.20086,-0.36677,-2.52626,-2.66197,0.536062,-0.636538,-0.702361,-0.940125,-2.22684,0.181267,1.04353,-1.06364,0.350456
-2.69958,-0.440592,-0.434909,0.314276,0.590829,0.313569,-2.13932,-1.9888,-0.616879,-1.58518,-1.91606,-0.821537,0.706371,-0.297296,-2.16953,-1.40009,0.103364,0.36477,-0.019809,0.576178
1.30929,-0.762106,1.8935,-0.010247,1.31014,0.182434,-2.56094,0.886759,0.126994,2.22654,1.60976,-0.00719905,-1.27765,0.441186,0.519052,0.499971,0.204258,0.00808974,-2.28531,-0.0332161
-0.0909738,2.25278,-0.610048,0.518763,2.02504,0.929171,0.901926,-1.27198,0.504044,-0.463673,-1.03475,2.55272,0.427699,-0.0815552,-0.353768,-2.17341,0.674225,0.971258,-0.487405,0.418838
-2.47393,1.273,-1.95011,0.0589346,2.1363,2.59796,-1.88202,0.439484,0.679707,-0.916133,-1.32581,0.579547,-0.607613,0.27564,-0.288222,-1.71473,0.665722,2.43654,-2.46038,-0.0335327
-1.21972,2.21265,-0.437579,0.193009,1.13595,0.649217,1.34921,-2.62138,0.102516,-0.699614,-1.49584,2.13444,1.20573,0.652869,-1.1753,-1.39671,-0.0451634,0.514444,0.662132,1.34856
-0.399081,0.918623,0.808503,1.12258,2.17933,1.78682,-1.85889,2.39895,0.93872,1.18025,1.72698,1.43686,-1.76257,1.35788,0.78869,1.2633,0.0460989,0.952431,-2.59949,-0.174177
-1.8195,0.799169,-0.51337,0.871167,0.672267,1.71321,-0.511077,0.150466,-0.00531804,-0.0517009,0.13293,-0.368617,-0.22889,-0.32373,-0.342992,-0.461882,-0.101461,0.858479,-0.220652,0.516336
-1.45499,-0.208103,0.261829,0.399357,-1.10411,0.505265,0.0125076,2.07299,0.367328,-0.118605,1.18152,-0.906654,-0.231978,0.856578,0.17889,2.28147,-0.507443,-0.135953,0.369506,-0.44829
-1.73083,-0.215641,1.56913,1.60046,-0.17019,0.801262,-0.419509,1.21916,0.0952808,0.893669,1.867,-1.0944,-0.0837111,0.0959324,-0.303596,1.14735,-0.359947,-0.343737,0.59778,0.331736
2.35074,0.371898,0.832343,1.79783,1.05283,-0.161219,0.369114,1.92525,0.338771,0.828084,1.90713,2.04579,-1.95156,0.577492,1.71221,2.08876,-0.468962,-0.546413,-1.04367,-0.266477