1.00938,-2.90932,0.456475,-0.102515,-0.827578,-1.80762,-1.56323,0.14468,-0.799389,-0.11781,-0.0985354,-2.0033,-0.591142,-0.810865,0.181452,0.25268,-0.138672,-1.06598,0.00155708,-0.475145
0.0732695,-0.306292,1.43714,0.495545,-0.718057,0.369062,0.353415,0.20041,-0.403308,1.90099,1.90855,-1.43355,0.0179507,-0.57098,0.217226,0.618505,-0.481946,-0.630415,1.01448,0.733408
-0.498805,-1.54823,-0.590268,0.747476,0.269545,0.136154,-2.22301,-0.406264,-1.25526,-0.221366,-0.449718,-1.88614,-1.48422,-0.993089,-0.00234437,0.10756,-0.880571,-0.195533,-0.461614,0.714558
1.19362,-0.112241,-0.398912,0.941613,1.88951,0.670718,-1.50544,1.8368,0.241535,0.47993,0.602231,0.926538,-2.38623,0.156831,1.61013,0.464976,-0.115959,0.607838,-2.43929,-0.310763
-2.12224,0.111408,-1.91929,1.44662,2.1582,0.706948,-1.7754,-1.21109,-0.368368,-2.52658,-2.66154,0.5446,-0.640381,-0.702345,-0.952673,-2.2269,0.180904,1.0547,-1.05942,0.356135
-2.6997,-0.445276,-0.436817,0.315553,0.591307,0.31538,-2.13941,-1.98892,-0.616792,-1.58503,-1.9163,-0.827427,0.697363,-0.298104,-2.16944,-1.41681,0.103233,0.374427,-0.0303787,0.581394
1.30938,-0.775621,1.8937,0.00278671,1.31027,0.196707,-2.56069,0.922773,0.128631,2.22619,1.6459,-0.00310371,-1.28553,0.445164,0.52562,0.509078,0.207773,0.000849154,-2.28538,-0.0436828
-0.0939271,2.25293,-0.611878,0.52863,2.02488,0.933243,0.901654,-1.28707,0.503982,-0.4731,-1.04814,2.55299,0.428517,-0.0816928,-0.353584,-2.1736,0.67737,0.971085,-0.492404,0.425569
-2.47389,1.29277,-1.94997,0.0495315,2.13625,2.59806,-1.88206,0.439834,0.679633,-0.937943,-1.3396,0.594182,-0.611811,0.276003,-0.290142,-1.71485,0.665919,2.43655,-2.46031,-0.0400031
-1.21967,2.21261,-0.445861,0.191528,1.13605,0.645512,1.34939,-2.62138,0.104434,-0.712872,-1.49595,2.13432,1.20565,0.653026,-1.18315,-1.40473,-0.0450868,0.51066,0.677532,1.34848
-0.395647,0.92534,0.825118,1.15632,2.17935,1.7869,-1.85924,2.3991,0.938697,1.18061,1.72673,1.43734,-1.76222,1.35762,0.797527,1.26357,0.0503443,0.959213,-2.6352,-0.175388
-1.81945,0.813288,-0.506191,0.871302,0.683691,1.71319,-0.516612,0.154694,-0.00510095,-0.0519969,0.120685,-0.363911,-0.238232,-0.323873,-0.336678,-0.463943,-0.104818,0.859335,-0.237574,0.519324
-1.45503,-0.207191,0.264625,0.407258,-1.10418,0.508546,0.0110833,2.07313,0.367159,-0.104253,1.1935,-0.918576,-0.224224,0.856519,0.177277,2.28122,-0.507697,-0.126602,0.367885,-0.443948
-1.73088,-0.203001,1.56937,1.60048,-0.165081,0.805924,-0.419452,1.21904,0.0880018,0.8977,1.86702,-1.0945,-0.0828207,0.0979745,-0.311844,1.14748,-0.367994,-0.347038,0.596166,0.339672
2.35073,0.380914,0.845236,1.79785,1.07488,-0.161207,0.358121,1.94639,0.340772,0.842856,1.90728,2.04567,-1.95187,0.586057,1.71218,2.08865,-0.470516,-0.553284,-1.04369,-0.271579