1.01411,-2.90925,0.461976,-0.121282,-0.834755,-1.80761,-1.56357,0.138824,-0.805815,-0.104636,-0.0984675,-2.00317,-0.594532,-0.810626,0.177654,0.25254,-0.144857,-1.06638,-0.000607883,-0.473846
0.0752006,-0.305252,1.44832,0.495484,-0.726772,0.355293,0.361363,0.208264,-0.407143,1.90112,1.90849,-1.43355,0.0180186,-0.570682,0.220519,0.63405,-0.49072,-0.648169,1.01471,0.733318
-0.509026,-1.55994,-0.590137,0.753329,0.264709,0.140929,-2.22303,-0.406136,-1.25538,-0.228125,-0.450145,-1.88604,-1.48413,-0.993357,-0.00781381,0.107489,-0.880645,-0.191536,-0.460882,0.714626
1.20067,-0.113831,-0.388513,0.956491,1.88943,0.683075,-1.50747,1.83679,0.238087,0.48546,0.615029,0.930396,-2.38622,0.152448,1.61011,0.47326,-0.113162,0.606652,-2.43945,-0.312574
-2.12222,0.126883,-1.91947,1.4466,2.15853,0.72977,-1.77518,-1.22056,-0.370034,-2.52689,-2.66114,0.552625,-0.644149,-0.702338,-0.964687,-2.22694,0.180617,1.06525,-1.05427,0.361481
-2.69981,-0.449122,-0.438544,0.317375,0.590826,0.317241,-2.1395,-1.98902,-0.616703,-1.58484,-1.91659,-0.832327,0.688706,-0.299,-2.16934,-1.43161,0.103117,0.383575,-0.0404525,0.586098
1.30948,-0.788587,1.8939,0.0149718,1.31037,0.210377,-2.56045,0.95684,0.12981,2.22587,1.68189,0.000161189,-1.29343,0.44859,0.53132,0.517772,0.211098,-0.00599378,-2.28547,-0.0537591
-0.0968161,2.25305,-0.613073,0.537934,2.02469,0.936729,0.901327,-1.30021,0.503862,-0.481834,-1.06097,2.5533,0.429059,-0.0818671,-0.353394,-2.17377,0.679799,0.970882,-0.496797,0.431397
-2.47386,1.31167,-1.94984,0.0404844,2.13619,2.59814,-1.88212,0.439862,0.679567,-0.958967,-1.35283,0.607116,-0.615844,0.276316,-0.292101,-1.71497,0.666108,2.43654,-2.46026,-0.0466486
-1.21961,2.21259,-0.453535,0.190157,1.13615,0.641866,1.34956,-2.62138,0.1061,-0.725585,-1.49602,2.1342,1.20555,0.65319,-1.19006,-1.412,-0.0450413,0.506589,0.692442,1.3484
-0.391972,0.93095,0.840053,1.18846,2.17938,1.78695,-1.85955,2.39923,0.938662,1.18092,1.72655,1.43781,-1.76191,1.35733,0.805588,1.26384,0.0540404,0.965041,-2.66763,-0.176257
-1.81934,0.826798,-0.499425,0.871481,0.694495,1.7132,-0.522369,0.158653,-0.00492273,-0.0525234,0.108828,-0.359469,-0.247156,-0.323847,-0.330731,-0.465611,-0.107893,0.859963,-0.254072,0.521825
-1.45507,-0.205598,0.267666,0.414147,-1.10426,0.511487,0.0098111,2.07325,0.367021,-0.0909766,1.20496,-0.92977,-0.217202,0.856447,0.175699,2.28097,-0.507916,-0.118287,0.365976,-0.439701
-1.73091,-0.190223,1.56958,1.60049,-0.160221,0.810004,-0.41944,1.21895,0.0810408,0.901115,1.86702,-1.09455,-0.0823394,0.0996514,-0.319521,1.14761,-0.375335,-0.3501,0.593591,0.347102
2.35073,0.390076,0.857857,1.7979,1.09632,-0.16082,0.347416,1.96535,0.342603,0.856391,1.9074,2.04552,-1.95215,0.594811,1.71215,2.08854,-0.47122,-0.559832,-1.04374,-0.276236