1.01895,-2.90917,0.466908,-0.139636,-0.841484,-1.8076,-1.56388,0.133438,-0.811719,-0.0913801,-0.0983274,-2.00308,-0.597315,-0.81037,0.174018,0.252379,-0.150368,-1.06677,-0.00153232,-0.472507
0.0772304,-0.304938,1.45827,0.495412,-0.734311,0.341818,0.368245,0.216041,-0.410887,1.90123,1.90844,-1.43357,0.0179199,-0.570444,0.223711,0.648432,-0.498987,-0.66532,1.01486,0.733226
-0.518963,-1.57047,-0.590035,0.758722,0.259826,0.145573,-2.22309,-0.406009,-1.25547,-0.234245,-0.450676,-1.88592,-1.48404,-0.993639,-0.0131099,0.107435,-0.880695,-0.187869,-0.459925,0.714701
1.20727,-0.11511,-0.378336,0.970883,1.88939,0.69465,-1.50875,1.8368,0.235019,0.490821,0.627059,0.933797,-2.3862,0.148372,1.61013,0.48086,-0.110548,0.605588,-2.43954,-0.31429
-2.12223,0.14162,-1.9196,1.44659,2.15882,0.751342,-1.77493,-1.22935,-0.371773,-2.5272,-2.66078,0.560073,-0.647881,-0.702356,-0.976191,-2.22697,0.180398,1.07528,-1.04843,0.36649
-2.69991,-0.452216,-0.440102,0.319683,0.589512,0.319144,-2.13961,-1.9891,-0.616618,-1.58464,-1.91688,-0.836328,0.680423,-0.299982,-2.16925,-1.44464,0.103005,0.392249,-0.0500166,0.59034
1.3096,-0.80098,1.89409,0.0264724,1.31046,0.223488,-2.56021,0.98904,0.130599,2.22556,1.71751,0.00253556,-1.30138,0.451541,0.536249,0.526072,0.21426,-0.0124323,-2.28556,-0.0634586
-0.0997249,2.25317,-0.613756,0.546626,2.02451,0.939707,0.900985,-1.31155,0.503711,-0.489894,-1.07324,2.55361,0.429442,-0.0820446,-0.353223,-2.17392,0.681564,0.970661,-0.500547,0.43647
-2.47383,1.32974,-1.94972,0.0318396,2.13612,2.59823,-1.88218,0.439587,0.679512,-0.979214,-1.36553,0.618418,-0.619821,0.276605,-0.294125,-1.71508,0.66628,2.43651,-2.46024,-0.053441
-1.21956,2.21259,-0.46067,0.188927,1.13624,0.63832,1.34973,-2.62139,0.107501,-0.737863,-1.49606,2.13408,1.20546,0.653357,-1.19619,-1.41861,-0.0450172,0.502305,0.706895,1.34831
-0.38818,0.935556,0.85345,1.21893,2.17939,1.78695,-1.85982,2.39933,0.938615,1.1812,1.72644,1.43828,-1.76168,1.35703,0.812962,1.26409,0.057189,0.969995,-2.69709,-0.176829
-1.81922,0.839649,-0.493106,0.871679,0.704689,1.71323,-0.528313,0.162329,-0.00479327,-0.0532942,0.0973776,-0.355343,-0.255709,-0.323723,-0.325186,-0.466997,-0.110703,0.860392,-0.270084,0.523878
-1.4551,-0.203385,0.270884,0.420081,-1.10432,0.514136,0.00863567,2.07335,0.366912,-0.0787371,1.21597,-0.940235,-0.210882,0.856372,0.17418,2.28075,-0.508093,-0.110992,0.363864,-0.435576
-1.73094,-0.177363,1.56976,1.6005,-0.155594,0.813573,-0.419473,1.21889,0.0744512,0.904015,1.86701,-1.09458,-0.0822465,0.101045,-0.326618,1.14773,-0.38198,-0.352942,0.590204,0.354073
2.35075,0.399342,0.870198,1.79797,1.11707,-0.160085,0.33706,1.98233,0.344326,0.868782,1.90749,2.04535,-1.9524,0.603784,1.71211,2.08844,-0.471146,-0.566093,-1.04381,-0.280498