1.02427,-2.91007,0.470043,-0.158953,-0.846245,-1.80688,-1.56478,0.129001,-0.817404,-0.0786619,-0.0964391,-2.00235,-0.599987,-0.809512,0.169702,0.251691,-0.155077,-1.06768,0.000945073,-0.471133
0.0794797,-0.305763,1.46656,0.494633,-0.739956,0.328995,0.373835,0.223984,-0.414652,1.90105,1.90929,-1.43326,0.0173966,-0.569947,0.226359,0.661424,-0.506687,-0.682155,1.01613,0.733165
-0.528575,-1.58006,-0.590128,0.763484,0.255159,0.150175,-2.22325,-0.405818,-1.25557,-0.239804,-0.45108,-1.88571,-1.48401,-0.99383,-0.0183322,0.107321,-0.880701,-0.184544,-0.458432,0.71478
1.21342,-0.116044,-0.368354,0.984853,1.88929,0.705458,-1.50937,1.8368,0.232333,0.496127,0.638217,0.936721,-2.38614,0.144594,1.61022,0.48789,-0.108135,0.604695,-2.43972,-0.315924
-2.12251,0.156467,-1.91874,1.44762,2.15786,0.771157,-1.77417,-1.23798,-0.37341,-2.52712,-2.66178,0.566376,-0.651297,-0.702861,-0.986526,-2.22658,0.180113,1.08527,-1.04391,0.371135
-2.6998,-0.455241,-0.442259,0.321588,0.588448,0.321519,-2.1401,-1.9888,-0.616673,-1.58474,-1.91612,-0.8391,0.672291,-0.300678,-2.1697,-1.45632,0.102991,0.400166,-0.0576591,0.594196
1.30912,-0.811039,1.89645,0.0398303,1.30776,0.234821,-2.55885,1.01848,0.131448,2.22616,1.74951,0.00276117,-1.30868,0.453035,0.542028,0.534932,0.216988,-0.0175442,-2.28972,-0.0728699
-0.102508,2.25273,-0.614755,0.553903,2.02526,0.942662,0.900293,-1.32093,0.503429,-0.497602,-1.08393,2.55428,0.429517,-0.0818641,-0.353577,-2.17434,0.682836,0.970136,-0.502311,0.440929
-2.47398,1.34763,-1.9489,0.024451,2.13512,2.5979,-1.88185,0.438705,0.679599,-0.998397,-1.37877,0.627744,-0.623559,0.276525,-0.295721,-1.71489,0.666326,2.43677,-2.4616,-0.0603795
-1.21961,2.21289,-0.466965,0.18826,1.13588,0.634683,1.35008,-2.62156,0.108694,-0.749647,-1.49659,2.13374,1.2055,0.653346,-1.20143,-1.42452,-0.0450565,0.498022,0.720233,1.34822
-0.383606,0.937,0.862623,1.2446,2.18299,1.78855,-1.86154,2.40068,0.938064,1.1803,1.73034,1.44031,-1.76243,1.35808,0.817735,1.26312,0.0601985,0.972966,-2.71858,-0.177046
-1.81903,0.851566,-0.487541,0.871551,0.714658,1.71343,-0.534552,0.165845,-0.00476406,-0.0544279,0.0867492,-0.351403,-0.26402,-0.323411,-0.320267,-0.468319,-0.113222,0.86053,-0.285017,0.525524
-1.45533,-0.199986,0.274999,0.42598,-1.10535,0.51608,0.00793818,2.07308,0.366962,-0.0671801,1.22546,-0.950445,-0.204975,0.855924,0.17328,2.28089,-0.508339,-0.104353,0.360159,-0.431627
-1.7312,-0.163727,1.57084,1.60155,-0.152377,0.816165,-0.419052,1.21842,0.0684344,0.906877,1.86569,-1.0951,-0.0822058,0.101779,-0.332487,1.14822,-0.388088,-0.355198,0.584427,0.360593
2.35061,0.409207,0.882916,1.79879,1.13624,-0.15941,0.327456,1.99718,0.346107,0.8804,1.90663,2.0448,-1.95238,0.612678,1.71252,2.08862,-0.47047,-0.571822,-1.04516,-0.284431