0.314839,-2.9483,0.2286,0.0973143,-0.298625,-1.81411,-1.57723,0.185408,-0.122768,-0.155968,-0.085869,-2.04116,-0.248364,-0.780734,0.0796249,0.226353,-0.0647922,-1.07661,0.179829,-0.129482
-0.101097,-0.272814,0.326009,0.534395,-0.11224,0.386165,-0.0992869,-0.0495109,-0.147579,1.94363,1.91223,-1.46334,0.24793,-0.573197,0.200454,0.0966165,-0.314796,0.0582112,1.00901,0.737607
-0.138123,-0.621511,-0.586098,0.215749,0.0163145,-0.103228,-2.2565,-0.406162,-1.29131,0.0409329,-0.0823056,-1.89776,-1.47092,-1.00736,-0.368452,0.12278,-0.905512,-0.166681,-0.156072,0.721468
0.47782,-0.0944781,-0.167342,-0.0760757,1.89745,-0.0550435,-0.496503,1.85709,0.117041,-0.24546,0.190895,0.367852,-2.42538,0.0867315,1.605,-0.0268473,-0.131229,0.197965,-2.45386,0.0393062
-2.15635,-0.13353,-1.93191,1.45552,2.16391,0.151686,-1.78563,-0.424207,-0.0325095,-2.55076,-2.69993,0.0661066,-0.0299126,-0.732709,-0.238043,-2.24478,-0.0615397,0.240306,-0.320596,0.0105701
-2.71221,-0.045743,-0.0518822,0.151053,0.228204,-0.000272688,-2.16517,-1.99331,-0.597119,-1.58783,-1.93631,-0.216652,0.425683,-0.0986097,-2.23182,-0.350798,0.103016,-0.0371245,0.127623,0.25589
1.31507,-0.235901,1.91192,-0.351351,1.31116,-0.000383188,-2.57944,-0.0315779,-0.212277,2.2524,0.370214,-0.0209865,-0.317207,0.112131,0.0952005,0.217536,0.00238974,0.0640588,-2.32055,0.229768
0.0150922,2.27299,-0.164226,-0.0593664,2.05161,0.232245,0.913262,-0.25208,0.27069,-0.125665,-0.186624,2.57615,-0.186694,-0.0622093,-0.332666,-2.20542,0.356701,0.964197,-0.160995,-0.0590096
-2.50263,0.470968,-1.97542,-0.00464059,2.16668,2.63341,-1.89684,0.159156,0.682867,-0.230159,-0.386006,0.111616,-0.141146,0.269454,-0.158961,-1.73095,0.666675,2.45181,-2.48333,0.0801675
-1.22366,2.23222,-0.0014615,0.0714421,1.14548,0.335069,1.35106,-2.6546,0.216793,0.152262,-1.50535,2.16402,1.22581,0.669135,-0.286867,-0.473071,-0.0543545,0.169523,0.0387863,1.35244
-0.202182,0.225289,-0.0129581,0.13134,2.21176,1.79817,-1.87791,2.43277,0.934932,1.18291,1.76095,1.45598,-1.76147,1.36641,-0.0425337,1.27199,-0.0223505,0.345847,-0.400997,0.0265276
-1.83369,0.351739,-0.248459,0.896627,0.23569,1.72265,-0.264727,0.107183,-0.02083,-0.0915213,0.0972668,-0.294762,0.313963,-0.263138,-0.141683,-0.0618231,0.112517,0.320663,0.064512,0.128184
-1.47204,-0.0579821,0.17002,0.0479173,-1.11123,0.206359,0.0688309,2.08094,0.376102,-0.278695,0.180978,-0.0177359,-0.126329,0.873111,-0.0395679,2.30151,-0.497018,-0.0747501,0.107884,-0.185541
-1.74948,-0.223972,1.58214,1.59995,-0.166253,0.156916,-0.42768,1.23647,0.101861,0.421218,1.88693,-1.08554,-0.087216,-0.00313195,0.00675778,1.17554,0.0885687,-0.199357,0.351643,-0.101407
2.38198,0.391573,0.258071,1.81414,0.289064,-0.217909,0.23424,0.433446,0.039712,0.117946,1.91844,2.06539,-1.97469,0.317046,1.72037,2.10858,-0.120468,-0.0884057,-1.0578,0.0289773