1.03006,-2.91043,0.470954,-0.179751,-0.848659,-1.80617,-1.56564,0.12533,-0.823158,-0.0673739,-0.0941753,-2.00179,-0.602651,-0.808645,0.164804,0.250748,-0.159257,-1.06892,0.00721644,-0.46993
0.0818773,-0.307566,1.47315,0.493684,-0.743604,0.316718,0.377596,0.232111,-0.418543,1.90049,1.91068,-1.43273,0.0161988,-0.569696,0.22849,0.67274,-0.513852,-0.698562,1.0174,0.733152
-0.537764,-1.58902,-0.590369,0.76741,0.251354,0.154783,-2.22338,-0.405547,-1.2557,-0.244856,-0.451084,-1.88564,-1.48392,-0.993865,-0.0236578,0.107134,-0.880706,-0.181668,-0.456057,0.714766
1.21931,-0.11666,-0.359005,0.998285,1.88956,0.715433,-1.5098,1.83689,0.230282,0.501608,0.648514,0.939169,-2.3862,0.141041,1.61004,0.49462,-0.105764,0.60415,-2.43902,-0.317461
-2.12296,0.171454,-1.91746,1.44863,2.15612,0.78928,-1.77341,-1.24681,-0.374776,-2.52648,-2.66346,0.571743,-0.654513,-0.703475,-0.995327,-2.22614,0.179811,1.09579,-1.04218,0.375583
-2.69944,-0.458135,-0.445796,0.322364,0.588849,0.324254,-2.14087,-1.98844,-0.616781,-1.58524,-1.91472,-0.840862,0.664365,-0.300807,-2.17018,-1.46698,0.102979,0.407192,-0.0622075,0.597713
1.30828,-0.818621,1.8988,0.0569182,1.30378,0.244081,-2.55676,1.04464,0.132961,2.22765,1.77485,0.000863889,-1.31525,0.452233,0.549198,0.545094,0.219221,-0.0208328,-2.29465,-0.0816172
-0.105156,2.25205,-0.61688,0.559235,2.02608,0.945913,0.899685,-1.32842,0.502952,-0.50538,-1.09182,2.5551,0.42922,-0.0816628,-0.354097,-2.175,0.683597,0.969284,-0.501375,0.444764
-2.47435,1.36574,-1.94793,0.0192656,2.13365,2.59737,-1.88116,0.436946,0.679963,-1.01608,-1.39375,0.634874,-0.626827,0.276109,-0.296455,-1.7145,0.66631,2.43709,-2.46356,-0.0672868
-1.2198,2.2132,-0.472112,0.188613,1.13484,0.63095,1.35053,-2.62194,0.109817,-0.760765,-1.49744,2.13354,1.20552,0.653244,-1.20558,-1.42966,-0.045146,0.493812,0.7315,1.34817
-0.377687,0.935108,0.866155,1.26314,2.18752,1.78974,-1.86378,2.40184,0.936729,1.17794,1.73569,1.4415,-1.76294,1.35954,0.819369,1.26156,0.0631042,0.973267,-2.72854,-0.177442
-1.81886,0.862571,-0.482894,0.871465,0.724178,1.71384,-0.541015,0.169137,-0.00496665,-0.0560243,0.0771488,-0.347627,-0.272053,-0.323072,-0.315973,-0.469891,-0.115554,0.860021,-0.2991,0.526763
-1.45586,-0.195796,0.280151,0.432421,-1.10725,0.517375,0.00801595,2.07271,0.367294,-0.0557917,1.233,-0.959788,-0.199571,0.855249,0.17301,2.28089,-0.508633,-0.0983171,0.35375,-0.427692
-1.73126,-0.149221,1.57183,1.60285,-0.150975,0.817739,-0.41826,1.21803,0.0633408,0.910529,1.86343,-1.09586,-0.0820053,0.101694,-0.336937,1.14916,-0.393601,-0.356564,0.575579,0.366685
2.35038,0.420009,0.896564,1.80002,1.1527,-0.159173,0.319204,2.00977,0.348207,0.891877,1.90507,2.04417,-1.9521,0.620988,1.71308,2.08906,-0.469373,-0.576829,-1.04729,-0.287889