1.03581,-2.90943,0.470902,-0.200513,-0.850555,-1.80648,-1.56554,0.12153,-0.828809,-0.0576366,-0.0940858,-2.00224,-0.60483,-0.808541,0.160539,0.250398,-0.163302,-1.06966,0.014399,-0.468932
0.0840941,-0.309576,1.47885,0.493515,-0.746324,0.304446,0.379542,0.239949,-0.422405,1.89985,1.91148,-1.43249,0.0144338,-0.570101,0.230677,0.682483,-0.520686,-0.714119,1.01695,0.73323
-0.546488,-1.59732,-0.590437,0.770718,0.248586,0.159194,-2.22333,-0.405375,-1.2558,-0.249333,-0.450851,-1.88587,-1.48366,-0.993892,-0.0290283,0.106987,-0.880722,-0.179247,-0.453147,0.714738
1.22525,-0.117173,-0.350668,1.01075,1.89022,0.724857,-1.51067,1.83714,0.229115,0.507387,0.658003,0.941371,-2.38662,0.137637,1.60955,0.501264,-0.10328,0.604152,-2.43721,-0.31899
-2.12321,0.185608,-1.91735,1.44818,2.15555,0.806523,-1.7735,-1.25563,-0.375967,-2.52591,-2.66363,0.577153,-0.658023,-0.703479,-1.00316,-2.22625,0.179691,1.10683,-1.04221,0.37993
-2.69919,-0.460102,-0.450236,0.322418,0.590537,0.3268,-2.14114,-1.9885,-0.616739,-1.58578,-1.91439,-0.842374,0.657066,-0.300736,-2.16999,-1.47646,0.102787,0.413626,-0.064593,0.600941
1.30789,-0.82595,1.89815,0.0761126,1.30262,0.252716,-2.55601,1.0684,0.135172,2.22869,1.79484,-0.0012147,-1.32222,0.449779,0.55616,0.555852,0.221242,-0.0231796,-2.29447,-0.0894425
-0.107879,2.25219,-0.619761,0.563481,2.02551,0.949128,0.899639,-1.33451,0.502488,-0.513212,-1.09733,2.55534,0.428777,-0.081847,-0.354011,-2.17539,0.683734,0.968647,-0.499119,0.447963
-2.4747,1.3835,-1.94792,0.0160423,2.13317,2.5973,-1.88062,0.434523,0.680433,-1.03224,-1.41023,0.640316,-0.629748,0.275732,-0.296652,-1.71444,0.666329,2.43684,-2.46416,-0.0738997
-1.21997,2.21305,-0.476433,0.189787,1.13409,0.627403,1.35066,-2.62214,0.110956,-0.771136,-1.4977,2.13379,1.20526,0.653342,-1.20887,-1.43419,-0.0451809,0.489538,0.740903,1.34818
-0.370817,0.932932,0.866714,1.27686,2.18794,1.78846,-1.86412,2.40119,0.935616,1.17609,1.73674,1.4399,-1.76183,1.35961,0.820194,1.26132,0.0655065,0.97204,-2.73128,-0.178362
-1.81877,0.873028,-0.478998,0.871787,0.732711,1.71402,-0.547523,0.172036,-0.00529391,-0.0578172,0.0680895,-0.344227,-0.279638,-0.322747,-0.311979,-0.471793,-0.117755,0.85888,-0.313024,0.527535
-1.45627,-0.191897,0.285353,0.438788,-1.10852,0.51867,0.00837765,2.07273,0.367716,-0.0443734,1.23968,-0.966935,-0.195316,0.854976,0.172632,2.28028,-0.508808,-0.093353,0.345736,-0.423692
-1.73088,-0.134786,1.57166,1.60298,-0.15014,0.81907,-0.41786,1.21824,0.0592426,0.915377,1.86217,-1.09604,-0.0819327,0.101181,-0.340722,1.14984,-0.398318,-0.357309,0.565499,0.37235
2.35026,0.431187,0.910712,1.80044,1.16649,-0.159188,0.312477,2.0204,0.350785,0.903547,1.90432,2.04412,-1.95189,0.628479,1.71315,2.08931,-0.468,-0.581463,-1.04831,-0.290667