1.04131,-2.9085,0.470847,-0.220304,-0.852776,-1.80716,-1.56504,0.117477,-0.834133,-0.0490013,-0.0951084,-2.00297,-0.606528,-0.80874,0.15713,0.250513,-0.167129,-1.06989,0.0208905,-0.467974
0.0860015,-0.31154,1.48421,0.493682,-0.748662,0.292147,0.380343,0.247187,-0.426029,1.89939,1.91175,-1.4326,0.0123306,-0.570579,0.232938,0.691011,-0.527282,-0.728899,1.01587,0.733318
-0.554741,-1.6048,-0.590345,0.773673,0.246483,0.163296,-2.22335,-0.405325,-1.25585,-0.253251,-0.450632,-1.88607,-1.48346,-0.993988,-0.0342519,0.106908,-0.880709,-0.177192,-0.450116,0.714802
1.23134,-0.117803,-0.343101,1.02179,1.89072,0.734258,-1.51219,1.83753,0.228678,0.513288,0.666757,0.943677,-2.38741,0.134466,1.60909,0.507644,-0.100725,0.604675,-2.4355,-0.320651
-2.12324,0.198701,-1.91806,1.44771,2.15579,0.823058,-1.77392,-1.26443,-0.377025,-2.52557,-2.66294,0.582778,-0.661534,-0.703263,-1.01027,-2.22642,0.179743,1.11824,-1.04318,0.384127
-2.69916,-0.46112,-0.454722,0.322013,0.592937,0.329289,-2.14093,-1.98861,-0.616722,-1.58622,-1.91474,-0.843783,0.650292,-0.30082,-2.1698,-1.48478,0.102556,0.419536,-0.0657816,0.603901
1.30784,-0.833862,1.89672,0.0961578,1.30289,0.261232,-2.55647,1.09028,0.137888,2.22918,1.81145,-0.0026211,-1.32979,0.446533,0.562537,0.566507,0.223094,-0.0249713,-2.29271,-0.0965235
-0.110626,2.25298,-0.62264,0.567314,2.02477,0.952093,0.899591,-1.33945,0.502163,-0.521007,-1.10152,2.55505,0.428154,-0.0819826,-0.353758,-2.17549,0.683398,0.968309,-0.496363,0.450613
-2.47496,1.4003,-1.94817,0.0143843,2.13308,2.59745,-1.88027,0.431587,0.680813,-1.0471,-1.42764,0.644621,-0.632339,0.275374,-0.296509,-1.71452,0.666321,2.43645,-2.46441,-0.0801065
-1.22008,2.21284,-0.480294,0.191557,1.13394,0.623979,1.35065,-2.62209,0.112137,-0.780689,-1.49769,2.134,1.20499,0.653492,-1.2116,-1.43824,-0.0451852,0.48535,0.749052,1.3482
-0.36344,0.931967,0.866388,1.28768,2.18713,1.7872,-1.86336,2.40053,0.935178,1.17536,1.73585,1.43833,-1.76103,1.35909,0.821035,1.26186,0.0674485,0.969984,-2.73081,-0.179565
-1.81869,0.883103,-0.475709,0.872062,0.740536,1.7138,-0.554115,0.174662,-0.00555394,-0.0594452,0.0591197,-0.341363,-0.286856,-0.322312,-0.308176,-0.473912,-0.119695,0.857607,-0.326473,0.527781
-1.45626,-0.188216,0.290112,0.444763,-1.10888,0.520057,0.00839052,2.07289,0.367998,-0.0329462,1.24608,-0.971914,-0.192355,0.85512,0.172068,2.27972,-0.508871,-0.0894738,0.337363,-0.419761
-1.73064,-0.12096,1.57133,1.60271,-0.149369,0.820592,-0.417936,1.2185,0.0559576,0.921314,1.86189,-1.0957,-0.0821666,0.100454,-0.34418,1.14998,-0.402322,-0.357712,0.555466,0.377606
2.35016,0.442131,0.924926,1.80054,1.17798,-0.159277,0.307146,2.02937,0.353904,0.915441,1.90411,2.04436,-1.95161,0.635105,1.71322,2.0894,-0.466542,-0.585996,-1.04879,-0.292758