1.04652,-2.9079,0.471403,-0.23867,-0.855471,-1.8078,-1.56447,0.113249,-0.838998,-0.0409512,-0.0963604,-2.00368,-0.607775,-0.809002,0.15451,0.250852,-0.170629,-1.06985,0.025914,-0.466973
0.0876509,-0.313461,1.48945,0.494038,-0.750808,0.27997,0.38071,0.253708,-0.429305,1.89927,1.91163,-1.43292,0.0101435,-0.570862,0.235079,0.698758,-0.533589,-0.742989,1.01485,0.733365
-0.562551,-1.61136,-0.59017,0.776336,0.244714,0.167135,-2.22347,-0.405345,-1.25585,-0.256714,-0.450561,-1.88613,-1.48338,-0.994141,-0.0391529,0.106893,-0.880718,-0.175422,-0.447105,0.714848
1.23754,-0.118462,-0.335971,1.03126,1.89093,0.743727,-1.51432,1.83791,0.228722,0.519147,0.674847,0.946175,-2.38825,0.131644,1.60871,0.513494,-0.0981599,0.605622,-2.43446,-0.322488
-2.12312,0.210735,-1.91901,1.44741,2.15627,0.839006,-1.77435,-1.27321,-0.377935,-2.52541,-2.66205,0.588558,-0.66467,-0.703048,-1.01687,-2.22656,0.179968,1.12981,-1.04449,0.388135
-2.69926,-0.461319,-0.458639,0.321406,0.59553,0.331802,-2.14054,-1.98865,-0.616785,-1.58641,-1.91534,-0.845134,0.643854,-0.301165,-2.16971,-1.49207,0.10237,0.42498,-0.0665415,0.606615
1.30802,-0.842443,1.89544,0.116225,1.30363,0.269724,-2.55732,1.11062,0.140854,2.22911,1.82644,-0.00319457,-1.33768,0.443191,0.568391,0.576585,0.224791,-0.0264348,-2.29102,-0.102988
-0.113261,2.25394,-0.624934,0.57103,2.02441,0.954658,0.899491,-1.34332,0.501987,-0.52867,-1.10532,2.55451,0.42732,-0.082026,-0.353539,-2.17539,0.682739,0.968136,-0.493444,0.452749
-2.4751,1.41582,-1.94835,0.0139718,2.13309,2.5976,-1.88009,0.428191,0.680971,-1.06096,-1.44542,0.648142,-0.634431,0.275128,-0.296029,-1.71461,0.666303,2.43621,-2.46469,-0.0858698
-1.22011,2.21267,-0.483916,0.193772,1.1341,0.620537,1.35067,-2.62197,0.113349,-0.78946,-1.49761,2.13404,1.20486,0.653604,-1.21395,-1.44189,-0.0451768,0.481455,0.756397,1.34824
-0.355971,0.932501,0.866417,1.29682,2.18625,1.78657,-1.86239,2.40014,0.935251,1.17555,1.7343,1.4375,-1.76086,1.35843,0.821971,1.26261,0.0690691,0.967496,-2.72946,-0.180914
-1.81866,0.892821,-0.472869,0.872276,0.747967,1.71347,-0.560782,0.177133,-0.00570532,-0.060748,0.0499815,-0.339103,-0.29376,-0.321951,-0.304504,-0.476142,-0.121302,0.856548,-0.339205,0.527548
-1.45595,-0.184333,0.294223,0.450211,-1.10856,0.521448,0.0077209,2.0731,0.368068,-0.0216963,1.25242,-0.975431,-0.19046,0.855454,0.171365,2.27942,-0.508878,-0.0865349,0.329457,-0.416001
-1.7306,-0.10791,1.57115,1.60236,-0.148628,0.822379,-0.418289,1.21863,0.0532763,0.927978,1.86222,-1.09515,-0.0827952,0.099569,-0.347367,1.1498,-0.405801,-0.357972,0.546135,0.382507
2.35013,0.45244,0.938927,1.80062,1.18753,-0.159366,0.302993,2.03686,0.35744,0.927389,1.9042,2.04458,-1.95115,0.640972,1.7134,2.08943,-0.465147,-0.590495,-1.04918,-0.294193