1.05231,-2.91123,0.470825,-0.253938,-0.85963,-1.80677,-1.5634,0.107215,-0.842886,-0.0334102,-0.0946823,-2.00284,-0.607404,-0.808755,0.151763,0.251591,-0.172574,-1.06763,0.0287253,-0.465247
0.0894008,-0.316526,1.49398,0.494962,-0.753211,0.268522,0.381312,0.259003,-0.432074,1.89934,1.91209,-1.43286,0.00843285,-0.570761,0.236705,0.706161,-0.539164,-0.755763,1.01399,0.733574
-0.570213,-1.6158,-0.589346,0.778161,0.243481,0.170317,-2.22381,-0.404862,-1.25599,-0.259753,-0.451518,-1.88655,-1.48376,-0.994463,-0.0433934,0.106825,-0.881117,-0.17453,-0.443942,0.714626
1.24327,-0.117006,-0.327946,1.03839,1.8916,0.752345,-1.51716,1.83915,0.228767,0.525037,0.680865,0.948052,-2.38956,0.128974,1.60882,0.518434,-0.0962473,0.605692,-2.43374,-0.324832
-2.12337,0.223757,-1.91872,1.44644,2.1573,0.85368,-1.77499,-1.28098,-0.378915,-2.52519,-2.6628,0.593629,-0.667857,-0.70314,-1.02266,-2.2269,0.179758,1.14026,-1.04547,0.391586
-2.6992,-0.461866,-0.462285,0.321255,0.597677,0.334728,-2.14005,-1.98909,-0.616766,-1.58647,-1.9152,-0.846048,0.638003,-0.301575,-2.16986,-1.4983,0.10256,0.430571,-0.0674885,0.609289
1.30797,-0.850029,1.89544,0.135165,1.30489,0.277552,-2.55827,1.13035,0.143632,2.22881,1.83993,-0.00366939,-1.34603,0.439957,0.57416,0.58571,0.225871,-0.0285586,-2.28969,-0.109163
-0.115908,2.25585,-0.625771,0.574193,2.02485,0.956288,0.899227,-1.34571,0.501764,-0.536023,-1.11012,2.55354,0.425943,-0.0821698,-0.353182,-2.17526,0.681529,0.967379,-0.490278,0.454166
-2.47438,1.42645,-1.95032,0.0160526,2.13197,2.5991,-1.87942,0.422714,0.68137,-1.07443,-1.46054,0.65237,-0.6347,0.275471,-0.295932,-1.71432,0.667386,2.43818,-2.46553,-0.0905598
-1.21982,2.21134,-0.488032,0.196847,1.13396,0.617488,1.35096,-2.62244,0.114715,-0.797676,-1.49665,2.13444,1.20523,0.653805,-1.2163,-1.44507,-0.0447809,0.478705,0.762983,1.34853
-0.348741,0.934335,0.867335,1.30489,2.18558,1.78639,-1.86171,2.39998,0.935605,1.17626,1.73273,1.43727,-1.76112,1.35788,0.822911,1.26325,0.0704928,0.964738,-2.72819,-0.182394
-1.81832,0.900551,-0.471194,0.873108,0.754676,1.71388,-0.567218,0.178753,-0.00552965,-0.0619011,0.0417764,-0.336824,-0.299841,-0.321567,-0.301251,-0.478249,-0.122071,0.856722,-0.351409,0.527232
-1.45587,-0.17845,0.298485,0.454449,-1.10744,0.522157,0.00613208,2.074,0.367783,-0.0107105,1.25764,-0.978839,-0.189761,0.855579,0.170849,2.27922,-0.509333,-0.0852071,0.322615,-0.412731
-1.73077,-0.0951957,1.57134,1.60185,-0.147883,0.824149,-0.418751,1.21884,0.0509627,0.934972,1.86251,-1.09479,-0.0839616,0.098465,-0.350187,1.14949,-0.409066,-0.358446,0.537761,0.387035
2.35093,0.458386,0.950614,1.80223,1.19432,-0.158026,0.300366,2.04135,0.361628,0.938855,1.90704,2.04605,-1.94944,0.646708,1.71287,2.08978,-0.462781,-0.592856,-1.05008,-0.294364