1.05917,-2.91376,0.468498,-0.26652,-0.865192,-1.80529,-1.56271,0.0991442,-0.846319,-0.0267762,-0.0924257,-2.00164,-0.605333,-0.80899,0.147975,0.251891,-0.172935,-1.06548,0.0300034,-0.463162
0.0912628,-0.320773,1.49748,0.495487,-0.755984,0.257677,0.382306,0.263177,-0.434573,1.89948,1.91255,-1.43279,0.00732351,-0.570705,0.237607,0.713305,-0.543846,-0.767075,1.01357,0.733722
-0.577697,-1.61797,-0.588886,0.779396,0.242567,0.172764,-2.22395,-0.404818,-1.25594,-0.262434,-0.453661,-1.88693,-1.48382,-0.994566,-0.0469028,0.106834,-0.881368,-0.174534,-0.440938,0.714528
1.24835,-0.113604,-0.319138,1.04342,1.89199,0.759893,-1.52038,1.83958,0.228843,0.530873,0.684976,0.949225,-2.39038,0.126667,1.6089,0.522529,-0.094628,0.604654,-2.43338,-0.327358
-2.12379,0.238033,-1.91799,1.44595,2.15796,0.866801,-1.77523,-1.28748,-0.379809,-2.52475,-2.66418,0.597875,-0.670955,-0.7033,-1.0272,-2.22689,0.178895,1.14924,-1.0461,0.394607
-2.69925,-0.462778,-0.466457,0.321722,0.599344,0.337759,-2.13987,-1.98928,-0.616767,-1.58659,-1.91437,-0.846649,0.632733,-0.301782,-2.1701,-1.50386,0.102808,0.436135,-0.0688067,0.612007
1.3079,-0.856262,1.8959,0.152513,1.30595,0.284518,-2.5587,1.14983,0.146106,2.22851,1.85171,-0.00446206,-1.35448,0.436926,0.580329,0.59395,0.226145,-0.0315743,-2.28913,-0.115051
-0.118499,2.25629,-0.625579,0.576677,2.02548,0.957194,0.899274,-1.34703,0.501442,-0.543244,-1.11529,2.55294,0.424417,-0.0820942,-0.35307,-2.17521,0.679814,0.967242,-0.486962,0.454864
-2.47364,1.43241,-1.95145,0.0205096,2.13124,2.59973,-1.87932,0.41527,0.680906,-1.08797,-1.4719,0.657549,-0.633119,0.275541,-0.296884,-1.71428,0.667904,2.43951,-2.46575,-0.0942711
-1.21958,2.21014,-0.492766,0.200579,1.13392,0.615294,1.35125,-2.62266,0.115904,-0.805733,-1.49572,2.13506,1.2053,0.653701,-1.21897,-1.44776,-0.0446018,0.47777,0.769137,1.34862
-0.342027,0.936906,0.869191,1.31218,2.18487,1.78669,-1.8613,2.3996,0.936128,1.17705,1.73167,1.43754,-1.7616,1.35746,0.82376,1.2637,0.0717554,0.96188,-2.72727,-0.184132
-1.81794,0.905686,-0.470527,0.873395,0.760865,1.71482,-0.573384,0.179444,-0.00540853,-0.0632696,0.0348434,-0.334103,-0.304968,-0.32142,-0.298526,-0.480276,-0.122356,0.858024,-0.362696,0.526653
-1.45576,-0.171114,0.302943,0.457332,-1.10625,0.52228,0.00396538,2.07438,0.367407,-0.000289853,1.26204,-0.982446,-0.189626,0.855619,0.17058,2.27924,-0.509702,-0.0851344,0.316887,-0.409887
-1.73086,-0.0825128,1.57154,1.60157,-0.147328,0.825683,-0.419042,1.21892,0.0490064,0.942041,1.8626,-1.09476,-0.0857391,0.0972886,-0.352606,1.1493,-0.41194,-0.35896,0.53026,0.391262
2.3515,0.460316,0.959532,1.8029,1.19856,-0.155417,0.298795,2.04315,0.365926,0.949372,1.90908,2.04667,-1.94827,0.652385,1.71225,2.08954,-0.459601,-0.59299,-1.05048,-0.2935