1.06669,-2.91355,0.465414,-0.277995,-0.871445,-1.80475,-1.56269,0.0901324,-0.849885,-0.0211285,-0.0920419,-2.00118,-0.602418,-0.809733,0.143375,0.251739,-0.172534,-1.06503,0.0307625,-0.461304
0.0929945,-0.325261,1.50035,0.495379,-0.758957,0.247023,0.383485,0.266739,-0.437056,1.89965,1.9123,-1.43292,0.00645594,-0.570817,0.237992,0.720094,-0.547871,-0.777309,1.01366,0.733611
-0.584736,-1.61879,-0.589126,0.78065,0.241694,0.174719,-2.22386,-0.405232,-1.25574,-0.264798,-0.456411,-1.88698,-1.48352,-0.994413,-0.0499618,0.106938,-0.881279,-0.174916,-0.438369,0.714641
1.25297,-0.109739,-0.310405,1.04722,1.89187,0.766794,-1.52358,1.83903,0.22911,0.536363,0.688487,0.950164,-2.39035,0.124894,1.60878,0.526066,-0.0927949,0.603196,-2.43346,-0.329779
-2.12389,0.252409,-1.91781,1.44624,2.158,0.878778,-1.77506,-1.29324,-0.3804,-2.52431,-2.66482,0.601672,-0.673638,-0.703259,-1.03066,-2.22655,0.177798,1.15727,-1.04673,0.397433
-2.69943,-0.463392,-0.471311,0.322489,0.600804,0.340405,-2.13999,-1.98908,-0.616834,-1.58686,-1.91374,-0.847231,0.627872,-0.301757,-2.1701,-1.50921,0.102702,0.441272,-0.0703593,0.61469
1.30802,-0.861914,1.896,0.168496,1.30647,0.290852,-2.55855,1.16877,0.148259,2.22833,1.86217,-0.00558806,-1.36256,0.434262,0.586789,0.601624,0.225933,-0.0350197,-2.28918,-0.120554
-0.120856,2.25539,-0.625147,0.578746,2.02585,0.957913,0.899602,-1.34796,0.501106,-0.550455,-1.11976,2.5529,0.42319,-0.0819365,-0.353241,-2.1751,0.677885,0.967935,-0.483554,0.455025
-2.47361,1.4365,-1.95092,0.0260416,2.1315,2.59911,-1.87981,0.40728,0.679989,-1.1016,-1.48075,0.662955,-0.630536,0.275267,-0.298626,-1.71459,0.667405,2.4392,-2.46529,-0.0975304
-1.21968,2.20993,-0.497709,0.204428,1.13408,0.613943,1.35135,-2.62252,0.116652,-0.813805,-1.49551,2.13543,1.20507,0.653351,-1.22189,-1.45004,-0.044759,0.478427,0.77511,1.34849
-0.335957,0.939656,0.871749,1.31886,2.18416,1.78714,-1.86117,2.3992,0.936753,1.17762,1.73115,1.43802,-1.76203,1.35722,0.824544,1.26395,0.0729764,0.959025,-2.72664,-0.186059
-1.81783,0.90909,-0.470156,0.873096,0.766751,1.71534,-0.579355,0.179643,-0.00537004,-0.0650904,0.0286571,-0.331106,-0.309469,-0.321535,-0.296173,-0.482361,-0.122614,0.859588,-0.372961,0.525721
-1.45557,-0.16386,0.307215,0.459263,-1.1056,0.522299,0.00181229,2.07405,0.367183,0.00943676,1.26642,-0.985964,-0.189474,0.855634,0.170287,2.27952,-0.50966,-0.0853299,0.312037,-0.407322
-1.73082,-0.0699737,1.57146,1.60152,-0.147024,0.82701,-0.419161,1.21888,0.0473552,0.949024,1.8628,-1.09479,-0.0878495,0.0962393,-0.354664,1.14924,-0.414324,-0.359221,0.523459,0.395213
2.35142,0.461051,0.966859,1.80219,1.20131,-0.152676,0.297511,2.04384,0.369635,0.958809,1.90891,2.04614,-1.94821,0.657708,1.71222,2.0889,-0.456527,-0.592281,-1.05028,-0.292184