1.07434,-2.91284,0.462235,-0.289173,-0.877939,-1.8048,-1.56286,0.0809783,-0.853489,-0.0160923,-0.0926238,-2.0011,-0.599235,-0.810341,0.138513,0.251618,-0.171793,-1.06543,0.0315193,-0.459743
0.0945249,-0.329512,1.50308,0.495184,-0.761986,0.236605,0.384654,0.269992,-0.439534,1.89984,1.91168,-1.43303,0.00556579,-0.57088,0.238121,0.726522,-0.551488,-0.786761,1.01401,0.733363
-0.591199,-1.61896,-0.589466,0.782171,0.240787,0.176347,-2.22374,-0.405588,-1.25564,-0.266902,-0.459259,-1.88688,-1.48328,-0.99426,-0.0528169,0.107032,-0.881089,-0.175312,-0.436258,0.714806
1.25729,-0.105936,-0.301974,1.05037,1.89161,0.773273,-1.5266,1.83854,0.229488,0.541324,0.691955,0.951043,-2.39,0.123515,1.60877,0.529263,-0.0908093,0.601693,-2.43384,-0.332139
-2.12374,0.266434,-1.91794,1.4466,2.15789,0.889974,-1.77491,-1.2986,-0.380717,-2.52403,-2.66498,0.605102,-0.675899,-0.703095,-1.0335,-2.22632,0.176808,1.16463,-1.0475,0.400043
-2.69952,-0.463624,-0.476532,0.323361,0.602182,0.342686,-2.14007,-1.98894,-0.616884,-1.58716,-1.91352,-0.847792,0.623425,-0.301615,-2.16991,-1.51447,0.102439,0.446044,-0.0719841,0.617269
1.30813,-0.867215,1.89598,0.183344,1.3067,0.296574,-2.55828,1.18693,0.149983,2.22826,1.87161,-0.0071363,-1.37024,0.431999,0.593238,0.608956,0.225552,-0.038666,-2.28943,-0.12572
-0.122937,2.25464,-0.624708,0.580668,2.02595,0.958643,0.899921,-1.34878,0.500824,-0.557542,-1.12342,2.55299,0.422352,-0.0819373,-0.353392,-2.17486,0.676005,0.968659,-0.480107,0.454881
-2.47393,1.44012,-1.95021,0.0316809,2.13206,2.5986,-1.88021,0.399591,0.679477,-1.11517,-1.48818,0.668247,-0.627534,0.275077,-0.300674,-1.71491,0.666867,2.43854,-2.4647,-0.100657
-1.21995,2.2102,-0.502608,0.208104,1.13424,0.61316,1.35134,-2.62235,0.117038,-0.821784,-1.49568,2.13551,1.2049,0.653047,-1.2248,-1.45201,-0.0449361,0.480004,0.780919,1.34834
-0.330433,0.942167,0.874643,1.32514,2.18361,1.7875,-1.86126,2.39898,0.937307,1.17793,1.73105,1.43845,-1.76222,1.35717,0.825259,1.26402,0.0742892,0.956304,-2.72616,-0.187956
-1.81787,0.911599,-0.469855,0.872903,0.772287,1.71523,-0.585142,0.179614,-0.00524562,-0.0673274,0.0229021,-0.328098,-0.313599,-0.321709,-0.294088,-0.48452,-0.122857,0.861017,-0.382484,0.524655
-1.45548,-0.157117,0.311296,0.460628,-1.10541,0.522321,2.75108e-06,2.07373,0.367086,0.0186443,1.27076,-0.98937,-0.18921,0.855544,0.169853,2.2799,-0.509464,-0.0853467,0.307757,-0.405003
-1.73082,-0.0577107,1.57133,1.60144,-0.14684,0.828172,-0.419204,1.2189,0.0458403,0.95577,1.86314,-1.09475,-0.0900099,0.09537,-0.356414,1.14918,-0.416394,-0.359254,0.517206,0.398875
2.35119,0.461795,0.973392,1.80141,1.20335,-0.150218,0.29621,2.04428,0.37259,0.96724,1.90834,2.0457,-1.94849,0.66256,1.71246,2.08847,-0.453959,-0.591467,-1.04989,-0.290698