1.08174,-2.91224,0.459256,-0.300328,-0.884384,-1.80506,-1.563,0.0721155,-0.85691,-0.0112411,-0.0933839,-2.00118,-0.59606,-0.810701,0.13376,0.25162,-0.170907,-1.06599,0.0324425,-0.458447
0.0959,-0.333405,1.5059,0.495102,-0.764956,0.226608,0.385673,0.273088,-0.441952,1.90006,1.91108,-1.43311,0.00457296,-0.570817,0.238156,0.732627,-0.554835,-0.795644,1.0144,0.733109
-0.597078,-1.61889,-0.589654,0.783937,0.239839,0.177775,-2.22365,-0.405807,-1.25565,-0.268848,-0.461884,-1.88676,-1.48322,-0.994202,-0.0555853,0.107087,-0.880912,-0.175574,-0.434552,0.714948
1.26136,-0.102276,-0.293854,1.0532,1.89138,0.779386,-1.52937,1.83831,0.229849,0.545726,0.69547,0.951881,-2.38958,0.122349,1.60885,0.532262,-0.0888228,0.600247,-2.43431,-0.334445
-2.12352,0.279976,-1.91816,1.44683,2.15778,0.900626,-1.7749,-1.30373,-0.380854,-2.52392,-2.66488,0.608239,-0.67777,-0.702928,-1.03605,-2.22625,0.176043,1.17151,-1.0484,0.402393
-2.69955,-0.463557,-0.481809,0.324292,0.603525,0.344751,-2.14008,-1.98893,-0.616897,-1.58736,-1.91357,-0.848336,0.619416,-0.301438,-2.16967,-1.5196,0.102249,0.450574,-0.0736167,0.619701
1.30818,-0.872265,1.89595,0.19721,1.30677,0.30169,-2.55809,1.20422,0.151246,2.2282,1.88031,-0.00906206,-1.37755,0.430044,0.599459,0.616067,0.225188,-0.0423477,-2.28962,-0.130577
-0.124797,2.25429,-0.624264,0.582554,2.02595,0.959404,0.90013,-1.34957,0.500599,-0.564414,-1.12648,2.55308,0.421848,-0.0820731,-0.353449,-2.1746,0.674341,0.969078,-0.476719,0.454618
-2.47425,1.44367,-1.94976,0.0369506,2.13254,2.59844,-1.88039,0.392509,0.67934,-1.12848,-1.49493,0.673289,-0.624482,0.27503,-0.302734,-1.71507,0.666622,2.43801,-2.46422,-0.103823
-1.2202,2.21051,-0.507375,0.211521,1.13435,0.612681,1.35133,-2.62223,0.117215,-0.829502,-1.49596,2.13547,1.20484,0.652849,-1.22755,-1.4537,-0.0450481,0.481936,0.786506,1.34825
-0.325311,0.944374,0.877653,1.33116,2.18328,1.78768,-1.86142,2.39891,0.93761,1.17803,1.73108,1.43869,-1.76227,1.35723,0.825894,1.26397,0.0756646,0.953745,-2.72572,-0.189724
-1.81797,0.913777,-0.469593,0.872902,0.777441,1.71482,-0.59074,0.179478,-0.00508777,-0.0698222,0.017396,-0.325283,-0.317462,-0.321879,-0.292194,-0.48671,-0.123071,0.862273,-0.391536,0.5236
-1.45547,-0.150904,0.315241,0.46167,-1.10544,0.522334,-0.00138541,2.07354,0.367052,0.0274973,1.27485,-0.992661,-0.188822,0.855374,0.169299,2.28023,-0.509279,-0.0850786,0.303804,-0.402876
-1.73086,-0.0458247,1.57126,1.60133,-0.146666,0.829204,-0.419187,1.21895,0.0443445,0.962163,1.86345,-1.09467,-0.0921195,0.0946488,-0.35794,1.14912,-0.418282,-0.359177,0.51138,0.40229
2.35102,0.462848,0.979509,1.80094,1.20516,-0.148077,0.294837,2.04474,0.374919,0.974858,1.90789,2.04546,-1.94881,0.666963,1.7127,2.08831,-0.451918,-0.590822,-1.04951,-0.289197