1.08873,-2.91186,0.456551,-0.311472,-0.890618,-1.80531,-1.56305,0.0637295,-0.860017,-0.00632162,-0.0939455,-2.00131,-0.592975,-0.810872,0.129265,0.251689,-0.169936,-1.06643,0.0335155,-0.457362
0.0971955,-0.336964,1.50883,0.495138,-0.7678,0.217141,0.386478,0.276076,-0.444272,1.90028,1.91066,-1.43317,0.00348635,-0.570654,0.238165,0.73844,-0.557952,-0.804078,1.0147,0.732919
-0.602428,-1.61871,-0.589681,0.785827,0.238869,0.179101,-2.2236,-0.405923,-1.25571,-0.270719,-0.464166,-1.88669,-1.48327,-0.994223,-0.0582897,0.107121,-0.88079,-0.175694,-0.433174,0.715031
1.2652,-0.0987486,-0.286022,1.05591,1.89121,0.785137,-1.53186,1.83825,0.230119,0.549646,0.698964,0.952681,-2.38924,0.121257,1.60894,0.535132,-0.0869571,0.598841,-2.43471,-0.336674
-2.12334,0.293036,-1.91834,1.44695,2.1577,0.910846,-1.77498,-1.30865,-0.380886,-2.52391,-2.66469,0.611153,-0.679283,-0.702793,-1.03853,-2.2263,0.175472,1.17805,-1.04932,0.404466
-2.69957,-0.463298,-0.486972,0.325305,0.604848,0.34672,-2.14005,-1.98899,-0.616885,-1.58743,-1.91371,-0.848874,0.615834,-0.301264,-2.16947,-1.52453,0.10218,0.454945,-0.07524,0.621964
1.3082,-0.877134,1.89594,0.210189,1.30674,0.306253,-2.55801,1.22059,0.152125,2.22813,1.8885,-0.0112389,-1.38455,0.428266,0.605356,0.622991,0.224896,-0.0459682,-2.2897,-0.135136
-0.126521,2.25423,-0.62377,0.584403,2.02592,0.960162,0.900225,-1.35034,0.500414,-0.571025,-1.12914,2.55313,0.421587,-0.0822513,-0.353444,-2.17439,0.672949,0.969202,-0.473468,0.454322
-2.47444,1.44716,-1.94956,0.0417287,2.13283,2.5985,-1.88043,0.386048,0.679379,-1.14135,-1.50136,0.678016,-0.62157,0.275072,-0.304706,-1.7151,0.66663,2.4377,-2.46389,-0.107076
-1.22037,2.2107,-0.511987,0.214701,1.13441,0.612345,1.35134,-2.62214,0.117303,-0.836861,-1.49618,2.13543,1.20486,0.652739,-1.23007,-1.45517,-0.0451054,0.483898,0.791812,1.34821
-0.320493,0.946384,0.880691,1.33693,2.18316,1.78769,-1.86154,2.39894,0.937658,1.17804,1.73112,1.43877,-1.76227,1.35732,0.826437,1.26391,0.0770239,0.951332,-2.72526,-0.191355
-1.81805,0.915904,-0.469379,0.872992,0.782231,1.71442,-0.596146,0.179288,-0.00495779,-0.0724471,0.0120645,-0.322748,-0.321089,-0.322023,-0.290447,-0.488893,-0.123264,0.863442,-0.400263,0.522612
-1.45548,-0.145114,0.319075,0.462507,-1.10553,0.522319,-0.00241665,2.07346,0.367065,0.0360692,1.27855,-0.995816,-0.188315,0.855195,0.168696,2.28045,-0.50918,-0.0845961,0.300043,-0.400895
-1.7309,-0.0343827,1.57127,1.60121,-0.146448,0.83015,-0.419153,1.219,0.0428296,0.968146,1.86364,-1.09459,-0.0941599,0.094009,-0.359317,1.14909,-0.420063,-0.35908,0.505884,0.40551
2.35095,0.464175,0.985339,1.80076,1.20696,-0.146161,0.293417,2.04521,0.376822,0.981847,1.90762,2.04532,-1.94906,0.671004,1.71285,2.0883,-0.45025,-0.590374,-1.04924,-0.287744