0.40489,-2.91595,0.247051,0.111645,-0.367312,-1.80184,-1.56642,0.213503,-0.211308,-0.19957,-0.0874126,-2.01885,-0.277792,-0.773942,0.0804425,0.226485,-0.0646099,-1.0619,0.1774,-0.173163
-0.0407568,-0.306373,0.441217,0.512837,-0.157415,0.436189,-0.0755955,-0.023744,-0.159865,1.9295,1.89974,-1.44369,0.223875,-0.570377,0.176076,0.113771,-0.311011,0.0191009,1.00355,0.719368
-0.181135,-0.728861,-0.579204,0.245165,0.0650127,-0.0886362,-2.23147,-0.406512,-1.26224,0.0298269,-0.115045,-1.88264,-1.46263,-0.999283,-0.309863,0.118476,-0.896366,-0.200327,-0.201911,0.720893
0.561021,-0.0883108,-0.218983,0.0349123,1.87966,-0.00128093,-0.628467,1.83881,0.147348,-0.180162,0.224782,0.43962,-2.40116,0.109697,1.59966,-0.0165548,-0.155339,0.261136,-2.42847,-0.00813637
-2.13545,-0.151952,-1.91206,1.43867,2.15638,0.192308,-1.76788,-0.501683,-0.0581506,-2.52861,-2.67079,0.0885784,-0.111733,-0.717055,-0.314635,-2.22118,0.0153505,0.292059,-0.399326,0.0418758
-2.69539,-0.0612042,-0.110176,0.188277,0.263465,0.0364442,-2.14587,-1.98001,-0.60484,-1.56371,-1.92488,-0.287061,0.521009,-0.106658,-2.19521,-0.439542,0.109713,-0.00284967,0.130278,0.279866
1.30154,-0.276619,1.89654,-0.358106,1.30175,0.00507023,-2.55319,-0.0237806,-0.158884,2.23349,0.470724,-0.0434072,-0.447851,0.142194,0.117854,0.243727,0.0324265,0.0656208,-2.29671,0.226181
0.0272969,2.25347,-0.204222,-0.0216796,2.03096,0.337431,0.904297,-0.336502,0.30951,-0.175031,-0.241938,2.5512,-0.137283,-0.0647896,-0.335221,-2.18394,0.36575,0.96014,-0.193886,-0.0230908
-2.47403,0.523635,-1.94867,0.0152928,2.14138,2.61294,-1.87981,0.210503,0.681986,-0.260918,-0.471879,0.145441,-0.191463,0.269181,-0.174137,-1.71706,0.664776,2.43515,-2.46083,0.0845906
-1.20771,2.21351,-0.0205378,0.0848123,1.1305,0.386234,1.34046,-2.63027,0.168537,0.0749213,-1.48763,2.13691,1.20915,0.67276,-0.375596,-0.577764,-0.0547663,0.237544,0.0741145,1.34846
-0.233134,0.280715,0.0327569,0.190994,2.18894,1.78351,-1.86432,2.41097,0.931835,1.17099,1.73974,1.43525,-1.74801,1.35637,0.0366855,1.25865,-0.0283052,0.427047,-0.573909,-0.00452714
-1.82147,0.416554,-0.317959,0.891151,0.263445,1.70298,-0.32232,0.083983,-0.0148493,-0.121011,0.140888,-0.376317,0.288051,-0.280888,-0.171621,-0.109862,0.0891703,0.425913,0.0687153,0.15897
-1.46318,-0.0861867,0.22199,0.0578706,-1.10727,0.273378,0.0834651,2.06164,0.366371,-0.325876,0.29008,-0.114454,-0.204545,0.874064,-0.0306824,2.2801,-0.489298,-0.141473,0.145728,-0.227011
-1.72764,-0.273842,1.57496,1.58822,-0.181658,0.226668,-0.423346,1.22295,0.108278,0.485288,1.86796,-1.08956,-0.105037,-0.0633672,-0.00844478,1.15865,0.0488336,-0.230846,0.352415,-0.0575194
2.35619,0.390039,0.308801,1.8022,0.338774,-0.192861,0.288665,0.56087,0.0622977,0.164775,1.90425,2.04658,-1.95445,0.346813,1.70324,2.08967,-0.150975,-0.13255,-1.04626,0.00873217