1.09531,-2.91165,0.454099,-0.322528,-0.896567,-1.80549,-1.56305,0.055865,-0.862785,-0.00126116,-0.0942289,-2.00141,-0.589978,-0.81094,0.125044,0.251762,-0.168892,-1.06668,0.0346596,-0.456436
0.0984712,-0.340249,1.5118,0.495231,-0.770495,0.208216,0.387069,0.278958,-0.446481,1.90043,1.91046,-1.43325,0.00233602,-0.570453,0.238159,0.743965,-0.560835,-0.812116,1.01488,0.732807
-0.607317,-1.61843,-0.58962,0.787724,0.237907,0.180388,-2.22358,-0.40598,-1.25577,-0.27254,-0.466121,-1.88666,-1.48333,-0.994288,-0.0609133,0.107154,-0.880724,-0.175714,-0.432056,0.715061
1.26879,-0.0953432,-0.278468,1.05855,1.89111,0.790533,-1.53408,1.83828,0.230288,0.553188,0.702354,0.953452,-2.38901,0.120162,1.60901,0.537902,-0.0852737,0.597432,-2.43499,-0.338796
-2.12324,0.305645,-1.91847,1.44699,2.15764,0.920671,-1.77507,-1.31335,-0.380858,-2.52394,-2.66451,0.613898,-0.68047,-0.702688,-1.04098,-2.2264,0.17502,1.18433,-1.05024,0.406276
-2.69959,-0.462923,-0.491966,0.326425,0.606159,0.348657,-2.14001,-1.98907,-0.616858,-1.58744,-1.91382,-0.849417,0.612634,-0.301102,-2.16934,-1.5292,0.102188,0.459196,-0.0768446,0.624059
1.30821,-0.881869,1.89597,0.222348,1.30666,0.310352,-2.55802,1.23605,0.152749,2.22806,1.89629,-0.0135355,-1.39129,0.426563,0.610918,0.62971,0.224651,-0.0494882,-2.2897,-0.139407
-0.128168,2.25431,-0.623206,0.586184,2.02592,0.960885,0.900243,-1.35108,0.500266,-0.577358,-1.13154,2.55315,0.421487,-0.0824056,-0.35342,-2.17426,0.671807,0.969165,-0.470391,0.45401
-2.4745,1.4505,-1.94951,0.046068,2.13295,2.59862,-1.88043,0.380119,0.679457,-1.15372,-1.50765,0.682395,-0.618862,0.275138,-0.306596,-1.71507,0.666742,2.43758,-2.46372,-0.110397
-1.22046,2.21078,-0.516437,0.217699,1.13443,0.612072,1.35138,-2.62208,0.117371,-0.843844,-1.49633,2.1354,1.2049,0.652683,-1.23235,-1.45642,-0.0451361,0.485758,0.796796,1.34821
-0.315945,0.948313,0.883726,1.34242,2.18317,1.78761,-1.86159,2.399,0.937547,1.17803,1.73115,1.43878,-1.76226,1.35739,0.82688,1.26387,0.0783105,0.949037,-2.72482,-0.192878
-1.81811,0.918069,-0.469216,0.87309,0.786707,1.71414,-0.601354,0.179071,-0.00487558,-0.0751322,0.00689244,-0.320489,-0.324498,-0.32213,-0.288824,-0.491045,-0.12345,0.864596,-0.408708,0.521694
-1.4555,-0.139641,0.322793,0.463187,-1.10563,0.522273,-0.00319769,2.07342,0.367116,0.0443587,1.28187,-0.998815,-0.187711,0.855059,0.168106,2.28054,-0.509171,-0.0840129,0.296416,-0.399032
-1.73092,-0.023408,1.57134,1.60112,-0.146174,0.831053,-0.419135,1.21904,0.0413041,0.973715,1.86371,-1.09452,-0.0961292,0.0933842,-0.360594,1.14912,-0.421769,-0.359006,0.500659,0.408575
2.35095,0.465678,0.990908,1.80075,1.2088,-0.14438,0.291983,2.0456,0.378462,0.98834,1.9075,2.04524,-1.94923,0.674763,1.71292,2.08834,-0.448787,-0.590068,-1.04908,-0.286342