1.10153,-2.91156,0.451848,-0.333414,-0.902219,-1.80558,-1.56302,0.0484989,-0.86525,0.00390598,-0.0942933,-2.00148,-0.587042,-0.810966,0.121065,0.251805,-0.167784,-1.06679,0.0357998,-0.455634
0.0997593,-0.343318,1.51472,0.495329,-0.773041,0.199789,0.387481,0.281714,-0.448582,1.90052,1.91042,-1.43332,0.00114761,-0.570265,0.23813,0.749185,-0.563484,-0.819779,1.01496,0.732753
-0.611805,-1.61803,-0.589535,0.789557,0.236985,0.181669,-2.22358,-0.40601,-1.25582,-0.274301,-0.467826,-1.88666,-1.48338,-0.994364,-0.0634351,0.107191,-0.880696,-0.175674,-0.431142,0.715058
1.27215,-0.0920556,-0.271191,1.06116,1.89104,0.795591,-1.53604,1.83831,0.230385,0.55644,0.705585,0.954197,-2.38889,0.119039,1.60905,0.540579,-0.083784,0.595988,-2.43514,-0.340793
-2.1232,0.317832,-1.91855,1.44701,2.15761,0.930109,-1.77512,-1.31782,-0.380788,-2.52398,-2.66439,0.616502,-0.681369,-0.702604,-1.04342,-2.2265,0.174629,1.19037,-1.05112,0.407857
-2.69962,-0.462476,-0.496791,0.327652,0.607463,0.350584,-2.13998,-1.98914,-0.616826,-1.58743,-1.91388,-0.849967,0.609757,-0.300959,-2.16927,-1.53357,0.102214,0.46333,-0.0784179,0.625996
1.30823,-0.886494,1.89603,0.233751,1.30657,0.314075,-2.55806,1.25066,0.153237,2.22799,1.90375,-0.0158543,-1.39779,0.424885,0.616171,0.636185,0.224409,-0.0529018,-2.28967,-0.143403
-0.129762,2.25442,-0.622583,0.587877,2.02594,0.96155,0.900222,-1.35178,0.500166,-0.583414,-1.13377,2.55313,0.421493,-0.0825115,-0.353403,-2.17419,0.670858,0.969084,-0.467491,0.453668
-2.47449,1.45364,-1.94951,0.0500701,2.13295,2.59873,-1.88043,0.374625,0.679515,-1.16556,-1.51384,0.686425,-0.616358,0.275188,-0.308441,-1.71504,0.666851,2.43757,-2.46364,-0.11374
-1.2205,2.21079,-0.520717,0.220569,1.1344,0.611838,1.35143,-2.62205,0.117445,-0.850481,-1.4964,2.13541,1.20494,0.652656,-1.23441,-1.45749,-0.0451586,0.487496,0.801446,1.34822
-0.311667,0.950223,0.886734,1.34762,2.18327,1.78752,-1.86157,2.39903,0.937382,1.17802,1.73118,1.43877,-1.76226,1.35742,0.827223,1.26389,0.0795077,0.946838,-2.72442,-0.194327
-1.81815,0.920258,-0.469104,0.87317,0.790924,1.714,-0.606362,0.178842,-0.00483349,-0.0778452,0.00188465,-0.318461,-0.327709,-0.322199,-0.287321,-0.493154,-0.123628,0.865761,-0.416859,0.52082
-1.45549,-0.13441,0.326381,0.463739,-1.10572,0.522202,-0.00382249,2.0734,0.367188,0.0523314,1.28485,-1.00166,-0.187039,0.854981,0.167567,2.28054,-0.509223,-0.0834166,0.292907,-0.397269
-1.73093,-0.0128868,1.57143,1.60107,-0.145857,0.831942,-0.419148,1.21907,0.0397922,0.978904,1.86368,-1.09446,-0.0980244,0.0927277,-0.361791,1.14917,-0.423403,-0.358957,0.495679,0.411504
2.35098,0.467287,0.996216,1.8008,1.21069,-0.142675,0.290552,2.04587,0.379949,0.994413,1.90746,2.04519,-1.94933,0.678292,1.71295,2.08836,-0.447421,-0.58984,-1.04902,-0.284977