1.10744,-2.91154,0.449752,-0.34407,-0.907597,-1.80562,-1.56299,0.0415831,-0.867467,0.00910866,-0.0942308,-2.0015,-0.58414,-0.81098,0.11729,0.251815,-0.16663,-1.06681,0.0368885,-0.454933
0.10107,-0.346209,1.51753,0.495403,-0.77545,0.191795,0.387761,0.284325,-0.450581,1.90055,1.91045,-1.43338,-6.20357e-05,-0.570117,0.23807,0.754081,-0.565917,-0.827074,1.01498,0.732733
-0.615937,-1.61748,-0.58946,0.791298,0.236124,0.18295,-2.22359,-0.406029,-1.25586,-0.275972,-0.469363,-1.88668,-1.4834,-0.994437,-0.065843,0.10723,-0.880686,-0.175598,-0.430394,0.715046
1.27528,-0.0888774,-0.264186,1.06371,1.89101,0.800341,-1.53778,1.83834,0.230447,0.559468,0.708633,0.954916,-2.38886,0.117896,1.60906,0.543163,-0.0824703,0.594499,-2.4352,-0.342662
-2.12319,0.329614,-1.91859,1.44701,2.15761,0.939166,-1.77514,-1.32208,-0.380686,-2.52399,-2.66432,0.618975,-0.682021,-0.702537,-1.04581,-2.22658,0.17427,1.19619,-1.052,0.409247
-2.69964,-0.46198,-0.501466,0.328966,0.608763,0.352504,-2.13996,-1.98918,-0.616795,-1.58743,-1.91389,-0.850516,0.607144,-0.300838,-2.16924,-1.53765,0.102228,0.467343,-0.079948,0.62779
1.30824,-0.891017,1.8961,0.244466,1.30649,0.317492,-2.55811,1.26447,0.153671,2.22795,1.91086,-0.0181368,-1.40407,0.423222,0.621147,0.642382,0.224133,-0.0562171,-2.28964,-0.147139
-0.131302,2.25453,-0.621923,0.589486,2.02597,0.96215,0.900191,-1.35244,0.500122,-0.589202,-1.13583,2.5531,0.421569,-0.0825724,-0.353399,-2.17417,0.670048,0.969021,-0.464754,0.453283
-2.47447,1.45657,-1.94951,0.0538229,2.13289,2.5988,-1.88044,0.369489,0.679541,-1.17689,-1.51991,0.690128,-0.614029,0.275213,-0.310274,-1.71503,0.666914,2.43761,-2.46362,-0.117062
-1.22051,2.21078,-0.524823,0.22335,1.13437,0.611634,1.35147,-2.62203,0.117532,-0.856809,-1.49643,2.13544,1.20497,0.652642,-1.23627,-1.45842,-0.0451801,0.489133,0.805773,1.34823
-0.307666,0.952125,0.889696,1.3525,2.18339,1.78745,-1.86153,2.39904,0.937236,1.17801,1.73122,1.43876,-1.76224,1.35741,0.82747,1.26395,0.0806257,0.94472,-2.7241,-0.195723
-1.81817,0.922429,-0.469038,0.87324,0.794923,1.71394,-0.611169,0.178608,-0.00481575,-0.0805693,-0.0029533,-0.316611,-0.330745,-0.322235,-0.285933,-0.49522,-0.123791,0.86693,-0.424687,0.519963
-1.45547,-0.129379,0.329829,0.464188,-1.10579,0.522119,-0.00435512,2.07339,0.367254,0.0599545,1.28756,-1.00435,-0.186336,0.854952,0.167092,2.28049,-0.5093,-0.0828519,0.289518,-0.395596
-1.73093,-0.00278495,1.57153,1.60103,-0.145515,0.832834,-0.419181,1.2191,0.0383169,0.983765,1.86361,-1.09442,-0.0998432,0.0920171,-0.362915,1.14924,-0.424959,-0.358923,0.490933,0.414299
2.35101,0.468962,1.00126,1.80086,1.21256,-0.141026,0.289132,2.04597,0.381339,1.00011,1.90748,2.04517,-1.94937,0.681611,1.71295,2.08836,-0.446111,-0.58965,-1.04902,-0.283627