1.11311,-2.91155,0.447775,-0.354464,-0.912733,-1.80563,-1.56296,0.0350674,-0.869483,0.0142798,-0.0941174,-2.00149,-0.58126,-0.810995,0.113694,0.251802,-0.165452,-1.0668,0.0379044,-0.454318
0.102397,-0.348951,1.52022,0.495449,-0.777731,0.184179,0.387951,0.286778,-0.452484,1.90055,1.91052,-1.43343,-0.00128269,-0.570013,0.237977,0.758645,-0.568159,-0.834011,1.01497,0.732726
-0.619745,-1.61678,-0.589402,0.792946,0.235333,0.184231,-2.2236,-0.406047,-1.25589,-0.277528,-0.470795,-1.8867,-1.4834,-0.994499,-0.0681332,0.107267,-0.880681,-0.175498,-0.429786,0.715035
1.2782,-0.0857966,-0.257447,1.06619,1.89098,0.80481,-1.53933,1.83837,0.230502,0.562311,0.711493,0.955604,-2.38887,0.116755,1.60906,0.545647,-0.0813052,0.59297,-2.43521,-0.344406
-2.12321,0.341002,-1.91862,1.44701,2.15762,0.947852,-1.77514,-1.32613,-0.380556,-2.52398,-2.66431,0.621318,-0.68246,-0.702486,-1.04814,-2.22662,0.173937,1.20178,-1.05289,0.41048
-2.69966,-0.461443,-0.506005,0.330336,0.610056,0.354414,-2.13994,-1.98921,-0.616768,-1.58746,-1.91386,-0.851054,0.604747,-0.300745,-2.16923,-1.54147,0.102224,0.471226,-0.0814276,0.629457
1.30825,-0.895435,1.89616,0.254556,1.30642,0.320646,-2.55814,1.27753,0.154091,2.22794,1.91763,-0.0203515,-1.41016,0.421586,0.625876,0.648281,0.223805,-0.0594443,-2.28962,-0.150633
-0.132776,2.25461,-0.62125,0.591027,2.02598,0.962687,0.900165,-1.35306,0.500137,-0.594735,-1.13774,2.55306,0.421691,-0.0826026,-0.353405,-2.17417,0.669332,0.968991,-0.462162,0.452852
-2.47446,1.45928,-1.94952,0.0573832,2.13281,2.59884,-1.88046,0.364662,0.679541,-1.18774,-1.52582,0.693544,-0.611844,0.275218,-0.312114,-1.71505,0.666936,2.43765,-2.46363,-0.120333
-1.22053,2.21075,-0.528752,0.226062,1.13432,0.611461,1.35151,-2.62203,0.11763,-0.862859,-1.49644,2.13548,1.20498,0.652632,-1.23795,-1.45922,-0.0452005,0.490699,0.809797,1.34822
-0.303935,0.954005,0.892591,1.35704,2.18351,1.78742,-1.8615,2.39903,0.937139,1.178,1.73125,1.43876,-1.76222,1.35739,0.827634,1.26403,0.0816833,0.942676,-2.72385,-0.197077
-1.81818,0.924541,-0.469016,0.873308,0.798732,1.71394,-0.615775,0.178373,-0.00480846,-0.0832931,-0.00762042,-0.3149,-0.333624,-0.322247,-0.284659,-0.497242,-0.123928,0.868092,-0.432172,0.519098
-1.45544,-0.124532,0.333132,0.464555,-1.10586,0.522031,-0.00483257,2.07339,0.367299,0.0672117,1.29005,-1.0069,-0.185637,0.85495,0.166676,2.28042,-0.509375,-0.0823306,0.286254,-0.394002
-1.73093,0.00693428,1.57161,1.601,-0.145169,0.83373,-0.419222,1.21912,0.0368945,0.988349,1.86353,-1.09438,-0.101587,0.0912501,-0.363968,1.1493,-0.426431,-0.358892,0.486419,0.416959
2.35103,0.47068,1.00605,1.8009,1.21437,-0.139431,0.287729,2.04592,0.382656,1.00546,1.90751,2.04517,-1.94938,0.684727,1.71296,2.08834,-0.444857,-0.589478,-1.04907,-0.282281