1.11857,-2.91158,0.445896,-0.364578,-0.917664,-1.80562,-1.56294,0.0289093,-0.871338,0.0193717,-0.0940002,-2.00146,-0.578401,-0.811012,0.110264,0.251779,-0.164267,-1.06677,0.0388433,-0.453781
0.103732,-0.351556,1.52277,0.495474,-0.779889,0.176899,0.388079,0.28907,-0.454299,1.90053,1.91059,-1.43347,-0.00250813,-0.569944,0.237853,0.762885,-0.570235,-0.840605,1.01497,0.732722
-0.623253,-1.61594,-0.589359,0.794511,0.234615,0.185505,-2.22361,-0.406068,-1.25591,-0.278955,-0.472163,-1.88672,-1.48339,-0.99455,-0.0703066,0.107299,-0.880677,-0.175377,-0.429301,0.71503
1.28095,-0.0828003,-0.250964,1.06858,1.89095,0.809025,-1.54073,1.83839,0.230566,0.564998,0.714175,0.956259,-2.38891,0.115638,1.60904,0.548029,-0.0802615,0.591417,-2.4352,-0.346032
-2.12322,0.352005,-1.91863,1.44701,2.15766,0.95618,-1.77514,-1.32998,-0.380398,-2.52396,-2.66434,0.623528,-0.682718,-0.702451,-1.05037,-2.22663,0.173635,1.20714,-1.0538,0.411583
-2.69968,-0.460872,-0.510413,0.331734,0.611336,0.356311,-2.13993,-1.98923,-0.616747,-1.58752,-1.91381,-0.851571,0.602528,-0.300683,-2.16922,-1.54505,0.102209,0.474976,-0.0828549,0.631013
1.30826,-0.899743,1.89622,0.264076,1.30637,0.323563,-2.55815,1.28991,0.154503,2.22794,1.92401,-0.0224827,-1.41606,0.419993,0.630375,0.653875,0.223422,-0.0625911,-2.28961,-0.153906
-0.134172,2.25466,-0.620577,0.592519,2.02599,0.963169,0.900147,-1.35364,0.5002,-0.600027,-1.13949,2.55303,0.421847,-0.0826168,-0.353413,-2.17419,0.668684,0.968987,-0.4597,0.452382
-2.47448,1.4618,-1.94952,0.0607806,2.13273,2.59885,-1.88048,0.360112,0.679522,-1.19814,-1.53155,0.696718,-0.60978,0.275214,-0.313961,-1.71508,0.666936,2.43768,-2.46365,-0.123532
-1.22054,2.21072,-0.532509,0.228717,1.13428,0.611313,1.35154,-2.62203,0.117729,-0.868649,-1.49645,2.13552,1.20497,0.652621,-1.23946,-1.45994,-0.0452182,0.492216,0.813547,1.34821
-0.300451,0.955847,0.895408,1.36125,2.18361,1.78741,-1.86147,2.399,0.937096,1.17798,1.73127,1.43876,-1.7622,1.35734,0.827731,1.26412,0.082696,0.940704,-2.72369,-0.198391
-1.81817,0.92657,-0.469038,0.873382,0.802363,1.71394,-0.620181,0.178137,-0.00480243,-0.0860071,-0.0121198,-0.313306,-0.336358,-0.322245,-0.283495,-0.499226,-0.124027,0.869236,-0.439308,0.518211
-1.45541,-0.119862,0.336289,0.464858,-1.10591,0.521943,-0.00527388,2.0734,0.367317,0.0741052,1.29236,-1.0093,-0.184968,0.854958,0.166311,2.28036,-0.509438,-0.0818477,0.283119,-0.392484
-1.73093,0.0163013,1.57169,1.60097,-0.144834,0.834627,-0.419259,1.21914,0.0355342,0.9927,1.86345,-1.09435,-0.103264,0.090437,-0.364952,1.14935,-0.427818,-0.358857,0.482133,0.41948
2.35103,0.47243,1.01059,1.80094,1.2161,-0.137899,0.286354,2.04574,0.383905,1.01049,1.90755,2.04518,-1.94938,0.687641,1.71297,2.0883,-0.443671,-0.589322,-1.04913,-0.280933