1.12384,-2.9116,0.444103,-0.374406,-0.922415,-1.8056,-1.56292,0.0230758,-0.873057,0.0243567,-0.0939009,-2.00143,-0.575566,-0.811029,0.106995,0.251754,-0.16309,-1.06676,0.0397099,-0.453312
0.105062,-0.354033,1.52519,0.495487,-0.781926,0.169927,0.388164,0.291207,-0.456031,1.90052,1.91063,-1.4335,-0.00373429,-0.569897,0.237702,0.766819,-0.572169,-0.846874,1.01498,0.732714
-0.626485,-1.61497,-0.589324,0.796004,0.233964,0.186766,-2.22362,-0.406092,-1.25592,-0.280249,-0.473483,-1.88674,-1.48337,-0.994592,-0.0723655,0.107323,-0.880673,-0.175238,-0.428931,0.71503
1.28354,-0.0798781,-0.244729,1.07086,1.89092,0.813008,-1.542,1.83841,0.23064,0.567545,0.716692,0.956882,-2.38896,0.114563,1.60901,0.550306,-0.0793175,0.589855,-2.43518,-0.34755
-2.12323,0.362633,-1.91865,1.44701,2.1577,0.964166,-1.77513,-1.33364,-0.380214,-2.52391,-2.66437,0.625609,-0.682818,-0.702428,-1.0525,-2.22662,0.173371,1.21228,-1.05474,0.412576
-2.6997,-0.460268,-0.514693,0.333139,0.612592,0.358194,-2.13993,-1.98923,-0.616733,-1.58758,-1.91376,-0.852059,0.60046,-0.300654,-2.16921,-1.54842,0.102189,0.478592,-0.0842321,0.632468
1.30826,-0.903937,1.89627,0.273073,1.30634,0.326257,-2.55816,1.30166,0.154897,2.22795,1.93001,-0.0245231,-1.42179,0.418456,0.634659,0.659169,0.222989,-0.0656611,-2.28961,-0.156976
-0.135484,2.25471,-0.619912,0.59398,2.02599,0.963604,0.900134,-1.35418,0.5003,-0.605088,-1.14108,2.553,0.422025,-0.0826249,-0.353421,-2.1742,0.668092,0.968995,-0.457357,0.451882
-2.4745,1.46414,-1.94951,0.0640282,2.13267,2.59887,-1.8805,0.355818,0.679491,-1.2081,-1.53706,0.699688,-0.60782,0.275208,-0.315809,-1.71512,0.666933,2.4377,-2.46367,-0.126651
-1.22057,2.2107,-0.536101,0.231316,1.13425,0.611187,1.35157,-2.62203,0.117825,-0.874188,-1.49646,2.13557,1.20496,0.652609,-1.24083,-1.46058,-0.0452321,0.493694,0.817049,1.3482
-0.297187,0.957639,0.898142,1.36514,2.1837,1.78742,-1.86146,2.39896,0.937095,1.17796,1.73129,1.43876,-1.76217,1.3573,0.827779,1.26421,0.0836714,0.938805,-2.72358,-0.199663
-1.81816,0.928505,-0.469104,0.873459,0.805825,1.71394,-0.624393,0.177896,-0.00479285,-0.0887038,-0.016457,-0.311815,-0.338955,-0.322235,-0.282436,-0.501174,-0.124085,0.870357,-0.446098,0.517296
-1.45539,-0.115368,0.339303,0.465111,-1.10596,0.521858,-0.00568823,2.07341,0.367314,0.0806495,1.29452,-1.01157,-0.184347,0.854964,0.165986,2.28031,-0.509485,-0.0813932,0.280112,-0.391037
-1.73094,0.0253379,1.57175,1.60095,-0.144519,0.835518,-0.419288,1.21916,0.0342392,0.996848,1.8634,-1.09431,-0.104882,0.0895936,-0.36587,1.14939,-0.429122,-0.358815,0.478065,0.421862
2.35102,0.474201,1.01489,1.80096,1.21771,-0.136442,0.285015,2.04543,0.38508,1.01521,1.90759,2.04519,-1.94937,0.690359,1.71298,2.08825,-0.442568,-0.589188,-1.0492,-0.279581