1.12894,-2.91163,0.44239,-0.383948,-0.927005,-1.80558,-1.5629,0.0175421,-0.874656,0.029222,-0.0938244,-2.0014,-0.572762,-0.811047,0.103884,0.251732,-0.161926,-1.06675,0.0405111,-0.452904
0.106379,-0.356388,1.52748,0.495497,-0.783845,0.163244,0.388217,0.293199,-0.457685,1.90052,1.91065,-1.43352,-0.00495827,-0.569862,0.237529,0.770473,-0.573973,-0.852836,1.015,0.7327
-0.629461,-1.61389,-0.589294,0.797433,0.233372,0.188009,-2.22363,-0.406118,-1.25594,-0.281417,-0.474759,-1.88675,-1.48335,-0.994628,-0.0743125,0.107342,-0.880668,-0.175082,-0.428665,0.715033
1.28598,-0.0770226,-0.238732,1.07304,1.89089,0.816778,-1.54315,1.83842,0.230721,0.569965,0.719062,0.957478,-2.38901,0.113539,1.60897,0.55248,-0.0784575,0.5883,-2.43517,-0.348967
-2.12324,0.372898,-1.91867,1.44701,2.15774,0.971827,-1.77513,-1.33713,-0.380004,-2.52386,-2.66442,0.627568,-0.68278,-0.702416,-1.05453,-2.22661,0.173146,1.2172,-1.0557,0.413471
-2.69971,-0.459635,-0.518843,0.334538,0.613815,0.360061,-2.13992,-1.98924,-0.616724,-1.58765,-1.91372,-0.852516,0.598525,-0.300656,-2.1692,-1.5516,0.102169,0.482079,-0.0855632,0.633832
1.30825,-0.908013,1.89631,0.281584,1.30632,0.328735,-2.55816,1.31281,0.155256,2.22796,1.93563,-0.0264705,-1.42734,0.416984,0.63874,0.664175,0.222516,-0.0686551,-2.28961,-0.159861
-0.136714,2.25474,-0.61926,0.59542,2.026,0.964002,0.900126,-1.35468,0.500421,-0.609931,-1.14251,2.55297,0.422219,-0.0826326,-0.353425,-2.17421,0.667546,0.969006,-0.455127,0.451363
-2.47454,1.46632,-1.9495,0.0671312,2.13262,2.59888,-1.88051,0.351765,0.679454,-1.21766,-1.54236,0.702482,-0.605954,0.275207,-0.317647,-1.71515,0.666934,2.4377,-2.46368,-0.129685
-1.22059,2.21068,-0.539536,0.233857,1.13422,0.611077,1.3516,-2.62203,0.117911,-0.879483,-1.49647,2.13561,1.20494,0.652596,-1.24206,-1.46117,-0.0452425,0.495135,0.820326,1.34818
-0.294115,0.959375,0.900792,1.36874,2.18376,1.78743,-1.86146,2.39893,0.937118,1.17794,1.73129,1.43876,-1.76216,1.35725,0.827791,1.26429,0.0846108,0.936977,-2.72353,-0.200892
-1.81815,0.930345,-0.469214,0.873537,0.809122,1.71393,-0.628415,0.177649,-0.00477813,-0.0913782,-0.0206379,-0.310424,-0.341421,-0.322224,-0.281477,-0.503089,-0.124101,0.871452,-0.452556,0.516354
-1.45537,-0.111046,0.342178,0.465322,-1.10599,0.521775,-0.00608011,2.07342,0.367299,0.0868641,1.29654,-1.01371,-0.18378,0.854964,0.165693,2.28028,-0.509522,-0.0809591,0.27723,-0.38966
-1.73095,0.0340585,1.57181,1.60092,-0.144227,0.836397,-0.419309,1.21918,0.0330085,1.00081,1.86336,-1.09428,-0.10645,0.088736,-0.366727,1.14941,-0.430348,-0.358768,0.474204,0.424109
2.35101,0.475984,1.01897,1.80098,1.21921,-0.135067,0.283722,2.04502,0.386175,1.01964,1.90763,2.0452,-1.94936,0.692891,1.713,2.0882,-0.441551,-0.58908,-1.04926,-0.278229