1.13387,-2.91165,0.440754,-0.393207,-0.931446,-1.80556,-1.56288,0.0122889,-0.876148,0.0339643,-0.0937675,-2.00137,-0.569995,-0.811064,0.100929,0.251716,-0.160778,-1.06675,0.0412539,-0.452553
0.107673,-0.358624,1.52967,0.49551,-0.785649,0.156836,0.388241,0.295058,-0.459267,1.90053,1.91065,-1.43354,-0.0061778,-0.56983,0.23734,0.773873,-0.57566,-0.858509,1.01502,0.732682
-0.632202,-1.61271,-0.589265,0.798805,0.232832,0.189231,-2.22364,-0.406146,-1.25595,-0.282469,-0.47599,-1.88676,-1.48334,-0.99466,-0.0761506,0.107356,-0.880664,-0.174912,-0.428496,0.715037
1.28831,-0.0742294,-0.232967,1.07511,1.89086,0.820349,-1.54421,1.83844,0.230801,0.572269,0.721299,0.958049,-2.38904,0.112568,1.60893,0.554553,-0.0776707,0.586764,-2.43517,-0.350288
-2.12325,0.382811,-1.91869,1.44701,2.15778,0.979179,-1.77513,-1.34046,-0.379769,-2.52381,-2.66446,0.629415,-0.682622,-0.702408,-1.05647,-2.22659,0.17296,1.22192,-1.05668,0.414282
-2.69973,-0.458973,-0.522861,0.335922,0.614999,0.361912,-2.13991,-1.98925,-0.616717,-1.58771,-1.91368,-0.852941,0.596711,-0.300688,-2.16919,-1.55462,0.102152,0.485441,-0.0868523,0.635111
1.30825,-0.911971,1.89635,0.289637,1.30631,0.331008,-2.55816,1.3234,0.155567,2.22797,1.94088,-0.0283269,-1.43272,0.415579,0.642629,0.668912,0.222009,-0.0715719,-2.28961,-0.162574
-0.137864,2.25477,-0.61862,0.596845,2.026,0.96437,0.900121,-1.35514,0.500554,-0.614564,-1.14379,2.55295,0.422424,-0.0826422,-0.353426,-2.17422,0.667044,0.969014,-0.453005,0.450835
-2.47457,1.46835,-1.9495,0.0700931,2.13259,2.59889,-1.88052,0.347937,0.679414,-1.22683,-1.54744,0.705119,-0.604175,0.275212,-0.319462,-1.71519,0.666943,2.43769,-2.46369,-0.132633
-1.22062,2.21066,-0.542822,0.236337,1.1342,0.610978,1.35163,-2.62203,0.117987,-0.884541,-1.49648,2.13564,1.20493,0.652582,-1.24318,-1.46169,-0.0452503,0.496537,0.823397,1.34816
-0.291211,0.961055,0.903361,1.37206,2.1838,1.78745,-1.86147,2.39889,0.937152,1.17793,1.73129,1.43877,-1.76215,1.35721,0.827777,1.26436,0.0855121,0.935219,-2.72351,-0.202076
-1.81813,0.932093,-0.469365,0.873611,0.812259,1.71391,-0.632254,0.177395,-0.00475876,-0.0940273,-0.0246687,-0.309128,-0.343759,-0.322216,-0.280612,-0.504974,-0.124077,0.872521,-0.458697,0.515391
-1.45536,-0.106894,0.34492,0.465494,-1.10602,0.521696,-0.00645183,2.07343,0.36728,0.0927689,1.29844,-1.01571,-0.183269,0.85496,0.165428,2.28026,-0.509552,-0.080541,0.27447,-0.388351
-1.73096,0.0424734,1.57187,1.60089,-0.143959,0.83726,-0.419323,1.21919,0.0318386,1.0046,1.86334,-1.09425,-0.107974,0.0878782,-0.367529,1.14943,-0.431502,-0.358716,0.470536,0.426227
2.35099,0.477771,1.02283,1.801,1.22061,-0.133778,0.282482,2.04453,0.387182,1.0238,1.90766,2.0452,-1.94935,0.695251,1.71303,2.08816,-0.440619,-0.589002,-1.04932,-0.27688