1.13864,-2.91167,0.439196,-0.402188,-0.935743,-1.80554,-1.56286,0.00730032,-0.877538,0.0385853,-0.0937239,-2.00135,-0.567273,-0.81108,0.0981277,0.251704,-0.159645,-1.06676,0.0419437,-0.452253
0.108943,-0.360745,1.53176,0.495525,-0.787342,0.150693,0.388242,0.296798,-0.460781,1.90055,1.91064,-1.43355,-0.00739094,-0.569797,0.237136,0.777045,-0.577236,-0.863913,1.01506,0.732661
-0.634726,-1.61145,-0.589236,0.80012,0.232338,0.190429,-2.22365,-0.406173,-1.25596,-0.283417,-0.477169,-1.88677,-1.48333,-0.994688,-0.0778834,0.107368,-0.880658,-0.174729,-0.428414,0.715042
1.29052,-0.0714964,-0.227426,1.07705,1.89084,0.823734,-1.54517,1.83846,0.230875,0.574464,0.723419,0.958598,-2.38907,0.11165,1.6089,0.556531,-0.0769499,0.585254,-2.43517,-0.35152
-2.12325,0.392384,-1.9187,1.44701,2.15781,0.986238,-1.77514,-1.34364,-0.379511,-2.52375,-2.6645,0.63116,-0.68236,-0.702403,-1.05832,-2.22658,0.17281,1.22645,-1.05768,0.415016
-2.69974,-0.458287,-0.526746,0.337287,0.61614,0.363744,-2.1399,-1.98925,-0.616711,-1.58777,-1.91364,-0.853334,0.59501,-0.300748,-2.16917,-1.5575,0.102138,0.488684,-0.0881024,0.636311
1.30825,-0.91581,1.89638,0.297255,1.30631,0.333084,-2.55816,1.33347,0.155823,2.22797,1.9458,-0.0300971,-1.43791,0.41424,0.646335,0.673397,0.221477,-0.0744102,-2.28961,-0.165128
-0.138941,2.2548,-0.617993,0.598255,2.02601,0.964713,0.900116,-1.35556,0.500691,-0.618997,-1.14494,2.55293,0.422634,-0.0826541,-0.353426,-2.17422,0.666582,0.969019,-0.450985,0.450303
-2.4746,1.47024,-1.94949,0.0729179,2.13256,2.59891,-1.88053,0.344324,0.679375,-1.23562,-1.55231,0.707611,-0.602476,0.27522,-0.321246,-1.71522,0.666956,2.43768,-2.46368,-0.135497
-1.22065,2.21065,-0.545965,0.238753,1.13419,0.610889,1.35166,-2.62202,0.118051,-0.88937,-1.49649,2.13567,1.20492,0.652569,-1.2442,-1.46217,-0.0452568,0.497898,0.826279,1.34815
-0.288461,0.96268,0.905849,1.37514,2.18382,1.78746,-1.86148,2.39887,0.937184,1.17793,1.73128,1.43879,-1.76215,1.35718,0.827747,1.26442,0.0863726,0.933529,-2.72352,-0.203214
-1.81812,0.933756,-0.469555,0.873681,0.815242,1.7139,-0.635917,0.177133,-0.00473629,-0.0966494,-0.0285549,-0.307925,-0.345975,-0.322213,-0.279833,-0.506827,-0.124018,0.873564,-0.464539,0.514412
-1.45535,-0.102906,0.347534,0.465631,-1.10603,0.521621,-0.00680465,2.07344,0.367264,0.0983812,1.30021,-1.01759,-0.182809,0.854951,0.165187,2.28025,-0.509579,-0.0801375,0.271827,-0.38711
-1.73097,0.0505908,1.57192,1.60086,-0.143712,0.838105,-0.419335,1.2192,0.0307246,1.00822,1.86332,-1.09422,-0.109459,0.0870306,-0.368281,1.14945,-0.432591,-0.35866,0.467048,0.428223
2.35099,0.479555,1.02649,1.80102,1.2219,-0.132572,0.281299,2.04398,0.388101,1.02772,1.90768,2.0452,-1.94933,0.697455,1.71305,2.08812,-0.439767,-0.588953,-1.04936,-0.275539