1.14326,-2.91168,0.437711,-0.410895,-0.939899,-1.80552,-1.56284,0.00256209,-0.878833,0.0430883,-0.0936877,-2.00133,-0.5646,-0.811097,0.0954736,0.251697,-0.158527,-1.06677,0.0425849,-0.452
0.110184,-0.362757,1.53374,0.495544,-0.788932,0.144805,0.388221,0.298429,-0.462233,1.90057,1.91062,-1.43357,-0.00859595,-0.569762,0.236923,0.78001,-0.57871,-0.869061,1.01509,0.732637
-0.637052,-1.61013,-0.589208,0.801378,0.231883,0.1916,-2.22365,-0.406199,-1.25597,-0.284273,-0.478292,-1.88678,-1.48333,-0.994715,-0.0795157,0.10738,-0.880653,-0.174536,-0.428409,0.715047
1.29263,-0.068823,-0.222104,1.07889,1.89081,0.826943,-1.54605,1.83848,0.230938,0.576557,0.725433,0.959127,-2.3891,0.110781,1.60887,0.55842,-0.0762902,0.583774,-2.43518,-0.352667
-2.12326,0.401629,-1.91872,1.44701,2.15784,0.993019,-1.77514,-1.34667,-0.379233,-2.5237,-2.66453,0.632814,-0.682007,-0.702396,-1.06009,-2.22657,0.172693,1.2308,-1.05868,0.41568
-2.69975,-0.457578,-0.530498,0.338633,0.617236,0.365557,-2.13989,-1.98925,-0.616704,-1.58782,-1.91361,-0.853699,0.593416,-0.300832,-2.16916,-1.56023,0.102125,0.491812,-0.0893157,0.637436
1.30826,-0.919533,1.89641,0.304461,1.30632,0.334975,-2.55817,1.34303,0.156023,2.22796,1.95041,-0.0317878,-1.44293,0.412966,0.649868,0.677648,0.220924,-0.0771687,-2.28961,-0.167534
-0.139952,2.25483,-0.617378,0.59965,2.02602,0.965034,0.900113,-1.35594,0.500829,-0.623237,-1.14597,2.55292,0.422846,-0.0826682,-0.353425,-2.17422,0.666156,0.96902,-0.449063,0.449773
-2.47463,1.47199,-1.94948,0.0756104,2.13254,2.59894,-1.88054,0.340911,0.679339,-1.24406,-1.55698,0.709964,-0.600851,0.27523,-0.322993,-1.71524,0.666973,2.43768,-2.46368,-0.138278
-1.22067,2.21063,-0.548971,0.241104,1.13418,0.610808,1.35169,-2.62203,0.118105,-0.893982,-1.49649,2.1357,1.20491,0.652555,-1.24512,-1.46261,-0.0452628,0.499214,0.828985,1.34814
-0.285855,0.964252,0.90826,1.37799,2.18383,1.78746,-1.86149,2.39884,0.93721,1.17794,1.73126,1.4388,-1.76216,1.35714,0.827703,1.26447,0.0871905,0.931904,-2.72355,-0.204306
-1.81812,0.935339,-0.46978,0.873744,0.818078,1.71387,-0.639411,0.176863,-0.00471248,-0.0992431,-0.0323014,-0.306808,-0.348073,-0.322214,-0.279134,-0.508647,-0.12393,0.874579,-0.470096,0.513424
-1.45533,-0.0990768,0.350026,0.465733,-1.10604,0.521551,-0.00713914,2.07345,0.367253,0.103716,1.30186,-1.01936,-0.182394,0.854941,0.164967,2.28024,-0.509605,-0.0797487,0.269295,-0.385936
-1.73098,0.0584187,1.57196,1.60083,-0.143483,0.838932,-0.419345,1.21921,0.0296618,1.01166,1.86332,-1.0942,-0.110906,0.0862004,-0.36899,1.14947,-0.433619,-0.358602,0.463728,0.430104
2.35098,0.481329,1.02996,1.80104,1.2231,-0.131447,0.280175,2.04337,0.388933,1.0314,1.90771,2.04519,-1.94932,0.699516,1.71308,2.08809,-0.438987,-0.588933,-1.0494,-0.27421