0.487454,-2.90724,0.260612,0.128196,-0.433386,-1.8057,-1.56416,0.234715,-0.287866,-0.231768,-0.0899527,-2.01747,-0.30876,-0.77403,0.0848496,0.22788,-0.0637947,-1.06353,0.175968,-0.215267
0.00182084,-0.331786,0.540394,0.497153,-0.200616,0.474692,-0.0487613,-0.00456065,-0.179987,1.91684,1.90465,-1.43427,0.193623,-0.576623,0.160458,0.135864,-0.298191,-0.0235888,1.00849,0.716501
-0.21745,-0.824712,-0.583983,0.271622,0.109444,-0.06989,-2.22676,-0.4054,-1.25186,0.00984841,-0.143646,-1.88526,-1.4685,-0.995015,-0.255629,0.115229,-0.887121,-0.228679,-0.243256,0.720757
0.63681,-0.0812109,-0.271361,0.143671,1.87981,0.0463244,-0.750031,1.8364,0.175139,-0.107374,0.24958,0.5063,-2.39441,0.129169,1.6044,-0.00220859,-0.177543,0.320242,-2.42277,-0.0524673
-2.13311,-0.166715,-1.90793,1.43446,2.15842,0.230329,-1.76614,-0.576497,-0.0885642,-2.52983,-2.66324,0.111013,-0.186816,-0.71231,-0.381406,-2.21877,0.083327,0.342553,-0.474454,0.0672721
-2.69541,-0.079045,-0.167078,0.22583,0.29273,0.0670539,-2.14471,-1.97972,-0.611953,-1.56569,-1.92226,-0.346324,0.599157,-0.121918,-2.18145,-0.522417,0.10459,0.0282164,0.132422,0.298618
1.30084,-0.31798,1.89509,-0.361597,1.30248,0.00872221,-2.55027,-0.0108687,-0.117212,2.22877,0.568204,-0.062559,-0.568163,0.175429,0.141838,0.265395,0.0633913,0.06658,-2.29316,0.218678
0.0308509,2.25287,-0.245448,0.017152,2.02798,0.425157,0.903295,-0.417826,0.340948,-0.211276,-0.295886,2.54806,-0.0920033,-0.0674436,-0.337718,-2.17952,0.383342,0.959816,-0.222443,0.00818962
-2.46959,0.576505,-1.94631,0.029254,2.13629,2.60988,-1.87769,0.250826,0.683492,-0.298532,-0.550365,0.174066,-0.239186,0.271972,-0.184963,-1.71649,0.667676,2.43203,-2.459,0.0854825
-1.20604,2.21507,-0.0408944,0.0961718,1.12607,0.431737,1.34075,-2.62652,0.133057,-0.00429354,-1.48669,2.12974,1.20268,0.677653,-0.457714,-0.675542,-0.0496168,0.298699,0.110619,1.34725
-0.257078,0.336566,0.0792317,0.24889,2.1843,1.78212,-1.86186,2.40766,0.933609,1.17138,1.73548,1.43118,-1.74934,1.35595,0.10943,1.25634,-0.0375613,0.499683,-0.739946,-0.0265822
-1.82091,0.469927,-0.383173,0.889547,0.280992,1.69943,-0.368915,0.0715296,-0.0123047,-0.130659,0.176835,-0.438855,0.255612,-0.292615,-0.207841,-0.164421,0.0672067,0.519513,0.0690449,0.192151
-1.46354,-0.11226,0.257522,0.0679129,-1.10568,0.325511,0.0959725,2.06023,0.362199,-0.359175,0.394199,-0.204056,-0.274394,0.874025,-0.0153294,2.27849,-0.490093,-0.195591,0.18016,-0.273406
-1.72301,-0.312214,1.57069,1.59384,-0.191936,0.295424,-0.4218,1.22112,0.118451,0.529518,1.8622,-1.09549,-0.111736,-0.11261,-0.0213976,1.15219,0.00499631,-0.255257,0.357889,-0.0123769
2.35184,0.386155,0.3558,1.79926,0.388481,-0.173343,0.335959,0.679698,0.0841607,0.211988,1.90377,2.0451,-1.95075,0.372424,1.70269,2.08825,-0.177124,-0.175248,-1.04356,-0.0144249