1.14773,-2.9117,0.4363,-0.419334,-0.943915,-1.8055,-1.56281,-0.00193917,-0.88004,0.0474771,-0.0936546,-2.00131,-0.561979,-0.811114,0.0929603,0.251691,-0.157424,-1.06678,0.0431809,-0.45179
0.111397,-0.364666,1.53563,0.495565,-0.790425,0.139164,0.388181,0.299962,-0.463626,1.9006,1.91059,-1.43358,-0.00979126,-0.569725,0.236702,0.782786,-0.580087,-0.873967,1.01512,0.732614
-0.639195,-1.60875,-0.58918,0.802579,0.231464,0.192745,-2.22366,-0.406224,-1.25599,-0.285044,-0.479356,-1.88678,-1.48332,-0.994741,-0.0810534,0.107391,-0.880647,-0.174335,-0.428472,0.715051
1.29465,-0.0662097,-0.216993,1.08062,1.8908,0.829985,-1.54684,1.83849,0.23099,0.578557,0.727352,0.959636,-2.38911,0.109959,1.60884,0.560228,-0.0756879,0.582326,-2.4352,-0.353736
-2.12326,0.410558,-1.91874,1.44701,2.15786,0.999535,-1.77515,-1.34956,-0.378937,-2.52366,-2.66457,0.634386,-0.681576,-0.702387,-1.06178,-2.22656,0.172603,1.23497,-1.05969,0.416282
-2.69976,-0.456849,-0.534115,0.339958,0.618288,0.367348,-2.13988,-1.98926,-0.616695,-1.58787,-1.91359,-0.854037,0.591925,-0.300939,-2.16914,-1.56284,0.102114,0.494829,-0.0904936,0.638491
1.30826,-0.923138,1.89645,0.311273,1.30632,0.336694,-2.55817,1.35212,0.15617,2.22794,1.95472,-0.0334066,-1.44777,0.411752,0.653238,0.681681,0.220354,-0.0798471,-2.28961,-0.1698
-0.140902,2.25486,-0.616776,0.601026,2.02604,0.965337,0.900112,-1.35629,0.500967,-0.62729,-1.14688,2.5529,0.423059,-0.0826841,-0.353425,-2.17422,0.665765,0.96902,-0.447235,0.449248
-2.47465,1.47363,-1.94948,0.0781765,2.13252,2.59896,-1.88055,0.337686,0.679306,-1.25215,-1.56144,0.712186,-0.599293,0.275241,-0.324699,-1.71527,0.666989,2.43767,-2.46367,-0.140978
-1.22069,2.21062,-0.551846,0.24339,1.13417,0.610733,1.35172,-2.62203,0.118152,-0.898386,-1.4965,2.13573,1.2049,0.652542,-1.24596,-1.463,-0.0452689,0.500485,0.831528,1.34812
-0.283386,0.965775,0.910594,1.38064,2.18384,1.78746,-1.86149,2.39883,0.937228,1.17795,1.73124,1.43883,-1.76217,1.35711,0.82765,1.26451,0.0879654,0.930342,-2.72361,-0.205353
-1.81811,0.936847,-0.470035,0.873803,0.820775,1.71385,-0.642742,0.176585,-0.00468885,-0.101807,-0.0359127,-0.30577,-0.350061,-0.322219,-0.278509,-0.510433,-0.123818,0.875567,-0.475384,0.512434
-1.45532,-0.0954012,0.352401,0.465802,-1.10605,0.521487,-0.0074555,2.07345,0.367245,0.108785,1.30341,-1.02102,-0.182018,0.85493,0.164767,2.28024,-0.50963,-0.0793754,0.26687,-0.384825
-1.73099,0.065965,1.57201,1.6008,-0.143268,0.83974,-0.419355,1.21922,0.0286462,1.01494,1.86331,-1.09417,-0.112315,0.0853922,-0.369661,1.14948,-0.43459,-0.358544,0.460564,0.431879
2.35098,0.483089,1.03325,1.80105,1.22422,-0.130398,0.279109,2.04272,0.389684,1.03486,1.90773,2.04518,-1.94931,0.701447,1.7131,2.08806,-0.438271,-0.588938,-1.04942,-0.272896