1.15206,-2.91172,0.434957,-0.427513,-0.947794,-1.80549,-1.56279,-0.00621641,-0.881163,0.0517551,-0.0936219,-2.00129,-0.559415,-0.811132,0.0905804,0.251687,-0.156338,-1.06679,0.0437347,-0.451619
0.112582,-0.366476,1.53744,0.495586,-0.791828,0.13376,0.388124,0.301406,-0.464964,1.90063,1.91057,-1.4336,-0.0109754,-0.569688,0.236475,0.785387,-0.581376,-0.878645,1.01515,0.732591
-0.641169,-1.60733,-0.589152,0.803722,0.231078,0.193861,-2.22367,-0.406247,-1.256,-0.285741,-0.480362,-1.88679,-1.48332,-0.994766,-0.0825032,0.107403,-0.88064,-0.174127,-0.428595,0.715055
1.29658,-0.0636573,-0.212089,1.08225,1.89078,0.832869,-1.54756,1.8385,0.23103,0.580468,0.729184,0.960125,-2.38913,0.10918,1.60882,0.561962,-0.0751398,0.580911,-2.43521,-0.35473
-2.12326,0.419182,-1.91876,1.44701,2.15788,1.0058,-1.77515,-1.35232,-0.378627,-2.52361,-2.66459,0.635882,-0.68108,-0.702376,-1.0634,-2.22655,0.172539,1.23899,-1.0607,0.416828
-2.69977,-0.456103,-0.5376,0.341261,0.619297,0.369115,-2.13988,-1.98927,-0.616684,-1.58791,-1.91357,-0.854352,0.590532,-0.301066,-2.16912,-1.56532,0.102104,0.497739,-0.0916368,0.63948
1.30827,-0.926629,1.89648,0.31771,1.30633,0.338254,-2.55817,1.36075,0.156272,2.22793,1.95878,-0.0349603,-1.45243,0.410597,0.656451,0.68551,0.219771,-0.0824459,-2.28961,-0.171935
-0.141798,2.25489,-0.616188,0.602383,2.02606,0.965624,0.900111,-1.35661,0.501103,-0.631165,-1.1477,2.55288,0.423269,-0.0827015,-0.353426,-2.17421,0.665406,0.96902,-0.445496,0.448732
-2.47467,1.47515,-1.94947,0.0806223,2.13251,2.59899,-1.88056,0.334637,0.679278,-1.2599,-1.56573,0.714282,-0.597799,0.275251,-0.326361,-1.71529,0.667005,2.43767,-2.46365,-0.143597
-1.22071,2.2106,-0.554592,0.245612,1.13417,0.610665,1.35174,-2.62203,0.118193,-0.902594,-1.49651,2.13575,1.20489,0.652529,-1.24672,-1.46335,-0.045275,0.50171,0.833919,1.34811
-0.281051,0.967249,0.912853,1.38309,2.18385,1.78746,-1.86149,2.39881,0.937239,1.17796,1.73123,1.43885,-1.76218,1.35709,0.827587,1.26455,0.088698,0.92884,-2.72368,-0.206357
-1.81811,0.938285,-0.470317,0.873857,0.823341,1.71383,-0.645918,0.1763,-0.00466639,-0.10434,-0.0393929,-0.304804,-0.351945,-0.322226,-0.27795,-0.512181,-0.123687,0.876525,-0.480418,0.511447
-1.45531,-0.0918746,0.354666,0.46584,-1.10605,0.52143,-0.00775377,2.07345,0.367242,0.1136,1.30485,-1.0226,-0.181675,0.854919,0.164585,2.28024,-0.509654,-0.0790176,0.264549,-0.383777
-1.73099,0.073238,1.57205,1.60078,-0.143064,0.840532,-0.419365,1.21923,0.0276746,1.01805,1.86331,-1.09415,-0.113684,0.0846083,-0.370296,1.1495,-0.435508,-0.358484,0.457547,0.433553
2.35098,0.484829,1.03638,1.80107,1.22527,-0.129417,0.278099,2.04204,0.390361,1.03812,1.90774,2.04518,-1.94931,0.703258,1.71312,2.08803,-0.437614,-0.588964,-1.04945,-0.271599