1.15625,-2.91174,0.43368,-0.435437,-0.951538,-1.80547,-1.56277,-0.0102822,-0.882208,0.0559246,-0.0935886,-2.00127,-0.556907,-0.81115,0.0883261,0.251684,-0.155269,-1.06679,0.0442485,-0.451483
0.11374,-0.368194,1.53916,0.495607,-0.793147,0.128584,0.388053,0.302766,-0.466248,1.90066,1.91055,-1.43361,-0.0121471,-0.56965,0.236246,0.787826,-0.582581,-0.883107,1.01518,0.732569
-0.642987,-1.60588,-0.589125,0.804807,0.230723,0.19495,-2.22367,-0.406268,-1.25601,-0.286369,-0.481311,-1.8868,-1.48332,-0.994791,-0.0838716,0.107416,-0.880634,-0.173913,-0.428768,0.715059
1.29842,-0.0611669,-0.207382,1.08378,1.89076,0.835603,-1.5482,1.83851,0.23106,0.582297,0.730936,0.960593,-2.38913,0.108441,1.6088,0.563627,-0.0746427,0.579529,-2.43523,-0.355655
-2.12326,0.427512,-1.91878,1.44701,2.15789,1.01183,-1.77516,-1.35496,-0.378306,-2.52357,-2.66462,0.63731,-0.680528,-0.702363,-1.06495,-2.22655,0.172496,1.24285,-1.0617,0.417321
-2.69978,-0.455342,-0.540954,0.342542,0.620265,0.370855,-2.13987,-1.98927,-0.616673,-1.58795,-1.91356,-0.854646,0.589231,-0.301212,-2.1691,-1.56768,0.102095,0.500544,-0.0927461,0.640406
1.30828,-0.930008,1.89651,0.323791,1.30634,0.339666,-2.55818,1.36894,0.156333,2.22791,1.96259,-0.0364549,-1.45691,0.409496,0.659516,0.689148,0.219179,-0.0849661,-2.2896,-0.173946
-0.142645,2.25491,-0.615614,0.603716,2.02608,0.965897,0.900112,-1.35689,0.501238,-0.634868,-1.14842,2.55286,0.423477,-0.0827199,-0.353428,-2.1742,0.665075,0.969021,-0.443842,0.448225
-2.47469,1.47657,-1.94947,0.0829537,2.13249,2.59902,-1.88057,0.331754,0.679252,-1.26734,-1.56983,0.716258,-0.596365,0.27526,-0.327981,-1.71531,0.66702,2.43767,-2.46364,-0.146137
-1.22072,2.21059,-0.557216,0.24777,1.13416,0.610603,1.35177,-2.62203,0.11823,-0.906615,-1.49652,2.13578,1.20488,0.652517,-1.24742,-1.46366,-0.0452813,0.502889,0.836167,1.3481
-0.278843,0.968677,0.915036,1.38538,2.18385,1.78746,-1.86149,2.3988,0.937244,1.17798,1.73121,1.43887,-1.76219,1.35706,0.827517,1.26459,0.0893895,0.927396,-2.72377,-0.207319
-1.81812,0.939658,-0.470621,0.873908,0.825783,1.7138,-0.648944,0.17601,-0.00464555,-0.106839,-0.0427462,-0.303902,-0.35373,-0.322235,-0.277452,-0.51389,-0.123541,0.877455,-0.48521,0.510467
-1.45529,-0.0884925,0.356824,0.465848,-1.10605,0.521379,-0.00803405,2.07345,0.367241,0.118172,1.3062,-1.02409,-0.181358,0.854908,0.164419,2.28024,-0.509678,-0.0786751,0.262326,-0.38279
-1.731,0.0802461,1.57209,1.60075,-0.14287,0.841309,-0.419375,1.21924,0.0267446,1.021,1.86331,-1.09412,-0.115013,0.0838499,-0.3709,1.14951,-0.436377,-0.358423,0.454668,0.435133
2.35098,0.486548,1.03934,1.80108,1.22627,-0.128501,0.277143,2.04132,0.390972,1.04119,1.90776,2.04517,-1.9493,0.704959,1.71314,2.088,-0.437011,-0.589008,-1.04947,-0.270322