1.16031,-2.91175,0.432466,-0.443113,-0.955151,-1.80546,-1.56274,-0.0141487,-0.883182,0.0599872,-0.0935545,-2.00125,-0.554458,-0.811169,0.0861901,0.251681,-0.154218,-1.0668,0.0447245,-0.45138
0.114873,-0.369826,1.54079,0.495627,-0.794388,0.123626,0.387968,0.30405,-0.467481,1.90068,1.91053,-1.43363,-0.0133051,-0.569614,0.236016,0.790114,-0.583711,-0.887362,1.01521,0.732548
-0.644661,-1.60439,-0.589099,0.805833,0.230397,0.196012,-2.22368,-0.406288,-1.25602,-0.286933,-0.482206,-1.8868,-1.48332,-0.994816,-0.0851654,0.10743,-0.880627,-0.173696,-0.428985,0.715063
1.30018,-0.0587393,-0.202868,1.08523,1.89074,0.838195,-1.54878,1.83851,0.231082,0.58405,0.732615,0.961042,-2.38914,0.107738,1.60879,0.565228,-0.0741935,0.578179,-2.43525,-0.356515
-2.12326,0.435559,-1.9188,1.44702,2.15791,1.01763,-1.77516,-1.35747,-0.377976,-2.52354,-2.66464,0.638673,-0.67993,-0.702349,-1.06644,-2.22655,0.172472,1.24657,-1.06271,0.417769
-2.6998,-0.454569,-0.544178,0.343798,0.621194,0.372569,-2.13986,-1.98928,-0.616661,-1.58798,-1.91354,-0.854921,0.588019,-0.301375,-2.16908,-1.56994,0.102087,0.503248,-0.0938218,0.641275
1.30829,-0.933275,1.89654,0.329535,1.30634,0.340941,-2.55819,1.37673,0.15636,2.22789,1.96618,-0.0378946,-1.46122,0.408447,0.662438,0.692606,0.218579,-0.0874094,-2.2896,-0.175842
-0.143446,2.25493,-0.615054,0.605024,2.0261,0.966156,0.900113,-1.35715,0.501372,-0.638407,-1.14907,2.55284,0.42368,-0.0827392,-0.353431,-2.17419,0.664771,0.969023,-0.442268,0.447731
-2.4747,1.47789,-1.94946,0.0851762,2.13247,2.59904,-1.88058,0.329024,0.679229,-1.27448,-1.57376,0.718122,-0.594987,0.275268,-0.329557,-1.71533,0.667033,2.43767,-2.46363,-0.148598
-1.22074,2.21058,-0.559721,0.249866,1.13415,0.610546,1.35179,-2.62203,0.118265,-0.910458,-1.49652,2.1358,1.20488,0.652505,-1.24806,-1.46394,-0.0452876,0.504026,0.838284,1.34809
-0.276757,0.970059,0.917144,1.38751,2.18386,1.78746,-1.86149,2.39879,0.937247,1.17799,1.7312,1.43889,-1.7622,1.35704,0.827438,1.26462,0.0900418,0.926008,-2.72389,-0.208239
-1.81812,0.94097,-0.470944,0.873957,0.828109,1.71378,-0.651826,0.175717,-0.00462637,-0.109301,-0.0459764,-0.303058,-0.355423,-0.322244,-0.27701,-0.515558,-0.123382,0.878356,-0.489773,0.509498
-1.45528,-0.0852508,0.358883,0.46583,-1.10605,0.521336,-0.00829672,2.07345,0.367241,0.122511,1.30746,-1.02552,-0.181064,0.854898,0.164268,2.28024,-0.509701,-0.078347,0.260198,-0.381859
-1.731,0.0869982,1.57212,1.60073,-0.142685,0.84207,-0.419386,1.21925,0.0258545,1.02379,1.86331,-1.0941,-0.116301,0.0831171,-0.371476,1.14953,-0.4372,-0.358361,0.451918,0.436626
2.35098,0.488241,1.04216,1.80109,1.22721,-0.127644,0.276238,2.04059,0.391525,1.04409,1.90777,2.04517,-1.9493,0.706556,1.71316,2.08798,-0.436455,-0.589066,-1.04949,-0.269065