1.16424,-2.91177,0.43131,-0.450548,-0.958636,-1.80545,-1.56272,-0.0178274,-0.88409,0.063944,-0.0935197,-2.00123,-0.552068,-0.811187,0.0841652,0.251678,-0.153188,-1.06679,0.0451647,-0.451306
0.11598,-0.371376,1.54235,0.495645,-0.795555,0.118879,0.387872,0.305261,-0.468666,1.90071,1.91051,-1.43364,-0.0144482,-0.569578,0.235788,0.792261,-0.584771,-0.891421,1.01524,0.732529
-0.646202,-1.60289,-0.589074,0.806804,0.230099,0.197048,-2.22368,-0.406307,-1.25603,-0.287439,-0.48305,-1.88681,-1.48332,-0.99484,-0.0863904,0.107444,-0.880621,-0.173475,-0.42924,0.715066
1.30187,-0.0563749,-0.198539,1.08658,1.89073,0.840653,-1.5493,1.83852,0.231097,0.585732,0.734224,0.961471,-2.38915,0.107071,1.60878,0.566771,-0.0737889,0.576861,-2.43527,-0.357315
-2.12326,0.443332,-1.91882,1.44702,2.15793,1.02321,-1.77516,-1.35988,-0.377642,-2.5235,-2.66466,0.639975,-0.679295,-0.702335,-1.06788,-2.22655,0.172466,1.25014,-1.06371,0.418173
-2.69981,-0.453786,-0.547274,0.345028,0.622085,0.374253,-2.13986,-1.98928,-0.616648,-1.58802,-1.91353,-0.85518,0.586889,-0.301552,-2.16906,-1.57209,0.102079,0.505852,-0.0948645,0.642088
1.3083,-0.936434,1.89657,0.334961,1.30634,0.34209,-2.55819,1.38412,0.15636,2.22788,1.96956,-0.0392823,-1.46536,0.407448,0.665223,0.695894,0.217974,-0.0897774,-2.28959,-0.177629
-0.144206,2.25495,-0.61451,0.606306,2.02612,0.966403,0.900114,-1.35739,0.501506,-0.641787,-1.14965,2.55282,0.423878,-0.0827588,-0.353434,-2.17418,0.664492,0.969026,-0.44077,0.44725
-2.47472,1.47911,-1.94946,0.0872951,2.13246,2.59907,-1.88059,0.326438,0.679208,-1.28132,-1.57753,0.719882,-0.593663,0.275274,-0.331091,-1.71534,0.667045,2.43767,-2.46361,-0.150981
-1.22075,2.21056,-0.562112,0.251902,1.13414,0.610496,1.35182,-2.62203,0.118299,-0.914133,-1.49653,2.13582,1.20487,0.652494,-1.24865,-1.46418,-0.0452937,0.50512,0.840276,1.34808
-0.274787,0.971397,0.919179,1.38949,2.18387,1.78746,-1.86149,2.39877,0.937248,1.178,1.73119,1.4389,-1.76221,1.35702,0.827353,1.26466,0.0906564,0.924674,-2.72402,-0.20912
-1.81812,0.942225,-0.471284,0.874005,0.830326,1.71376,-0.654571,0.175422,-0.00460863,-0.111726,-0.0490878,-0.302265,-0.357029,-0.322252,-0.276619,-0.517185,-0.123213,0.879229,-0.494117,0.508541
-1.45527,-0.0821453,0.360845,0.465787,-1.10605,0.521298,-0.00854245,2.07346,0.367241,0.126629,1.30863,-1.02687,-0.180789,0.854887,0.164131,2.28023,-0.509723,-0.078032,0.258161,-0.380983
-1.73101,0.0935028,1.57216,1.6007,-0.142508,0.842818,-0.419396,1.21925,0.0250028,1.02643,1.8633,-1.09408,-0.117547,0.0824099,-0.372027,1.14954,-0.43798,-0.358299,0.449292,0.438035
2.35098,0.489908,1.04483,1.80111,1.2281,-0.126842,0.275382,2.03984,0.392028,1.04682,1.90779,2.04516,-1.9493,0.708057,1.71317,2.08796,-0.435944,-0.589137,-1.04951,-0.267831