1.16804,-2.91179,0.430209,-0.45775,-0.961997,-1.80544,-1.5627,-0.0213293,-0.884937,0.0677957,-0.0934849,-2.00121,-0.549738,-0.811204,0.082245,0.251676,-0.152178,-1.06679,0.0455711,-0.451257
0.117065,-0.372849,1.54383,0.495662,-0.796653,0.114332,0.387767,0.306405,-0.469803,1.90073,1.9105,-1.43366,-0.0155754,-0.569545,0.235562,0.794276,-0.585767,-0.895294,1.01527,0.732511
-0.64762,-1.60137,-0.58905,0.807718,0.229829,0.198058,-2.22369,-0.406326,-1.25604,-0.287892,-0.483846,-1.88681,-1.48331,-0.994863,-0.0875521,0.107458,-0.880615,-0.173253,-0.429526,0.715068
1.30348,-0.054074,-0.194387,1.08786,1.89071,0.842985,-1.54975,1.83853,0.231108,0.587347,0.735768,0.961881,-2.38915,0.106438,1.60877,0.568257,-0.0734256,0.575576,-2.43528,-0.358059
-2.12326,0.450842,-1.91883,1.44702,2.15794,1.02859,-1.77517,-1.36217,-0.377304,-2.52347,-2.66468,0.641221,-0.678629,-0.702321,-1.06926,-2.22655,0.172476,1.25358,-1.0647,0.41854
-2.69982,-0.452994,-0.550245,0.346232,0.622941,0.375907,-2.13985,-1.98929,-0.616637,-1.58805,-1.91351,-0.855424,0.585837,-0.301742,-2.16904,-1.57413,0.102072,0.508359,-0.0958748,0.642851
1.3083,-0.939486,1.89659,0.340086,1.30635,0.343121,-2.5582,1.39115,0.156337,2.22787,1.97274,-0.04062,-1.46932,0.406496,0.667878,0.699021,0.217367,-0.0920721,-2.28959,-0.179314
-0.144927,2.25497,-0.61398,0.607562,2.02614,0.966638,0.900115,-1.3576,0.501639,-0.645016,-1.15016,2.55281,0.42407,-0.0827783,-0.353437,-2.17417,0.664235,0.969029,-0.439343,0.446783
-2.47473,1.48025,-1.94946,0.0893152,2.13244,2.59909,-1.8806,0.323988,0.679187,-1.28789,-1.58114,0.721544,-0.592392,0.27528,-0.332583,-1.71536,0.667056,2.43767,-2.4636,-0.153287
-1.22077,2.21055,-0.564393,0.253879,1.13413,0.610451,1.35184,-2.62203,0.118331,-0.917645,-1.49653,2.13585,1.20487,0.652484,-1.24918,-1.4644,-0.0452996,0.506175,0.842152,1.34807
-0.272926,0.972691,0.921141,1.39134,2.18388,1.78746,-1.86148,2.39876,0.937249,1.178,1.73118,1.43891,-1.76222,1.357,0.827262,1.26469,0.0912352,0.923394,-2.72417,-0.209962
-1.81813,0.943426,-0.471638,0.87405,0.83244,1.71373,-0.657185,0.175127,-0.00459202,-0.114108,-0.0520844,-0.301518,-0.358553,-0.32226,-0.276274,-0.51877,-0.123035,0.880075,-0.498255,0.507598
-1.45526,-0.0791714,0.362715,0.465722,-1.10605,0.521266,-0.00877225,2.07346,0.367242,0.130536,1.30973,-1.02816,-0.180532,0.854877,0.164005,2.28023,-0.509744,-0.0777289,0.256211,-0.380158
-1.73101,0.0997686,1.57219,1.60068,-0.14234,0.843552,-0.419405,1.21926,0.0241882,1.02893,1.8633,-1.09405,-0.118752,0.0817278,-0.372553,1.14955,-0.438718,-0.358235,0.446782,0.439365
2.35098,0.491546,1.04736,1.80112,1.22894,-0.126092,0.274574,2.03908,0.392487,1.0494,1.9078,2.04516,-1.9493,0.709467,1.71319,2.08793,-0.435473,-0.589218,-1.04952,-0.26662