1.17171,-2.91181,0.42916,-0.464725,-0.965238,-1.80543,-1.56267,-0.0246646,-0.885727,0.0715428,-0.0934506,-2.00119,-0.547467,-0.81122,0.0804235,0.251673,-0.15119,-1.06679,0.0459454,-0.451232
0.118126,-0.374251,1.54524,0.495678,-0.797685,0.109977,0.387655,0.307485,-0.470895,1.90075,1.91048,-1.43367,-0.0166858,-0.569513,0.235341,0.796168,-0.586704,-0.89899,1.01529,0.732494
-0.648923,-1.59985,-0.589027,0.808579,0.229584,0.199042,-2.22369,-0.406343,-1.25606,-0.288294,-0.484599,-1.88682,-1.48331,-0.994885,-0.0886548,0.107472,-0.880609,-0.17303,-0.429838,0.715071
1.30503,-0.0518364,-0.190407,1.08906,1.89069,0.845196,-1.55016,1.83853,0.231114,0.588902,0.73725,0.962275,-2.38916,0.105836,1.60876,0.56969,-0.0731004,0.574322,-2.4353,-0.358749
-2.12326,0.458097,-1.91885,1.44702,2.15796,1.03377,-1.77517,-1.36437,-0.376965,-2.52344,-2.6647,0.642412,-0.677938,-0.702308,-1.07058,-2.22655,0.172499,1.25688,-1.06568,0.418872
-2.69983,-0.452196,-0.553094,0.347407,0.623763,0.37753,-2.13984,-1.98929,-0.616625,-1.58809,-1.9135,-0.855656,0.584856,-0.301942,-2.16903,-1.57608,0.102066,0.510772,-0.0968534,0.643566
1.30831,-0.942434,1.89662,0.344928,1.30635,0.344043,-2.55821,1.39782,0.156295,2.22786,1.97574,-0.0419086,-1.47313,0.405589,0.670407,0.701994,0.216759,-0.0942954,-2.28958,-0.180904
-0.145613,2.25499,-0.613464,0.60879,2.02616,0.966864,0.900117,-1.3578,0.501772,-0.6481,-1.15062,2.55279,0.424256,-0.0827976,-0.35344,-2.17415,0.663999,0.969034,-0.437986,0.446331
-2.47474,1.4813,-1.94945,0.0912412,2.13242,2.59911,-1.88062,0.321665,0.679168,-1.29418,-1.58459,0.723118,-0.59117,0.275285,-0.334034,-1.71538,0.667066,2.43767,-2.46359,-0.155517
-1.22078,2.21054,-0.566569,0.255798,1.13412,0.610411,1.35186,-2.62203,0.118363,-0.921003,-1.49654,2.13587,1.20486,0.652474,-1.24967,-1.4646,-0.045305,0.507192,0.843921,1.34806
-0.271167,0.973941,0.923031,1.39306,2.1839,1.78746,-1.86148,2.39875,0.937251,1.17801,1.73117,1.43893,-1.76223,1.35698,0.827165,1.26472,0.0917798,0.922166,-2.72434,-0.210766
-1.81813,0.944575,-0.472004,0.874095,0.834456,1.71371,-0.659672,0.174832,-0.00457627,-0.116448,-0.0549707,-0.300814,-0.36,-0.322267,-0.275972,-0.520314,-0.122851,0.880893,-0.502194,0.506671
-1.45525,-0.0763244,0.364498,0.465637,-1.10606,0.521238,-0.00898734,2.07346,0.367242,0.134243,1.31075,-1.02939,-0.18029,0.854868,0.16389,2.28023,-0.509764,-0.0774365,0.254345,-0.379383
-1.73102,0.105804,1.57222,1.60066,-0.14218,0.844273,-0.419414,1.21927,0.0234095,1.03129,1.86329,-1.09403,-0.119915,0.0810702,-0.373058,1.14957,-0.439419,-0.35817,0.444382,0.440621
2.35097,0.493154,1.04977,1.80113,1.22974,-0.125389,0.273811,2.03831,0.392907,1.05183,1.90781,2.04516,-1.94929,0.710792,1.7132,2.08791,-0.43504,-0.589308,-1.04954,-0.265432