1.17526,-2.91183,0.428161,-0.47148,-0.968363,-1.80541,-1.56265,-0.0278429,-0.886465,0.075186,-0.0934169,-2.00118,-0.545255,-0.811236,0.0786953,0.25167,-0.150224,-1.06679,0.0462894,-0.451226
0.119166,-0.375584,1.54657,0.495693,-0.798655,0.105805,0.387536,0.308506,-0.471943,1.90076,1.91047,-1.43369,-0.0177785,-0.569484,0.235125,0.797944,-0.587586,-0.902518,1.01532,0.732479
-0.65012,-1.59832,-0.589005,0.809387,0.229364,0.200001,-2.2237,-0.40636,-1.25606,-0.28865,-0.485311,-1.88682,-1.48331,-0.994907,-0.0897024,0.107486,-0.880604,-0.172807,-0.430172,0.715073
1.30651,-0.0496618,-0.186591,1.09019,1.89068,0.847295,-1.55052,1.83854,0.231117,0.590398,0.738675,0.962653,-2.38917,0.105265,1.60874,0.571073,-0.07281,0.573101,-2.43531,-0.359388
-2.12326,0.465107,-1.91887,1.44703,2.15797,1.03877,-1.77517,-1.36646,-0.376626,-2.52341,-2.66471,0.643553,-0.677228,-0.702295,-1.07186,-2.22655,0.172534,1.26006,-1.06665,0.419172
-2.69984,-0.451394,-0.555823,0.348553,0.624552,0.379121,-2.13984,-1.9893,-0.616614,-1.58812,-1.91349,-0.855875,0.583943,-0.302152,-2.16901,-1.57794,0.10206,0.513093,-0.0978011,0.644236
1.30832,-0.945281,1.89665,0.349504,1.30635,0.344864,-2.55822,1.40416,0.156236,2.22785,1.97856,-0.0431491,-1.47678,0.404726,0.672817,0.704821,0.216153,-0.0964492,-2.28958,-0.182403
-0.146266,2.25501,-0.612964,0.609991,2.02618,0.96708,0.900118,-1.35798,0.501903,-0.651046,-1.15102,2.55278,0.424436,-0.0828162,-0.353443,-2.17414,0.663782,0.969038,-0.436694,0.445895
-2.47476,1.48229,-1.94945,0.0930775,2.1324,2.59913,-1.88063,0.319461,0.679149,-1.30021,-1.58791,0.724609,-0.589996,0.275291,-0.335445,-1.7154,0.667075,2.43767,-2.46358,-0.157671
-1.22079,2.21053,-0.568644,0.25766,1.13411,0.610376,1.35188,-2.62204,0.118394,-0.924214,-1.49654,2.13589,1.20486,0.652465,-1.25011,-1.46477,-0.0453101,0.508172,0.845588,1.34805
-0.269504,0.975149,0.92485,1.39467,2.18391,1.78745,-1.86147,2.39874,0.937253,1.17801,1.73116,1.43893,-1.76224,1.35697,0.827063,1.26475,0.0922915,0.920987,-2.72452,-0.211535
-1.81814,0.945676,-0.472381,0.874139,0.83638,1.71369,-0.662038,0.174539,-0.00456117,-0.118742,-0.0577507,-0.300149,-0.361374,-0.322273,-0.275708,-0.521815,-0.122662,0.881685,-0.505946,0.505761
-1.45523,-0.0735994,0.366198,0.465536,-1.10606,0.521215,-0.00918907,2.07346,0.367243,0.137759,1.31171,-1.03056,-0.180063,0.854859,0.163784,2.28023,-0.509782,-0.0771535,0.252557,-0.378653
-1.73103,0.111617,1.57226,1.60064,-0.142028,0.84498,-0.419423,1.21927,0.0226651,1.03352,1.86329,-1.09401,-0.121037,0.0804368,-0.373543,1.14958,-0.440083,-0.358104,0.442087,0.441807
2.35097,0.49473,1.05205,1.80114,1.23049,-0.124731,0.273091,2.03753,0.393292,1.05414,1.90783,2.04516,-1.94929,0.712038,1.71321,2.08789,-0.434642,-0.589404,-1.04955,-0.26427