1.1787,-2.91184,0.427207,-0.47802,-0.971376,-1.8054,-1.56263,-0.0308729,-0.887154,0.0787262,-0.0933842,-2.00116,-0.543103,-0.81125,0.0770554,0.251666,-0.149282,-1.06678,0.0466049,-0.451239
0.120184,-0.376854,1.54784,0.495706,-0.799566,0.101809,0.387413,0.30947,-0.47295,1.90078,1.91046,-1.4337,-0.018853,-0.569456,0.234915,0.799613,-0.588417,-0.905885,1.01534,0.732464
-0.651219,-1.59679,-0.588984,0.810146,0.229167,0.200936,-2.2237,-0.406377,-1.25607,-0.288963,-0.485985,-1.88682,-1.48331,-0.994927,-0.0906984,0.107499,-0.880599,-0.172585,-0.430524,0.715074
1.30792,-0.0475495,-0.182933,1.09126,1.89066,0.849287,-1.55084,1.83854,0.231118,0.591842,0.740045,0.963017,-2.38917,0.104722,1.60873,0.572406,-0.0725515,0.571912,-2.43533,-0.35998
-2.12326,0.471878,-1.91888,1.44703,2.15799,1.04358,-1.77517,-1.36847,-0.376288,-2.52338,-2.66473,0.644645,-0.676503,-0.702283,-1.07309,-2.22655,0.172581,1.26311,-1.0676,0.419444
-2.69985,-0.450588,-0.558436,0.349669,0.625309,0.380679,-2.13983,-1.9893,-0.616604,-1.58815,-1.91348,-0.856084,0.583092,-0.302368,-2.169,-1.57972,0.102055,0.515325,-0.0987187,0.644865
1.30833,-0.948028,1.89667,0.353827,1.30634,0.345591,-2.55823,1.41019,0.156164,2.22784,1.98122,-0.0443421,-1.48028,0.403903,0.675112,0.707509,0.215551,-0.0985352,-2.28957,-0.183819
-0.146888,2.25503,-0.612478,0.611165,2.02619,0.967287,0.900119,-1.35814,0.502033,-0.65386,-1.15138,2.55276,0.42461,-0.082834,-0.353446,-2.17413,0.663582,0.969042,-0.435463,0.445474
-2.47477,1.4832,-1.94945,0.0948284,2.13239,2.59915,-1.88064,0.31737,0.679131,-1.306,-1.59108,0.726024,-0.588869,0.275296,-0.336814,-1.71541,0.667084,2.43767,-2.46357,-0.15975
-1.22081,2.21052,-0.570623,0.259468,1.1341,0.610346,1.35189,-2.62204,0.118425,-0.927283,-1.49654,2.13592,1.20485,0.652456,-1.25051,-1.46492,-0.0453149,0.509117,0.84716,1.34804
-0.267931,0.976314,0.926599,1.39616,2.18393,1.78745,-1.86147,2.39873,0.937256,1.17802,1.73116,1.43894,-1.76224,1.35695,0.826958,1.26478,0.0927721,0.919857,-2.72472,-0.212268
-1.81814,0.94673,-0.472766,0.874181,0.838216,1.71367,-0.66429,0.174248,-0.00454663,-0.12099,-0.0604286,-0.29952,-0.362679,-0.322278,-0.27548,-0.523276,-0.122469,0.882451,-0.509518,0.504869
-1.45522,-0.0709913,0.367819,0.465419,-1.10607,0.521196,-0.0093788,2.07346,0.367243,0.141095,1.31261,-1.03168,-0.179849,0.854851,0.163685,2.28023,-0.5098,-0.0768791,0.250846,-0.377967
-1.73103,0.117216,1.57228,1.60062,-0.141884,0.845673,-0.41943,1.21928,0.0219539,1.03564,1.86328,-1.09399,-0.122118,0.0798269,-0.37401,1.14959,-0.440714,-0.358036,0.439892,0.442927
2.35097,0.496274,1.05422,1.80115,1.23121,-0.124115,0.272414,2.03676,0.393646,1.05632,1.90784,2.04515,-1.94929,0.713211,1.71323,2.08787,-0.434275,-0.589506,-1.04957,-0.263134