1.18202,-2.91186,0.426298,-0.484352,-0.974281,-1.80539,-1.56261,-0.033763,-0.887799,0.0821643,-0.0933526,-2.00114,-0.54101,-0.811263,0.0754991,0.251663,-0.148363,-1.06678,0.0468936,-0.451267
0.12118,-0.378062,1.54905,0.495719,-0.80042,0.0979796,0.387287,0.310382,-0.473916,1.90079,1.91045,-1.43371,-0.0199085,-0.569429,0.234712,0.801181,-0.589202,-0.9091,1.01536,0.73245
-0.652228,-1.59527,-0.588963,0.810857,0.228993,0.201847,-2.22371,-0.406393,-1.25608,-0.289237,-0.486624,-1.88683,-1.48331,-0.994947,-0.0916454,0.107512,-0.880594,-0.172365,-0.43089,0.715076
1.30928,-0.0454987,-0.179427,1.09226,1.89064,0.851178,-1.55112,1.83855,0.231116,0.593235,0.741363,0.963368,-2.38918,0.104208,1.60872,0.573692,-0.0723221,0.570755,-2.43534,-0.360528
-2.12326,0.47842,-1.91889,1.44703,2.158,1.04822,-1.77517,-1.37038,-0.375952,-2.52335,-2.66474,0.645693,-0.675768,-0.702273,-1.07428,-2.22655,0.172638,1.26605,-1.06855,0.419691
-2.69986,-0.449782,-0.560936,0.350753,0.626035,0.382204,-2.13983,-1.9893,-0.616594,-1.58817,-1.91347,-0.856283,0.582299,-0.30259,-2.16899,-1.58141,0.10205,0.517471,-0.099607,0.645454
1.30833,-0.950678,1.89669,0.357914,1.30634,0.346232,-2.55824,1.41591,0.156079,2.22783,1.98373,-0.0454883,-1.48364,0.403121,0.677297,0.710064,0.214953,-0.100555,-2.28957,-0.185155
-0.147481,2.25504,-0.612007,0.612313,2.02621,0.967486,0.90012,-1.35829,0.502161,-0.656548,-1.15169,2.55275,0.424776,-0.0828509,-0.353449,-2.17412,0.663398,0.969046,-0.434292,0.445069
-2.47479,1.48405,-1.94944,0.0964979,2.13237,2.59917,-1.88065,0.315385,0.679113,-1.31155,-1.59412,0.727369,-0.587785,0.275301,-0.338143,-1.71543,0.667093,2.43767,-2.46356,-0.161757
-1.22082,2.21051,-0.57251,0.261221,1.13409,0.610321,1.35191,-2.62204,0.118455,-0.930217,-1.49655,2.13594,1.20485,0.652448,-1.25088,-1.46506,-0.0453192,0.510029,0.848642,1.34803
-0.266442,0.977438,0.928279,1.39755,2.18395,1.78745,-1.86146,2.39872,0.937259,1.17802,1.73115,1.43895,-1.76225,1.35693,0.826851,1.26481,0.0932228,0.918773,-2.72493,-0.212968
-1.81814,0.947741,-0.473158,0.874222,0.83997,1.71365,-0.666431,0.17396,-0.00453259,-0.123189,-0.0630085,-0.298925,-0.363918,-0.322283,-0.275284,-0.524695,-0.122273,0.883193,-0.512918,0.503995
-1.45522,-0.068495,0.369364,0.46529,-1.10608,0.52118,-0.0095578,2.07346,0.367243,0.144259,1.31344,-1.03274,-0.179647,0.854843,0.163594,2.28023,-0.509817,-0.0766126,0.249207,-0.377322
-1.73104,0.122608,1.57231,1.6006,-0.141748,0.846353,-0.419437,1.21928,0.0212742,1.03764,1.86328,-1.09397,-0.123161,0.0792402,-0.37446,1.1496,-0.441313,-0.357966,0.437792,0.443983
2.35097,0.497785,1.05627,1.80116,1.23188,-0.123538,0.271778,2.03599,0.393971,1.05838,1.90785,2.04515,-1.94929,0.714314,1.71324,2.08785,-0.433938,-0.589612,-1.04958,-0.262024