0.561368,-2.90376,0.268417,0.146199,-0.494997,-1.81013,-1.56324,0.249825,-0.354394,-0.2528,-0.0907154,-2.01753,-0.340515,-0.776648,0.0917505,0.23112,-0.0603642,-1.06551,0.174745,-0.255595
0.0302902,-0.352343,0.630667,0.487892,-0.238982,0.506442,-0.0213678,0.00910616,-0.204439,1.90506,1.91124,-1.43039,0.164925,-0.582524,0.155083,0.162249,-0.286055,-0.0673569,1.00977,0.720736
-0.24846,-0.909388,-0.587965,0.298938,0.148166,-0.049256,-2.22511,-0.405027,-1.25029,-0.0116843,-0.171835,-1.88765,-1.47396,-0.99197,-0.207493,0.113825,-0.880961,-0.253049,-0.280739,0.718596
0.706101,-0.0741283,-0.321344,0.246696,1.88106,0.0898587,-0.862784,1.83678,0.200931,-0.0323569,0.268246,0.569028,-2.39098,0.143696,1.60692,0.0157326,-0.200183,0.376399,-2.42196,-0.091322
-2.13215,-0.17842,-1.90756,1.43365,2.15965,0.265645,-1.76643,-0.648577,-0.122166,-2.53246,-2.65979,0.133382,-0.254572,-0.710503,-0.439069,-2.21979,0.140865,0.392195,-0.545966,0.0883632
-2.6954,-0.100369,-0.218251,0.259063,0.317816,0.0951437,-2.14547,-1.98023,-0.613074,-1.57162,-1.92018,-0.394343,0.665216,-0.145353,-2.17682,-0.599562,0.0999156,0.0578832,0.134652,0.316423
1.30199,-0.358852,1.89473,-0.362415,1.30427,0.0111494,-2.55083,0.00691598,-0.0854202,2.2265,0.663127,-0.0791025,-0.677235,0.210576,0.167519,0.283665,0.0937352,0.0669034,-2.29238,0.208115
0.0272008,2.25353,-0.286427,0.0556555,2.02883,0.498082,0.903278,-0.495659,0.365966,-0.238671,-0.347789,2.54788,-0.0491491,-0.0698616,-0.338768,-2.17701,0.407358,0.960331,-0.247824,0.0367294
-2.4695,0.628754,-1.94717,0.0394667,2.13513,2.60887,-1.87736,0.281755,0.683349,-0.339426,-0.622882,0.198468,-0.285186,0.273621,-0.192753,-1.71699,0.669658,2.4311,-2.45925,0.0827292
-1.20749,2.21789,-0.0651768,0.10854,1.12567,0.468938,1.34178,-2.62594,0.107549,-0.079355,-1.4878,2.127,1.19983,0.679643,-0.534373,-0.767248,-0.0454048,0.352563,0.148036,1.34572
-0.275711,0.392338,0.125567,0.305864,2.18249,1.78212,-1.86065,2.40621,0.934587,1.1738,1.73334,1.43026,-1.75258,1.35669,0.175577,1.25592,-0.0475524,0.56368,-0.89903,-0.042872
-1.82163,0.515389,-0.44396,0.886456,0.294041,1.69848,-0.406697,0.0671844,-0.0110542,-0.127214,0.207088,-0.485992,0.22067,-0.300451,-0.247212,-0.219655,0.0467942,0.602116,0.0665806,0.22688
-1.46357,-0.135677,0.280802,0.0764901,-1.10351,0.365059,0.106245,2.06135,0.360917,-0.38426,0.495762,-0.286765,-0.33312,0.872155,0.00618374,2.27959,-0.492792,-0.238498,0.21092,-0.320302
-1.72242,-0.339886,1.56729,1.60042,-0.200743,0.360358,-0.420613,1.22115,0.130551,0.564527,1.85816,-1.09811,-0.114006,-0.147664,-0.0355079,1.14895,-0.0378273,-0.273894,0.367211,0.0308622
2.35092,0.379866,0.400109,1.79745,0.438758,-0.158719,0.376164,0.790315,0.105691,0.257407,1.90512,2.04574,-1.94965,0.393651,1.70373,2.0884,-0.200688,-0.215927,-1.04302,-0.0383883