1.18524,-2.91188,0.425429,-0.490481,-0.977081,-1.80538,-1.56259,-0.0365208,-0.888401,0.0855017,-0.093322,-2.00113,-0.538975,-0.811274,0.074022,0.251659,-0.147467,-1.06677,0.0471571,-0.451309
0.122156,-0.379214,1.5502,0.495732,-0.801221,0.0943102,0.387159,0.311243,-0.474845,1.90081,1.91044,-1.43372,-0.0209448,-0.569404,0.234516,0.802656,-0.589942,-0.91217,1.01538,0.732437
-0.653154,-1.59375,-0.588944,0.811523,0.228839,0.202733,-2.22371,-0.406408,-1.25609,-0.289475,-0.487229,-1.88683,-1.4833,-0.994966,-0.0925462,0.107524,-0.880589,-0.172148,-0.431266,0.715078
1.31059,-0.0435086,-0.176066,1.09319,1.89062,0.852975,-1.55136,1.83855,0.231112,0.59458,0.742631,0.963708,-2.38919,0.103719,1.60871,0.574932,-0.0721191,0.569631,-2.43536,-0.361033
-2.12326,0.484741,-1.91891,1.44703,2.15801,1.05269,-1.77517,-1.37222,-0.375619,-2.52333,-2.66476,0.646698,-0.675025,-0.702263,-1.07543,-2.22655,0.172704,1.26887,-1.06947,0.419915
-2.69987,-0.448975,-0.563326,0.351807,0.626731,0.383694,-2.13983,-1.9893,-0.616584,-1.5882,-1.91346,-0.856473,0.581559,-0.302816,-2.16897,-1.58303,0.102046,0.519533,-0.100467,0.646007
1.30834,-0.953235,1.89672,0.361777,1.30634,0.346793,-2.55825,1.42135,0.155984,2.22782,1.9861,-0.0465886,-1.48686,0.402377,0.679378,0.712492,0.214361,-0.10251,-2.28956,-0.186416
-0.148047,2.25506,-0.61155,0.613435,2.02622,0.967678,0.900121,-1.35843,0.502287,-0.659116,-1.15197,2.55274,0.424936,-0.0828669,-0.353451,-2.17411,0.663229,0.96905,-0.433176,0.44468
-2.4748,1.48484,-1.94944,0.09809,2.13236,2.59919,-1.88066,0.3135,0.679096,-1.31686,-1.59703,0.728649,-0.586744,0.275306,-0.339432,-1.71544,0.667102,2.43767,-2.46354,-0.163693
-1.22083,2.2105,-0.574308,0.262922,1.13408,0.610301,1.35193,-2.62204,0.118485,-0.933021,-1.49655,2.13596,1.20484,0.652441,-1.25121,-1.46518,-0.0453232,0.510909,0.850042,1.34802
-0.265033,0.978522,0.929892,1.39884,2.18396,1.78745,-1.86146,2.39871,0.937262,1.17802,1.73115,1.43895,-1.76225,1.35692,0.826742,1.26484,0.093645,0.917735,-2.72514,-0.213635
-1.81815,0.94871,-0.473557,0.874261,0.841645,1.71363,-0.668468,0.173675,-0.00451906,-0.12534,-0.0654943,-0.29836,-0.365094,-0.322288,-0.275117,-0.526076,-0.122075,0.883909,-0.516156,0.50314
-1.45521,-0.0661054,0.370836,0.465151,-1.10608,0.521168,-0.00972721,2.07346,0.367243,0.147261,1.31423,-1.03375,-0.179458,0.854837,0.163508,2.28022,-0.509833,-0.0763535,0.247637,-0.376716
-1.73104,0.127801,1.57234,1.60058,-0.141618,0.84702,-0.419444,1.21929,0.0206248,1.03953,1.86327,-1.09395,-0.124165,0.078676,-0.374894,1.14961,-0.441882,-0.357894,0.435782,0.44498
2.35096,0.499261,1.05822,1.80117,1.23252,-0.122998,0.27118,2.03523,0.394271,1.06034,1.90786,2.04515,-1.94929,0.715354,1.71325,2.08783,-0.433628,-0.589721,-1.0496,-0.26094