1.18834,-2.91189,0.4246,-0.496414,-0.979781,-1.80538,-1.56257,-0.0391532,-0.888964,0.0887398,-0.0932924,-2.00111,-0.536997,-0.811284,0.0726201,0.251655,-0.146594,-1.06677,0.0473971,-0.451363
0.123111,-0.380311,1.55129,0.495743,-0.801971,0.0907936,0.387029,0.312059,-0.475737,1.90082,1.91043,-1.43373,-0.0219614,-0.56938,0.234328,0.804042,-0.590643,-0.915101,1.0154,0.732424
-0.654002,-1.59225,-0.588925,0.812145,0.228704,0.203596,-2.22372,-0.406423,-1.2561,-0.28968,-0.487802,-1.88683,-1.4833,-0.994983,-0.0934031,0.107536,-0.880585,-0.171934,-0.43165,0.715079
1.31184,-0.0415782,-0.172846,1.09408,1.89061,0.854683,-1.55157,1.83856,0.231107,0.595881,0.743853,0.964037,-2.38919,0.103255,1.6087,0.576127,-0.0719401,0.568538,-2.43537,-0.3615
-2.12326,0.490846,-1.91892,1.44704,2.15803,1.05701,-1.77517,-1.37397,-0.37529,-2.5233,-2.66477,0.647664,-0.674279,-0.702254,-1.07653,-2.22655,0.172777,1.27159,-1.07038,0.420118
-2.69988,-0.44817,-0.565612,0.352829,0.627398,0.38515,-2.13982,-1.9893,-0.616574,-1.58823,-1.91345,-0.856655,0.58087,-0.303045,-2.16896,-1.58457,0.102042,0.521514,-0.101298,0.646526
1.30835,-0.9557,1.89674,0.365429,1.30634,0.34728,-2.55825,1.42652,0.155881,2.22781,1.98832,-0.0476443,-1.48994,0.40167,0.681359,0.714801,0.213777,-0.104403,-2.28956,-0.187607
-0.148588,2.25508,-0.611107,0.614531,2.02624,0.967863,0.900122,-1.35856,0.50241,-0.661569,-1.15221,2.55272,0.425089,-0.082882,-0.353454,-2.17411,0.663072,0.969054,-0.432114,0.444307
-2.47481,1.48557,-1.94944,0.0996085,2.13234,2.59921,-1.88067,0.31171,0.67908,-1.32196,-1.59982,0.729868,-0.585743,0.275312,-0.34068,-1.71546,0.66711,2.43767,-2.46353,-0.165559
-1.22084,2.21049,-0.576022,0.264571,1.13407,0.610285,1.35194,-2.62204,0.118515,-0.935703,-1.49655,2.13598,1.20483,0.652435,-1.25151,-1.46529,-0.0453268,0.511758,0.851362,1.34801
-0.2637,0.979566,0.931439,1.40004,2.18398,1.78745,-1.86145,2.3987,0.937265,1.17803,1.73114,1.43896,-1.76226,1.3569,0.826631,1.26487,0.0940402,0.91674,-2.72537,-0.214271
-1.81815,0.949639,-0.47396,0.874299,0.843246,1.71361,-0.670404,0.173394,-0.00450606,-0.127442,-0.0678896,-0.297825,-0.366212,-0.322293,-0.274977,-0.527417,-0.121876,0.884602,-0.519239,0.502305
-1.4552,-0.0638179,0.372239,0.465002,-1.10609,0.521158,-0.009888,2.07346,0.367242,0.150108,1.31496,-1.03472,-0.179279,0.854831,0.163427,2.28022,-0.509848,-0.0761012,0.246133,-0.376147
-1.73105,0.132802,1.57237,1.60057,-0.141496,0.847672,-0.41945,1.21929,0.0200043,1.04132,1.86327,-1.09393,-0.125132,0.0781338,-0.375314,1.14962,-0.442422,-0.35782,0.433859,0.44592
2.35096,0.500703,1.06008,1.80118,1.23313,-0.122493,0.27062,2.03448,0.394548,1.0622,1.90787,2.04515,-1.94929,0.716334,1.71326,2.08781,-0.433343,-0.589834,-1.04961,-0.259883