1.19134,-2.91191,0.423808,-0.502155,-0.982383,-1.80537,-1.56255,-0.0416671,-0.889492,0.0918803,-0.0932638,-2.0011,-0.535077,-0.811294,0.0712895,0.251651,-0.145744,-1.06676,0.0476152,-0.451427
0.124045,-0.381357,1.55232,0.495755,-0.802673,0.0874231,0.3869,0.312831,-0.476595,1.90084,1.91042,-1.43374,-0.022958,-0.569357,0.234148,0.805346,-0.591305,-0.917902,1.01542,0.732412
-0.654779,-1.59076,-0.588908,0.812726,0.228587,0.204435,-2.22372,-0.406437,-1.25611,-0.289856,-0.488345,-1.88684,-1.4833,-0.995,-0.0942184,0.107547,-0.880581,-0.171724,-0.432039,0.715081
1.31305,-0.0397063,-0.169761,1.0949,1.89059,0.856306,-1.55175,1.83856,0.2311,0.597139,0.74503,0.964356,-2.3892,0.102815,1.60869,0.577281,-0.0717829,0.567477,-2.43538,-0.361929
-2.12326,0.496744,-1.91893,1.44704,2.15804,1.06117,-1.77517,-1.37565,-0.374965,-2.52327,-2.66479,0.648592,-0.673531,-0.702246,-1.0776,-2.22655,0.172857,1.2742,-1.07128,0.420303
-2.69989,-0.447368,-0.567795,0.35382,0.628038,0.386571,-2.13982,-1.98931,-0.616565,-1.58825,-1.91344,-0.856829,0.580229,-0.303276,-2.16895,-1.58604,0.102038,0.523417,-0.102103,0.647013
1.30835,-0.958076,1.89676,0.368882,1.30634,0.347699,-2.55826,1.43144,0.15577,2.2278,1.99042,-0.0486566,-1.49289,0.400997,0.683245,0.716995,0.213201,-0.106234,-2.28955,-0.188731
-0.149104,2.25509,-0.610678,0.615602,2.02625,0.968042,0.900123,-1.35868,0.502531,-0.663912,-1.15242,2.55271,0.425235,-0.0828963,-0.353456,-2.1741,0.662928,0.969058,-0.431102,0.443949
-2.47482,1.48625,-1.94944,0.101057,2.13233,2.59922,-1.88067,0.31001,0.679064,-1.32685,-1.60249,0.73103,-0.58478,0.275318,-0.341888,-1.71547,0.667117,2.43767,-2.46352,-0.167357
-1.22085,2.21049,-0.577656,0.26617,1.13406,0.610275,1.35196,-2.62204,0.118544,-0.938266,-1.49655,2.13599,1.20483,0.652429,-1.25178,-1.46539,-0.0453302,0.512576,0.852609,1.348
-0.262437,0.980572,0.932921,1.40116,2.18399,1.78744,-1.86144,2.3987,0.937268,1.17803,1.73114,1.43897,-1.76226,1.35689,0.82652,1.26489,0.0944096,0.915787,-2.7256,-0.214877
-1.81816,0.950531,-0.474367,0.874335,0.844775,1.71359,-0.672245,0.173116,-0.00449361,-0.129495,-0.0701979,-0.297316,-0.367274,-0.322297,-0.27486,-0.52872,-0.121678,0.885272,-0.522174,0.501491
-1.45519,-0.0616275,0.373577,0.464845,-1.10609,0.521151,-0.010041,2.07346,0.367242,0.152809,1.31565,-1.03563,-0.17911,0.854825,0.16335,2.28022,-0.509863,-0.0758554,0.244692,-0.375613
-1.73105,0.137618,1.57239,1.60055,-0.14138,0.848311,-0.419456,1.21929,0.0194114,1.04302,1.86327,-1.09391,-0.126062,0.0776132,-0.37572,1.14963,-0.442936,-0.357745,0.432017,0.446807
2.35096,0.50211,1.06183,1.80119,1.23371,-0.122019,0.270096,2.03374,0.394803,1.06396,1.90788,2.04515,-1.94929,0.717258,1.71328,2.08779,-0.433081,-0.589948,-1.04962,-0.258854