1.19424,-2.91192,0.423052,-0.50771,-0.984891,-1.80536,-1.56253,-0.0440684,-0.889985,0.0949249,-0.0932362,-2.00109,-0.533214,-0.811302,0.0700264,0.251646,-0.144916,-1.06676,0.0478128,-0.451501
0.124959,-0.382355,1.5533,0.495765,-0.80333,0.0841925,0.386771,0.313562,-0.477418,1.90085,1.91041,-1.43375,-0.0239346,-0.569336,0.233976,0.806574,-0.591932,-0.920577,1.01544,0.7324
-0.65549,-1.58929,-0.588891,0.813268,0.228486,0.205252,-2.22373,-0.40645,-1.25611,-0.290003,-0.48886,-1.88684,-1.4833,-0.995016,-0.0949942,0.107558,-0.880577,-0.171519,-0.432432,0.715082
1.31421,-0.037892,-0.166805,1.09568,1.89058,0.857849,-1.5519,1.83856,0.231092,0.598357,0.746164,0.964667,-2.38921,0.102397,1.60868,0.578393,-0.0716454,0.566447,-2.43539,-0.362325
-2.12326,0.502442,-1.91894,1.44704,2.15805,1.06519,-1.77517,-1.37726,-0.374645,-2.52325,-2.6648,0.649484,-0.672784,-0.702238,-1.07862,-2.22655,0.172944,1.2767,-1.07215,0.42047
-2.6999,-0.44657,-0.569881,0.354779,0.62865,0.387956,-2.13981,-1.98931,-0.616556,-1.58827,-1.91343,-0.856996,0.579631,-0.303508,-2.16894,-1.58745,0.102035,0.525245,-0.102881,0.647469
1.30836,-0.960366,1.89678,0.372147,1.30634,0.348056,-2.55827,1.43611,0.155653,2.22779,1.9924,-0.049627,-1.49572,0.400358,0.685041,0.71908,0.212635,-0.108006,-2.28955,-0.189793
-0.149597,2.25511,-0.610262,0.616649,2.02627,0.968215,0.900123,-1.35878,0.502648,-0.66615,-1.1526,2.5527,0.425374,-0.0829097,-0.353458,-2.17409,0.662794,0.969062,-0.430138,0.443607
-2.47484,1.48689,-1.94943,0.10244,2.13232,2.59924,-1.88068,0.308395,0.679049,-1.33154,-1.60505,0.732139,-0.583853,0.275324,-0.343056,-1.71548,0.667125,2.43767,-2.46351,-0.169089
-1.22086,2.21048,-0.579213,0.26772,1.13405,0.61027,1.35197,-2.62205,0.118573,-0.940717,-1.49655,2.13601,1.20482,0.652424,-1.25203,-1.46548,-0.0453333,0.513366,0.853787,1.34799
-0.261241,0.98154,0.934342,1.4022,2.18401,1.78744,-1.86144,2.39869,0.937271,1.17803,1.73113,1.43897,-1.76227,1.35688,0.82641,1.26491,0.0947546,0.914875,-2.72584,-0.215454
-1.81816,0.951386,-0.474777,0.87437,0.846238,1.71357,-0.673995,0.172843,-0.00448172,-0.131497,-0.0724226,-0.296833,-0.368283,-0.322301,-0.274764,-0.529985,-0.121479,0.88592,-0.524968,0.500697
-1.45518,-0.0595301,0.374851,0.464683,-1.1061,0.521148,-0.0101868,2.07347,0.367243,0.155371,1.3163,-1.03651,-0.178951,0.85482,0.163276,2.28022,-0.509876,-0.0756158,0.243312,-0.375112
-1.73106,0.142256,1.57241,1.60053,-0.14127,0.848936,-0.419461,1.2193,0.0188449,1.04462,1.86327,-1.09389,-0.126957,0.0771136,-0.376114,1.14964,-0.443424,-0.357667,0.430255,0.447644
2.35096,0.503481,1.0635,1.8012,1.23425,-0.121575,0.269606,2.03301,0.395039,1.06563,1.90789,2.04515,-1.94929,0.71813,1.71329,2.08777,-0.43284,-0.590063,-1.04963,-0.257851