1.19704,-2.91193,0.422328,-0.513084,-0.987307,-1.80535,-1.56251,-0.0463631,-0.890447,0.0978755,-0.0932093,-2.00108,-0.531406,-0.811309,0.0688274,0.251642,-0.144111,-1.06676,0.0479915,-0.451583
0.125853,-0.383306,1.55423,0.495776,-0.803944,0.0810958,0.386643,0.314255,-0.478209,1.90086,1.9104,-1.43376,-0.0248908,-0.569315,0.233812,0.80773,-0.592527,-0.923133,1.01546,0.732389
-0.656139,-1.58783,-0.588874,0.813773,0.2284,0.206045,-2.22373,-0.406463,-1.25612,-0.290126,-0.489349,-1.88684,-1.4833,-0.995031,-0.0957325,0.107568,-0.880573,-0.171318,-0.432824,0.715084
1.31533,-0.0361341,-0.163974,1.09641,1.89056,0.859317,-1.55203,1.83857,0.231083,0.599537,0.747258,0.964969,-2.38921,0.102001,1.60867,0.579466,-0.0715259,0.565449,-2.43541,-0.362688
-2.12326,0.507946,-1.91896,1.44704,2.15806,1.06906,-1.77517,-1.3788,-0.37433,-2.52323,-2.66481,0.650344,-0.672039,-0.702231,-1.07962,-2.22655,0.173035,1.27912,-1.07301,0.420623
-2.69991,-0.445777,-0.571871,0.355708,0.629235,0.389306,-2.13981,-1.98931,-0.616547,-1.58829,-1.91343,-0.857155,0.579074,-0.303739,-2.16893,-1.5888,0.102032,0.527,-0.103633,0.647896
1.30837,-0.962572,1.8968,0.375234,1.30634,0.348354,-2.55828,1.44055,0.155531,2.22779,1.99427,-0.0505569,-1.49842,0.399751,0.68675,0.721063,0.212079,-0.109719,-2.28955,-0.190796
-0.150068,2.25512,-0.60986,0.617671,2.02628,0.968383,0.900124,-1.35888,0.502762,-0.668289,-1.15276,2.55269,0.425506,-0.0829226,-0.35346,-2.17408,0.662669,0.969065,-0.42922,0.44328
-2.47485,1.48748,-1.94943,0.103759,2.13231,2.59926,-1.88069,0.30686,0.679035,-1.33603,-1.6075,0.733198,-0.582962,0.275329,-0.344186,-1.7155,0.667132,2.43767,-2.4635,-0.170757
-1.22086,2.21047,-0.580697,0.269221,1.13404,0.610269,1.35198,-2.62205,0.118602,-0.94306,-1.49655,2.13603,1.20482,0.652419,-1.25226,-1.46556,-0.0453362,0.514128,0.854899,1.34798
-0.260109,0.982472,0.935702,1.40317,2.18402,1.78744,-1.86143,2.39868,0.937274,1.17803,1.73113,1.43897,-1.76227,1.35686,0.826299,1.26494,0.0950765,0.914002,-2.72608,-0.216003
-1.81817,0.952208,-0.475187,0.874404,0.847636,1.71356,-0.675659,0.172574,-0.00447038,-0.13345,-0.0745667,-0.296374,-0.369241,-0.322305,-0.274688,-0.531214,-0.121283,0.886545,-0.527628,0.499924
-1.45517,-0.0575213,0.376066,0.464515,-1.1061,0.521146,-0.010326,2.07347,0.367243,0.157801,1.3169,-1.03734,-0.178801,0.854816,0.163206,2.28022,-0.509889,-0.0753822,0.24199,-0.374641
-1.73106,0.146723,1.57244,1.60052,-0.141165,0.849548,-0.419466,1.2193,0.0183036,1.04614,1.86326,-1.09388,-0.127818,0.0766344,-0.376497,1.14965,-0.443889,-0.357588,0.428567,0.448433
2.35095,0.504817,1.06508,1.80121,1.23477,-0.121159,0.269148,2.03229,0.395259,1.06722,1.90789,2.04515,-1.94929,0.718955,1.7133,2.08776,-0.43262,-0.590178,-1.04964,-0.256876