1.19974,-2.91195,0.421636,-0.518283,-0.989636,-1.80534,-1.56249,-0.0485566,-0.890879,0.100734,-0.0931833,-2.00106,-0.529654,-0.811316,0.0676891,0.251637,-0.143328,-1.06675,0.0481525,-0.451673
0.126727,-0.384214,1.55511,0.495786,-0.804518,0.0781273,0.386516,0.314912,-0.478969,1.90087,1.91039,-1.43377,-0.0258268,-0.569295,0.233657,0.808818,-0.59309,-0.925576,1.01547,0.732378
-0.656733,-1.5864,-0.588859,0.814242,0.228327,0.206817,-2.22374,-0.406475,-1.25613,-0.290227,-0.489811,-1.88684,-1.48329,-0.995046,-0.0964354,0.107578,-0.88057,-0.171122,-0.433217,0.715085
1.3164,-0.0344316,-0.161262,1.09709,1.89055,0.860714,-1.55213,1.83857,0.231074,0.600679,0.748314,0.965263,-2.38922,0.101625,1.60866,0.580501,-0.0714225,0.564481,-2.43542,-0.363021
-2.12326,0.513263,-1.91897,1.44704,2.15807,1.0728,-1.77517,-1.38027,-0.374021,-2.52321,-2.66482,0.651172,-0.6713,-0.702225,-1.08057,-2.22655,0.173131,1.28144,-1.07385,0.420762
-2.69991,-0.444991,-0.573771,0.356607,0.629795,0.39062,-2.13981,-1.98931,-0.616538,-1.58831,-1.91342,-0.857308,0.578556,-0.30397,-2.16892,-1.59008,0.102029,0.528685,-0.10436,0.648297
1.30837,-0.964697,1.89681,0.378153,1.30633,0.3486,-2.55829,1.44478,0.155406,2.22778,1.99603,-0.0514479,-1.50101,0.399174,0.688377,0.722947,0.211535,-0.111375,-2.28954,-0.191744
-0.150519,2.25513,-0.60947,0.61867,2.02629,0.968546,0.900125,-1.35897,0.502873,-0.670333,-1.1529,2.55268,0.425632,-0.0829348,-0.353462,-2.17408,0.662553,0.969069,-0.428346,0.442968
-2.47486,1.48803,-1.94943,0.105018,2.13229,2.59927,-1.8807,0.3054,0.679021,-1.34035,-1.60984,0.734209,-0.582105,0.275335,-0.345277,-1.71551,0.667138,2.43767,-2.46349,-0.172363
-1.22087,2.21047,-0.58211,0.270676,1.13404,0.610273,1.352,-2.62205,0.11863,-0.945301,-1.49656,2.13604,1.20481,0.652414,-1.25246,-1.46564,-0.0453389,0.514863,0.85595,1.34798
-0.259037,0.983369,0.937004,1.40408,2.18404,1.78744,-1.86143,2.39867,0.937277,1.17804,1.73112,1.43898,-1.76228,1.35685,0.826189,1.26496,0.0953765,0.913167,-2.72633,-0.216525
-1.81817,0.952996,-0.475599,0.874436,0.848974,1.71354,-0.677239,0.172309,-0.00445957,-0.135354,-0.0766332,-0.295936,-0.370152,-0.322309,-0.274628,-0.532406,-0.121088,0.88715,-0.530161,0.499172
-1.45516,-0.0555971,0.377223,0.464344,-1.10611,0.521148,-0.010459,2.07347,0.367243,0.160106,1.31747,-1.03813,-0.178659,0.854811,0.163137,2.28022,-0.509902,-0.0751543,0.240723,-0.374201
-1.73107,0.151024,1.57246,1.6005,-0.141065,0.850145,-0.41947,1.2193,0.0177865,1.04758,1.86326,-1.09386,-0.128646,0.076175,-0.376869,1.14966,-0.44433,-0.357507,0.42695,0.449178
2.35095,0.506118,1.06658,1.80122,1.23526,-0.120769,0.268722,2.03159,0.395462,1.06873,1.9079,2.04515,-1.94929,0.719734,1.71331,2.08774,-0.432417,-0.590293,-1.04965,-0.255928