1.20236,-2.91196,0.420974,-0.523311,-0.99188,-1.80533,-1.56247,-0.0506539,-0.891284,0.103503,-0.0931581,-2.00105,-0.527956,-0.811322,0.0666084,0.251632,-0.142567,-1.06675,0.0482972,-0.451768
0.127582,-0.38508,1.55595,0.495795,-0.805053,0.0752815,0.386392,0.315536,-0.4797,1.90088,1.91038,-1.43377,-0.0267425,-0.569276,0.23351,0.809844,-0.593625,-0.927911,1.01549,0.732368
-0.657274,-1.58499,-0.588844,0.814679,0.228267,0.207567,-2.22374,-0.406487,-1.25613,-0.290307,-0.490249,-1.88685,-1.48329,-0.99506,-0.0971047,0.107588,-0.880567,-0.170932,-0.433606,0.715086
1.31744,-0.0327831,-0.158665,1.09772,1.89054,0.862043,-1.55221,1.83857,0.231064,0.601787,0.749334,0.965549,-2.38923,0.101268,1.60865,0.5815,-0.0713337,0.563543,-2.43543,-0.363327
-2.12326,0.518398,-1.91898,1.44704,2.15808,1.07641,-1.77517,-1.38169,-0.373718,-2.52319,-2.66484,0.65197,-0.670566,-0.702218,-1.0815,-2.22655,0.17323,1.28367,-1.07467,0.420888
-2.69992,-0.444211,-0.575582,0.357475,0.630331,0.391898,-2.1398,-1.98931,-0.61653,-1.58833,-1.91342,-0.857454,0.578075,-0.304199,-2.16891,-1.59131,0.102027,0.530302,-0.105063,0.648673
1.30838,-0.966744,1.89683,0.380913,1.30633,0.348797,-2.5583,1.44879,0.155277,2.22777,1.99769,-0.0523014,-1.50349,0.398626,0.689925,0.724739,0.211001,-0.112977,-2.28954,-0.192639
-0.150951,2.25514,-0.609094,0.619645,2.0263,0.968705,0.900126,-1.35905,0.502981,-0.672285,-1.15301,2.55267,0.425751,-0.0829465,-0.353463,-2.17407,0.662446,0.969072,-0.427512,0.442671
-2.47487,1.48854,-1.94943,0.106221,2.13228,2.59929,-1.88071,0.304013,0.679009,-1.34448,-1.61209,0.735177,-0.581279,0.275341,-0.34633,-1.71552,0.667145,2.43767,-2.46348,-0.173908
-1.22088,2.21046,-0.583458,0.272086,1.13403,0.610282,1.35201,-2.62205,0.118657,-0.947443,-1.49656,2.13606,1.20481,0.65241,-1.25264,-1.46571,-0.0453415,0.515571,0.856943,1.34797
-0.258021,0.984232,0.93825,1.40492,2.18405,1.78743,-1.86142,2.39867,0.937279,1.17804,1.73112,1.43898,-1.76228,1.35684,0.82608,1.26498,0.0956558,0.912367,-2.72658,-0.217021
-1.81818,0.953754,-0.47601,0.874468,0.850255,1.71352,-0.678742,0.172049,-0.00444925,-0.137209,-0.0786252,-0.295519,-0.371017,-0.322313,-0.274584,-0.533564,-0.120896,0.887734,-0.532573,0.498442
-1.45515,-0.0537538,0.378326,0.464169,-1.10611,0.521151,-0.0105862,2.07347,0.367243,0.162293,1.318,-1.03888,-0.178524,0.854808,0.163071,2.28021,-0.509914,-0.0749319,0.239509,-0.373788
-1.73107,0.155166,1.57248,1.60049,-0.14097,0.850729,-0.419474,1.2193,0.0172925,1.04894,1.86326,-1.09385,-0.12944,0.0757348,-0.377231,1.14967,-0.44475,-0.357425,0.425402,0.449881
2.35095,0.507383,1.06801,1.80123,1.23572,-0.120404,0.268326,2.0309,0.395652,1.07017,1.90791,2.04515,-1.94929,0.72047,1.71332,2.08773,-0.432231,-0.590408,-1.04966,-0.255007