1.20488,-2.91197,0.420339,-0.528175,-0.994041,-1.80533,-1.56245,-0.0526598,-0.891664,0.106183,-0.0931336,-2.00104,-0.526311,-0.811328,0.0655822,0.251628,-0.141827,-1.06674,0.0484267,-0.451869
0.128417,-0.385907,1.55675,0.495804,-0.805553,0.0725531,0.386269,0.316128,-0.480401,1.9009,1.91037,-1.43378,-0.0276378,-0.569258,0.233371,0.810811,-0.594133,-0.930143,1.01551,0.732358
-0.657766,-1.58361,-0.588829,0.815083,0.228218,0.208295,-2.22374,-0.406498,-1.25614,-0.290368,-0.490665,-1.88685,-1.48329,-0.995073,-0.0977421,0.107598,-0.880564,-0.170748,-0.433992,0.715088
1.31844,-0.0311877,-0.156178,1.09832,1.89052,0.863309,-1.55227,1.83858,0.231055,0.60286,0.750318,0.965829,-2.38923,0.100929,1.60864,0.582463,-0.0712582,0.562635,-2.43544,-0.363606
-2.12326,0.523359,-1.91899,1.44704,2.15809,1.07989,-1.77517,-1.38304,-0.373422,-2.52317,-2.66485,0.65274,-0.669839,-0.702213,-1.08239,-2.22655,0.173333,1.28581,-1.07547,0.421003
-2.69993,-0.44344,-0.577309,0.358314,0.630842,0.393141,-2.1398,-1.98931,-0.616521,-1.58835,-1.91341,-0.857594,0.577627,-0.304426,-2.1689,-1.59249,0.102024,0.531853,-0.105741,0.649025
1.30839,-0.968716,1.89685,0.383522,1.30633,0.348949,-2.55831,1.45261,0.155147,2.22776,1.99926,-0.0531189,-1.50586,0.398106,0.691398,0.726443,0.21048,-0.114524,-2.28953,-0.193485
-0.151365,2.25516,-0.608729,0.620597,2.02631,0.96886,0.900127,-1.35912,0.503085,-0.674151,-1.15311,2.55266,0.425863,-0.0829577,-0.353465,-2.17406,0.662345,0.969075,-0.426718,0.442388
-2.47487,1.48901,-1.94943,0.10737,2.13227,2.59931,-1.88071,0.302694,0.678996,-1.34844,-1.61424,0.736102,-0.580484,0.275347,-0.347346,-1.71553,0.667151,2.43767,-2.46347,-0.175396
-1.22089,2.21045,-0.584742,0.27345,1.13402,0.610296,1.35202,-2.62205,0.118685,-0.949492,-1.49656,2.13607,1.2048,0.652406,-1.25281,-1.46577,-0.0453439,0.516255,0.857882,1.34796
-0.25706,0.985063,0.939441,1.4057,2.18406,1.78743,-1.86141,2.39866,0.937281,1.17804,1.73111,1.43899,-1.76229,1.35683,0.825972,1.26499,0.0959156,0.911603,-2.72683,-0.217493
-1.81818,0.954483,-0.47642,0.874498,0.851481,1.71351,-0.680169,0.171794,-0.0044394,-0.139015,-0.0805453,-0.295122,-0.37184,-0.322317,-0.274553,-0.534687,-0.120707,0.888298,-0.53487,0.497733
-1.45515,-0.0519878,0.379376,0.463992,-1.10612,0.521156,-0.010708,2.07347,0.367244,0.164367,1.3185,-1.0396,-0.178395,0.854804,0.163007,2.28021,-0.509925,-0.0747148,0.238347,-0.373401
-1.73108,0.159155,1.5725,1.60047,-0.14088,0.8513,-0.419478,1.2193,0.0168206,1.05023,1.86326,-1.09383,-0.130204,0.0753133,-0.377583,1.14967,-0.44515,-0.357341,0.423919,0.450544
2.35095,0.508613,1.06936,1.80123,1.23617,-0.120061,0.267957,2.03024,0.39583,1.07154,1.90791,2.04515,-1.94929,0.721168,1.71333,2.08771,-0.432061,-0.590521,-1.04966,-0.254113