1.20732,-2.91199,0.419732,-0.532877,-0.996124,-1.80532,-1.56243,-0.054579,-0.892019,0.108777,-0.0931099,-2.00103,-0.524717,-0.811333,0.0646076,0.251623,-0.141108,-1.06674,0.0485422,-0.451974
0.129234,-0.386696,1.5575,0.495813,-0.806018,0.0699372,0.386149,0.316691,-0.481075,1.90091,1.91036,-1.43379,-0.0285128,-0.569241,0.233241,0.811722,-0.594616,-0.932277,1.01552,0.732349
-0.658215,-1.58225,-0.588816,0.815458,0.228179,0.209003,-2.22375,-0.406509,-1.25614,-0.290413,-0.491058,-1.88685,-1.48329,-0.995086,-0.0983494,0.107607,-0.880561,-0.170569,-0.434373,0.715089
1.3194,-0.029644,-0.153796,1.09888,1.89051,0.864514,-1.55232,1.83858,0.231045,0.603901,0.751269,0.966102,-2.38923,0.100608,1.60864,0.583392,-0.0711945,0.561755,-2.43545,-0.363861
-2.12326,0.52815,-1.91899,1.44704,2.1581,1.08325,-1.77517,-1.38434,-0.373131,-2.52315,-2.66486,0.653484,-0.669121,-0.702207,-1.08325,-2.22655,0.173438,1.28788,-1.07625,0.421107
-2.69994,-0.442678,-0.578956,0.359124,0.631331,0.394348,-2.1398,-1.98931,-0.616513,-1.58837,-1.91341,-0.857728,0.577212,-0.304651,-2.16889,-1.59361,0.102022,0.533342,-0.106396,0.649354
1.30839,-0.970614,1.89686,0.385989,1.30633,0.349061,-2.55831,1.45624,0.155015,2.22776,2.00074,-0.0539019,-1.50813,0.397611,0.6928,0.728063,0.209971,-0.11602,-2.28953,-0.194284
-0.151762,2.25517,-0.608377,0.621527,2.02633,0.969011,0.900128,-1.35919,0.503185,-0.675934,-1.15319,2.55265,0.425969,-0.0829684,-0.353467,-2.17406,0.66225,0.969079,-0.425962,0.442118
-2.47488,1.48945,-1.94943,0.108467,2.13226,2.59932,-1.88072,0.301439,0.678985,-1.35225,-1.6163,0.736988,-0.579719,0.275352,-0.348327,-1.71554,0.667157,2.43767,-2.46347,-0.176826
-1.22089,2.21045,-0.585965,0.274772,1.13401,0.610314,1.35203,-2.62206,0.118711,-0.951451,-1.49656,2.13609,1.2048,0.652403,-1.25296,-1.46583,-0.0453461,0.516914,0.85877,1.34796
-0.256148,0.985862,0.940579,1.40643,2.18407,1.78743,-1.86141,2.39866,0.937283,1.17805,1.73111,1.43899,-1.76229,1.35682,0.825866,1.26501,0.096157,0.910872,-2.72708,-0.217941
-1.81819,0.955183,-0.476828,0.874527,0.852654,1.71349,-0.681525,0.171544,-0.00443,-0.140773,-0.0823962,-0.294742,-0.372622,-0.322321,-0.274535,-0.535777,-0.120522,0.888842,-0.537057,0.497046
-1.45514,-0.0502956,0.380377,0.463814,-1.10612,0.521163,-0.0108246,2.07347,0.367245,0.166334,1.31896,-1.04028,-0.178273,0.854801,0.162943,2.28021,-0.509936,-0.0745029,0.237233,-0.373039
-1.73108,0.162996,1.57252,1.60046,-0.140793,0.851857,-0.419482,1.21931,0.0163699,1.05145,1.86326,-1.09382,-0.130936,0.0749096,-0.377927,1.14968,-0.44553,-0.357256,0.422499,0.451169
2.35094,0.509809,1.07064,1.80124,1.23659,-0.11974,0.267615,2.02959,0.395996,1.07284,1.90792,2.04515,-1.94929,0.721828,1.71333,2.0877,-0.431904,-0.590633,-1.04967,-0.253245