1.20967,-2.912,0.41915,-0.537425,-0.99813,-1.80531,-1.56242,-0.0564157,-0.892353,0.111288,-0.093087,-2.00102,-0.523175,-0.811337,0.063682,0.251619,-0.14041,-1.06673,0.0486448,-0.452084
0.130032,-0.38745,1.55822,0.495821,-0.806452,0.0674291,0.386032,0.317226,-0.481723,1.90092,1.91036,-1.43379,-0.0293677,-0.569224,0.233119,0.812582,-0.595075,-0.934318,1.01554,0.73234
-0.658622,-1.58091,-0.588803,0.815804,0.22815,0.20969,-2.22375,-0.406519,-1.25615,-0.290442,-0.491431,-1.88685,-1.48329,-0.995098,-0.0989282,0.107615,-0.880558,-0.170396,-0.434748,0.71509
1.32033,-0.028151,-0.151516,1.0994,1.8905,0.865662,-1.55235,1.83858,0.231036,0.60491,0.752188,0.966368,-2.38924,0.100303,1.60863,0.584289,-0.0711416,0.560905,-2.43546,-0.364094
-2.12327,0.532778,-1.919,1.44705,2.15811,1.08649,-1.77517,-1.38559,-0.372848,-2.52313,-2.66487,0.654202,-0.668412,-0.702202,-1.08409,-2.22655,0.173546,1.28986,-1.07701,0.421202
-2.69994,-0.441925,-0.580524,0.359906,0.631798,0.39552,-2.13979,-1.98931,-0.616505,-1.58839,-1.91341,-0.857856,0.576826,-0.304872,-2.16888,-1.59468,0.102021,0.53477,-0.107028,0.649663
1.3084,-0.972441,1.89688,0.388322,1.30633,0.349135,-2.55832,1.45969,0.154883,2.22775,2.00213,-0.0546518,-1.5103,0.397142,0.694133,0.729603,0.209475,-0.117465,-2.28952,-0.195039
-0.152142,2.25518,-0.608037,0.622434,2.02634,0.969158,0.900129,-1.35925,0.503282,-0.677639,-1.15326,2.55264,0.42607,-0.0829787,-0.353468,-2.17405,0.662162,0.969082,-0.425241,0.441863
-2.47489,1.48986,-1.94943,0.109516,2.13225,2.59934,-1.88073,0.300245,0.678974,-1.35589,-1.61827,0.737837,-0.578982,0.275358,-0.349272,-1.71555,0.667162,2.43767,-2.46346,-0.178202
-1.2209,2.21044,-0.587131,0.276051,1.13401,0.610336,1.35204,-2.62206,0.118737,-0.953325,-1.49656,2.1361,1.20479,0.652399,-1.25309,-1.46589,-0.0453482,0.51755,0.85961,1.34795
-0.255285,0.98663,0.941667,1.40711,2.18409,1.78742,-1.8614,2.39865,0.937285,1.17805,1.73111,1.43899,-1.7623,1.35681,0.82576,1.26503,0.0963811,0.910173,-2.72733,-0.218366
-1.8182,0.955857,-0.477233,0.874554,0.853778,1.71347,-0.682814,0.171299,-0.00442101,-0.142483,-0.0841805,-0.294379,-0.373365,-0.322324,-0.274527,-0.536833,-0.12034,0.889369,-0.539139,0.496379
-1.45513,-0.0486739,0.381331,0.463635,-1.10613,0.521171,-0.0109363,2.07347,0.367245,0.168201,1.3194,-1.04093,-0.178157,0.854798,0.162882,2.28021,-0.509946,-0.0742959,0.236166,-0.372701
-1.73108,0.166696,1.57253,1.60045,-0.14071,0.8524,-0.419485,1.21931,0.0159395,1.0526,1.86326,-1.0938,-0.131639,0.0745233,-0.378262,1.14969,-0.445893,-0.357169,0.421138,0.451759
2.35094,0.51097,1.07185,1.80125,1.23698,-0.119439,0.267299,2.02895,0.396151,1.07408,1.90793,2.04515,-1.94929,0.722454,1.71334,2.08769,-0.431761,-0.590742,-1.04968,-0.252403