0.626266,-2.90206,0.271403,0.163613,-0.549854,-1.8131,-1.56281,0.259129,-0.412596,-0.265167,-0.0906008,-2.01735,-0.371469,-0.780629,0.101091,0.235111,-0.0547843,-1.06646,0.173343,-0.293434
0.0485712,-0.369412,0.715345,0.483247,-0.271839,0.534422,0.0062176,0.0186793,-0.229331,1.89652,1.91588,-1.42982,0.14013,-0.585728,0.157197,0.19146,-0.277233,-0.112783,1.00853,0.726966
-0.275651,-0.984424,-0.589873,0.328017,0.181104,-0.0276261,-2.22455,-0.405264,-1.25172,-0.0312754,-0.201146,-1.88825,-1.47703,-0.990256,-0.16456,0.113161,-0.878439,-0.273149,-0.314028,0.715842
0.770016,-0.0668585,-0.367513,0.342821,1.88179,0.130202,-0.967233,1.83778,0.225792,0.0417574,0.28236,0.627357,-2.38964,0.153715,1.60695,0.0366324,-0.222451,0.429108,-2.42307,-0.123297
-2.13105,-0.187573,-1.90852,1.43395,2.1601,0.298446,-1.76688,-0.717654,-0.157339,-2.5341,-2.65765,0.155756,-0.315226,-0.709725,-0.488794,-2.22133,0.187999,0.440713,-0.61384,0.107038
-2.69478,-0.124642,-0.262202,0.28685,0.339127,0.122484,-2.14534,-1.98041,-0.611905,-1.57603,-1.91927,-0.432978,0.720988,-0.175107,-2.17647,-0.671819,0.0984894,0.0858108,0.13619,0.335741
1.30339,-0.398131,1.89424,-0.36074,1.30611,0.0126658,-2.55196,0.0290753,-0.0615702,2.22511,0.755754,-0.0939651,-0.774883,0.246548,0.194866,0.299464,0.122514,0.0666324,-2.29179,0.195443
0.0181883,2.25379,-0.3255,0.0924598,2.03052,0.559175,0.903571,-0.570053,0.385404,-0.261344,-0.397156,2.54778,-0.00757761,-0.0718038,-0.339492,-2.17494,0.435214,0.961207,-0.270908,0.0638617
-2.47004,0.679205,-1.94784,0.0469252,2.13494,2.60852,-1.87745,0.305076,0.68253,-0.381696,-0.690224,0.220162,-0.32899,0.274116,-0.198222,-1.71732,0.669954,2.43083,-2.45966,0.0768063
-1.20937,2.21986,-0.0939029,0.122458,1.127,0.496884,1.34236,-2.62598,0.0892126,-0.147886,-1.48842,2.12598,1.19923,0.678897,-0.605366,-0.852601,-0.0432288,0.399578,0.186411,1.34497
-0.290809,0.447331,0.171311,0.362028,2.18142,1.78222,-1.85989,2.40474,0.93499,1.17613,1.7321,1.4303,-1.75544,1.35715,0.236109,1.25597,-0.0568404,0.619699,-1.05065,-0.0560611
-1.82238,0.555749,-0.500037,0.883099,0.306614,1.69783,-0.437814,0.0679515,-0.00988888,-0.115982,0.233215,-0.521279,0.185383,-0.305879,-0.286761,-0.271511,0.0283212,0.674934,0.0625433,0.261807
-1.46254,-0.156007,0.295131,0.0828453,-1.10107,0.394616,0.114829,2.06271,0.36099,-0.405478,0.595749,-0.363782,-0.379785,0.870022,0.0322951,2.281,-0.495242,-0.272022,0.237576,-0.363781
-1.723,-0.358456,1.56521,1.60515,-0.21018,0.419992,-0.420352,1.22162,0.142266,0.597069,1.85548,-1.09819,-0.114562,-0.168585,-0.0515166,1.1472,-0.0782885,-0.286926,0.380303,0.0697427
2.3508,0.371274,0.442169,1.79631,0.489584,-0.148026,0.409701,0.89318,0.127246,0.299709,1.90621,2.04637,-1.94943,0.410962,1.70449,2.08843,-0.222656,-0.254614,-1.04317,-0.0615862