1.21195,-2.91201,0.418593,-0.541821,-1.00006,-1.8053,-1.5624,-0.058174,-0.892666,0.113717,-0.0930647,-2.00101,-0.521683,-0.811342,0.0628028,0.251614,-0.139732,-1.06673,0.0487353,-0.452196
0.130811,-0.38817,1.5589,0.495829,-0.806856,0.065024,0.385918,0.317735,-0.482344,1.90093,1.91035,-1.4338,-0.0302026,-0.569209,0.233004,0.813393,-0.595511,-0.936269,1.01555,0.732332
-0.658991,-1.57961,-0.58879,0.816124,0.228129,0.210357,-2.22376,-0.406529,-1.25615,-0.290458,-0.491783,-1.88685,-1.48329,-0.995109,-0.0994799,0.107624,-0.880555,-0.170229,-0.435116,0.715091
1.32123,-0.0267073,-0.149334,1.09988,1.89049,0.866756,-1.55236,1.83858,0.231027,0.605889,0.753077,0.966628,-2.38924,0.100014,1.60862,0.585154,-0.0710982,0.560082,-2.43547,-0.364306
-2.12327,0.537247,-1.91901,1.44705,2.15812,1.08962,-1.77517,-1.38678,-0.372571,-2.52311,-2.66487,0.654896,-0.667714,-0.702197,-1.08489,-2.22655,0.173655,1.29177,-1.07775,0.421289
-2.69995,-0.441182,-0.582018,0.36066,0.632243,0.396657,-2.13979,-1.98931,-0.616498,-1.5884,-1.9134,-0.857979,0.576469,-0.30509,-2.16888,-1.59571,0.102019,0.53614,-0.107638,0.649952
1.30841,-0.974201,1.89689,0.390528,1.30633,0.349175,-2.55833,1.46297,0.154751,2.22774,2.00345,-0.0553698,-1.51237,0.396697,0.695401,0.731068,0.208992,-0.11886,-2.28952,-0.195753
-0.152507,2.25519,-0.607708,0.62332,2.02635,0.969302,0.90013,-1.35931,0.503376,-0.679268,-1.15331,2.55263,0.426164,-0.0829886,-0.353469,-2.17405,0.662079,0.969085,-0.424554,0.44162
-2.4749,1.49025,-1.94943,0.110518,2.13224,2.59935,-1.88073,0.299109,0.678963,-1.35939,-1.62015,0.738651,-0.578273,0.275363,-0.350184,-1.71556,0.667167,2.43767,-2.46345,-0.179525
-1.2209,2.21044,-0.588242,0.27729,1.134,0.610363,1.35205,-2.62206,0.118763,-0.955117,-1.49656,2.13611,1.20479,0.652396,-1.25321,-1.46595,-0.0453502,0.518163,0.860404,1.34794
-0.254468,0.987369,0.942706,1.40774,2.1841,1.78742,-1.8614,2.39865,0.937287,1.17805,1.7311,1.43899,-1.7623,1.3568,0.825656,1.26505,0.096589,0.909504,-2.72758,-0.218769
-1.8182,0.956505,-0.477636,0.874581,0.854855,1.71346,-0.684038,0.171059,-0.0044124,-0.144146,-0.0859006,-0.294032,-0.374072,-0.322327,-0.274528,-0.537858,-0.120162,0.889877,-0.541123,0.495734
-1.45513,-0.0471195,0.38224,0.463455,-1.10613,0.521181,-0.0110435,2.07347,0.367246,0.169972,1.31982,-1.04155,-0.178046,0.854795,0.162821,2.28021,-0.509955,-0.0740936,0.235143,-0.372384
-1.73109,0.170259,1.57255,1.60044,-0.140631,0.85293,-0.419488,1.21931,0.0155284,1.05369,1.86326,-1.09379,-0.132314,0.0741536,-0.378588,1.1497,-0.446238,-0.357081,0.419835,0.452315
2.35094,0.512098,1.073,1.80125,1.23736,-0.119156,0.267006,2.02834,0.396298,1.07527,1.90793,2.04515,-1.94929,0.723047,1.71335,2.08767,-0.43163,-0.59085,-1.04968,-0.251587