1.21414,-2.91202,0.418058,-0.546071,-1.00192,-1.8053,-1.56238,-0.0598575,-0.892959,0.116066,-0.0930432,-2.00101,-0.52024,-0.811345,0.0619676,0.25161,-0.139074,-1.06672,0.0488147,-0.452311
0.131572,-0.388858,1.55955,0.495836,-0.807231,0.0627177,0.385807,0.31822,-0.482941,1.90093,1.91034,-1.43381,-0.0310175,-0.569194,0.232897,0.814158,-0.595927,-0.938136,1.01556,0.732323
-0.659324,-1.57833,-0.588778,0.816418,0.228117,0.211005,-2.22376,-0.406538,-1.25616,-0.290461,-0.492118,-1.88685,-1.48328,-0.995121,-0.100006,0.107632,-0.880553,-0.170068,-0.435477,0.715092
1.3221,-0.0253118,-0.147245,1.10034,1.89047,0.867799,-1.55237,1.83858,0.231019,0.606838,0.753935,0.966882,-2.38925,0.0997391,1.60862,0.585989,-0.0710635,0.559286,-2.43548,-0.364498
-2.12327,0.541564,-1.91902,1.44705,2.15813,1.09265,-1.77517,-1.38792,-0.3723,-2.52309,-2.66488,0.655568,-0.667026,-0.702193,-1.08567,-2.22654,0.173765,1.29361,-1.07848,0.421368
-2.69996,-0.44045,-0.58344,0.361388,0.632669,0.39776,-2.13979,-1.98931,-0.61649,-1.58842,-1.9134,-0.858097,0.576137,-0.305304,-2.16887,-1.59669,0.102018,0.537454,-0.108226,0.650222
1.30841,-0.975894,1.89691,0.392613,1.30633,0.349183,-2.55834,1.46609,0.154619,2.22773,2.00469,-0.0560573,-1.51435,0.396274,0.696608,0.732461,0.208522,-0.120208,-2.28951,-0.196428
-0.152858,2.2552,-0.60739,0.624184,2.02636,0.969442,0.900131,-1.35936,0.503466,-0.680825,-1.15336,2.55262,0.426253,-0.0829981,-0.353471,-2.17404,0.662,0.969089,-0.423899,0.441389
-2.47491,1.4906,-1.94942,0.111477,2.13224,2.59936,-1.88074,0.298028,0.678953,-1.36275,-1.62196,0.739431,-0.57759,0.275369,-0.351062,-1.71557,0.667172,2.43767,-2.46344,-0.180796
-1.22091,2.21043,-0.5893,0.278488,1.134,0.610393,1.35206,-2.62206,0.118787,-0.95683,-1.49656,2.13613,1.20478,0.652394,-1.25332,-1.466,-0.0453521,0.518754,0.861155,1.34794
-0.253693,0.98808,0.943698,1.40833,2.18411,1.78742,-1.86139,2.39864,0.937289,1.17805,1.7311,1.439,-1.76231,1.35679,0.825553,1.26506,0.0967815,0.908866,-2.72783,-0.219151
-1.81821,0.95713,-0.478034,0.874607,0.855887,1.71345,-0.6852,0.170824,-0.00440416,-0.145763,-0.087559,-0.293699,-0.374744,-0.322331,-0.274538,-0.538852,-0.119989,0.890368,-0.543012,0.495109
-1.45512,-0.0456294,0.383106,0.463276,-1.10613,0.521192,-0.0111463,2.07348,0.367247,0.171652,1.3202,-1.04214,-0.177939,0.854793,0.162761,2.28021,-0.509965,-0.073896,0.234164,-0.372089
-1.73109,0.17369,1.57257,1.60042,-0.140555,0.853447,-0.419491,1.21931,0.0151358,1.05472,1.86326,-1.09377,-0.13296,0.0737999,-0.378907,1.1497,-0.446566,-0.356992,0.418586,0.45284
2.35094,0.513192,1.07409,1.80126,1.23772,-0.11889,0.266736,2.02775,0.396437,1.07639,1.90794,2.04515,-1.94929,0.723609,1.71336,2.08766,-0.43151,-0.590954,-1.04969,-0.250796