1.21626,-2.91203,0.417546,-0.55018,-1.00372,-1.80529,-1.56237,-0.0614701,-0.893234,0.118338,-0.0930224,-2.001,-0.518844,-0.811349,0.061174,0.251606,-0.138436,-1.06672,0.0488839,-0.452428
0.132316,-0.389515,1.56016,0.495843,-0.807579,0.060506,0.385699,0.318681,-0.483515,1.90094,1.91033,-1.43381,-0.0318127,-0.569179,0.232798,0.814881,-0.596323,-0.939921,1.01558,0.732316
-0.659625,-1.57708,-0.588766,0.816689,0.228111,0.211633,-2.22376,-0.406547,-1.25616,-0.290453,-0.492434,-1.88686,-1.48328,-0.995131,-0.100507,0.10764,-0.88055,-0.169912,-0.43583,0.715093
1.32294,-0.0239632,-0.145245,1.10076,1.89046,0.868794,-1.55236,1.83858,0.231011,0.607759,0.754765,0.96713,-2.38925,0.0994784,1.60861,0.586795,-0.0710365,0.558517,-2.43549,-0.364672
-2.12327,0.545732,-1.91903,1.44705,2.15813,1.09556,-1.77517,-1.38902,-0.372037,-2.52308,-2.66489,0.656217,-0.66635,-0.702189,-1.08642,-2.22654,0.173877,1.29538,-1.07918,0.421439
-2.69996,-0.43973,-0.584793,0.362088,0.633075,0.398828,-2.13979,-1.98931,-0.616483,-1.58843,-1.9134,-0.85821,0.575831,-0.305514,-2.16886,-1.59763,0.102017,0.538713,-0.108793,0.650475
1.30842,-0.977524,1.89692,0.394585,1.30633,0.349164,-2.55835,1.46906,0.154489,2.22773,2.00586,-0.0567154,-1.51625,0.395872,0.697755,0.733786,0.208065,-0.12151,-2.28951,-0.197066
-0.153196,2.25521,-0.607082,0.625027,2.02637,0.969579,0.900132,-1.3594,0.503552,-0.682313,-1.15339,2.55262,0.426336,-0.0830073,-0.353472,-2.17403,0.661926,0.969092,-0.423274,0.441171
-2.47491,1.49093,-1.94942,0.112393,2.13223,2.59938,-1.88075,0.296999,0.678943,-1.36597,-1.62369,0.74018,-0.576932,0.275374,-0.351908,-1.71558,0.667177,2.43767,-2.46343,-0.182019
-1.22091,2.21043,-0.590309,0.279647,1.13399,0.610428,1.35207,-2.62206,0.118811,-0.95847,-1.49656,2.13614,1.20478,0.652391,-1.25341,-1.46605,-0.0453539,0.519324,0.861866,1.34793
-0.252959,0.988764,0.944645,1.40888,2.18412,1.78741,-1.86139,2.39864,0.937291,1.17805,1.7311,1.439,-1.76231,1.35678,0.825452,1.26508,0.0969598,0.908255,-2.72808,-0.219514
-1.81821,0.957731,-0.478429,0.874632,0.856875,1.71343,-0.686304,0.170594,-0.00439627,-0.147334,-0.089158,-0.29338,-0.375383,-0.322334,-0.274554,-0.539815,-0.119819,0.890842,-0.544811,0.494505
-1.45511,-0.0442008,0.383931,0.463098,-1.10614,0.521204,-0.0112449,2.07348,0.367247,0.173245,1.32057,-1.0427,-0.177837,0.854791,0.162701,2.28021,-0.509973,-0.0737028,0.233226,-0.371813
-1.7311,0.176995,1.57258,1.60041,-0.140483,0.853951,-0.419494,1.21931,0.014761,1.0557,1.86326,-1.09376,-0.133579,0.0734616,-0.379219,1.14971,-0.446879,-0.356903,0.41739,0.453336
2.35094,0.514254,1.07513,1.80127,1.23807,-0.11864,0.266488,2.02717,0.396567,1.07747,1.90794,2.04515,-1.94929,0.724143,1.71337,2.08765,-0.431401,-0.591056,-1.04969,-0.25003