1.21831,-2.91204,0.417054,-0.554151,-1.00544,-1.80529,-1.56235,-0.0630149,-0.893493,0.120534,-0.0930023,-2.00099,-0.517494,-0.811352,0.06042,0.251602,-0.137816,-1.06671,0.0489436,-0.452546
0.133041,-0.390143,1.56075,0.49585,-0.807903,0.0583847,0.385595,0.319121,-0.484065,1.90095,1.91033,-1.43382,-0.0325884,-0.569165,0.232706,0.815563,-0.5967,-0.941629,1.01559,0.732308
-0.659897,-1.57585,-0.588755,0.816937,0.228112,0.212242,-2.22377,-0.406556,-1.25617,-0.290435,-0.492734,-1.88686,-1.48328,-0.995141,-0.100986,0.107648,-0.880548,-0.169762,-0.436174,0.715094
1.32375,-0.0226603,-0.143331,1.10115,1.89045,0.869742,-1.55234,1.83859,0.231004,0.608653,0.755568,0.967373,-2.38925,0.099231,1.60861,0.587572,-0.0710164,0.557774,-2.4355,-0.364829
-2.12327,0.549758,-1.91903,1.44705,2.15814,1.09838,-1.77517,-1.39008,-0.37178,-2.52306,-2.6649,0.656845,-0.665686,-0.702185,-1.08715,-2.22654,0.173988,1.29708,-1.07986,0.421505
-2.69997,-0.439021,-0.586081,0.362763,0.633462,0.399863,-2.13979,-1.98931,-0.616476,-1.58845,-1.91339,-0.858319,0.575548,-0.305719,-2.16886,-1.59853,0.102016,0.539921,-0.10934,0.650711
1.30842,-0.979092,1.89693,0.39645,1.30633,0.349119,-2.55835,1.47188,0.15436,2.22772,2.00697,-0.0573454,-1.51806,0.395491,0.698846,0.735046,0.207621,-0.122767,-2.28951,-0.197669
-0.15352,2.25522,-0.606785,0.625849,2.02638,0.969713,0.900133,-1.35945,0.503636,-0.683736,-1.15341,2.55261,0.426415,-0.083016,-0.353473,-2.17403,0.661857,0.969095,-0.422679,0.440964
-2.47492,1.49124,-1.94942,0.11327,2.13222,2.59939,-1.88075,0.296019,0.678934,-1.36905,-1.62534,0.7409,-0.576299,0.275379,-0.352722,-1.71559,0.667181,2.43766,-2.46342,-0.183193
-1.22092,2.21043,-0.59127,0.280769,1.13399,0.610465,1.35207,-2.62207,0.118835,-0.960037,-1.49656,2.13615,1.20478,0.652389,-1.2535,-1.4661,-0.0453555,0.519874,0.862538,1.34792
-0.252263,0.989421,0.945549,1.40939,2.18413,1.78741,-1.86138,2.39863,0.937292,1.17806,1.73109,1.439,-1.76232,1.35677,0.825353,1.26509,0.0971246,0.907672,-2.72833,-0.219857
-1.81822,0.95831,-0.478819,0.874656,0.857823,1.71342,-0.687353,0.170369,-0.00438872,-0.14886,-0.0906997,-0.293075,-0.375991,-0.322336,-0.274578,-0.540749,-0.119655,0.891299,-0.546524,0.493921
-1.45511,-0.0428309,0.384717,0.46292,-1.10614,0.521217,-0.0113397,2.07348,0.367248,0.174758,1.32091,-1.04324,-0.177738,0.854789,0.162642,2.28021,-0.509981,-0.073514,0.232327,-0.371555
-1.7311,0.180178,1.57259,1.6004,-0.140413,0.854442,-0.419496,1.21931,0.0144031,1.05662,1.86326,-1.09375,-0.134173,0.073138,-0.379523,1.14971,-0.447178,-0.356812,0.416244,0.453803
2.35093,0.515284,1.07611,1.80127,1.23839,-0.118406,0.26626,2.02661,0.396692,1.0785,1.90795,2.04515,-1.94929,0.724649,1.71337,2.08764,-0.4313,-0.591155,-1.0497,-0.249288