1.22028,-2.91205,0.416582,-0.55799,-1.0071,-1.80528,-1.56234,-0.0644954,-0.893735,0.122656,-0.0929829,-2.00098,-0.51619,-0.811355,0.0597033,0.251598,-0.137216,-1.06671,0.0489946,-0.452666
0.133749,-0.390743,1.5613,0.495857,-0.808202,0.0563502,0.385493,0.31954,-0.484594,1.90096,1.91032,-1.43382,-0.0333447,-0.569152,0.232621,0.816207,-0.59706,-0.943263,1.0156,0.732301
-0.66014,-1.57466,-0.588744,0.817163,0.228118,0.212833,-2.22377,-0.406564,-1.25617,-0.290409,-0.493018,-1.88686,-1.48328,-0.995151,-0.101442,0.107655,-0.880546,-0.169618,-0.436509,0.715095
1.32453,-0.0214019,-0.141499,1.10152,1.89044,0.870647,-1.55231,1.83859,0.230998,0.609521,0.756345,0.96761,-2.38926,0.0989961,1.6086,0.588322,-0.0710024,0.557056,-2.43551,-0.36497
-2.12327,0.553645,-1.91904,1.44705,2.15815,1.1011,-1.77516,-1.39109,-0.371531,-2.52305,-2.66491,0.657454,-0.665034,-0.702181,-1.08785,-2.22654,0.174101,1.29872,-1.08052,0.421564
-2.69998,-0.438324,-0.587306,0.363413,0.633831,0.400865,-2.13978,-1.98931,-0.616469,-1.58846,-1.91339,-0.858423,0.575286,-0.30592,-2.16885,-1.59938,0.102015,0.541078,-0.109866,0.650932
1.30843,-0.980601,1.89695,0.398213,1.30633,0.34905,-2.55836,1.47457,0.154233,2.22772,2.00801,-0.0579483,-1.51979,0.39513,0.699883,0.736244,0.207191,-0.12398,-2.2895,-0.198239
-0.153832,2.25523,-0.606499,0.626651,2.02639,0.969845,0.900134,-1.35948,0.503716,-0.685097,-1.15343,2.5526,0.426488,-0.0830245,-0.353474,-2.17402,0.661791,0.969098,-0.422111,0.440769
-2.47493,1.49153,-1.94942,0.114109,2.13221,2.5994,-1.88076,0.295087,0.678925,-1.37201,-1.62693,0.741591,-0.575689,0.275384,-0.353506,-1.7156,0.667186,2.43766,-2.46341,-0.184322
-1.22092,2.21042,-0.592185,0.281854,1.13398,0.610506,1.35208,-2.62207,0.118857,-0.961537,-1.49656,2.13616,1.20477,0.652387,-1.25357,-1.46614,-0.0453571,0.520405,0.863175,1.34792
-0.251604,0.990054,0.946411,1.40987,2.18414,1.78741,-1.86137,2.39863,0.937294,1.17806,1.73109,1.439,-1.76232,1.35676,0.825255,1.2651,0.0972768,0.907115,-2.72858,-0.220182
-1.81822,0.958867,-0.479205,0.874679,0.858732,1.71341,-0.688349,0.170149,-0.00438149,-0.150341,-0.0921863,-0.292781,-0.376569,-0.322339,-0.274606,-0.541654,-0.119494,0.891741,-0.548156,0.493356
-1.4551,-0.041517,0.385466,0.462745,-1.10614,0.52123,-0.0114307,2.07348,0.367249,0.176192,1.32123,-1.04375,-0.177643,0.854787,0.162584,2.28021,-0.509989,-0.0733293,0.231467,-0.371315
-1.7311,0.183243,1.57261,1.60039,-0.140346,0.85492,-0.419498,1.21931,0.0140613,1.0575,1.86326,-1.09374,-0.134741,0.0728287,-0.37982,1.14972,-0.447463,-0.35672,0.415146,0.454244
2.35093,0.516282,1.07704,1.80128,1.2387,-0.118185,0.266051,2.02607,0.39681,1.07948,1.90795,2.04515,-1.94929,0.72513,1.71338,2.08763,-0.431209,-0.591251,-1.0497,-0.24857