0.682584,-2.9013,0.270842,0.178905,-0.596511,-1.81483,-1.56246,0.263029,-0.463408,-0.271351,-0.0906483,-2.01698,-0.400423,-0.78511,0.112435,0.239017,-0.047885,-1.06678,0.171353,-0.327847
0.0596742,-0.384075,0.796216,0.481135,-0.299156,0.560405,0.0348717,0.0251904,-0.253063,1.89109,1.9185,-1.43089,0.118638,-0.586195,0.163801,0.222003,-0.271414,-0.160188,1.00681,0.732041
-0.299964,-1.0513,-0.590507,0.358697,0.208485,-0.00518656,-2.22477,-0.405596,-1.25322,-0.0479299,-0.231749,-1.88782,-1.47808,-0.989671,-0.125692,0.112654,-0.878389,-0.2889,-0.343048,0.713694
0.829066,-0.0592408,-0.409371,0.431838,1.88232,0.167527,-1.06305,1.83877,0.249794,0.113662,0.292575,0.680607,-2.38999,0.160488,1.60571,0.0600469,-0.24209,0.47768,-2.4248,-0.148283
-2.12983,-0.194595,-1.90984,1.43448,2.16042,0.329029,-1.76742,-0.783631,-0.192821,-2.53529,-2.65595,0.17806,-0.369246,-0.709119,-0.531339,-2.22288,0.225202,0.487881,-0.677842,0.124782
-2.69444,-0.151108,-0.298841,0.309488,0.356842,0.149698,-2.14418,-1.98053,-0.611213,-1.57818,-1.91949,-0.464437,0.766542,-0.208195,-2.17766,-0.739903,0.0995932,0.111605,0.136382,0.357001
1.30484,-0.434908,1.89375,-0.35659,1.3079,0.0134568,-2.5532,0.0550134,-0.0438016,2.22417,0.846086,-0.108072,-0.861303,0.282548,0.223779,0.313495,0.149066,0.0659496,-2.29101,0.181317
0.0057845,2.25374,-0.361445,0.126979,2.03206,0.611123,0.904084,-0.641086,0.400171,-0.282155,-0.444064,2.54741,0.0331815,-0.07311,-0.340511,-2.17331,0.46477,0.962308,-0.292262,0.0902086
-2.47039,0.726944,-1.94801,0.0521245,2.13493,2.60861,-1.87777,0.322583,0.681728,-0.424564,-0.752959,0.240505,-0.369613,0.273987,-0.201919,-1.7175,0.669046,2.43083,-2.46022,0.0686011
-1.21091,2.22103,-0.126571,0.137549,1.12888,0.51578,1.34265,-2.62601,0.0761847,-0.209566,-1.48865,2.12576,1.19977,0.67643,-0.670569,-0.931036,-0.0423343,0.440184,0.225427,1.34526
-0.303793,0.500841,0.216107,0.417083,2.18066,1.78241,-1.85949,2.40321,0.935411,1.17779,1.73166,1.4308,-1.75754,1.35704,0.292244,1.25621,-0.0647021,0.668501,-1.19436,-0.0676966
-1.82312,0.59304,-0.551521,0.880529,0.320941,1.69718,-0.463964,0.0713302,-0.00861222,-0.10014,0.256052,-0.54764,0.150396,-0.309892,-0.324511,-0.317587,0.0126423,0.739096,0.0579985,0.295562
-1.4609,-0.173093,0.303219,0.0870555,-1.09866,0.416549,0.122639,2.06384,0.361382,-0.425471,0.693812,-0.436723,-0.414929,0.868638,0.06112,2.28226,-0.497136,-0.297527,0.260078,-0.401659
-1.7237,-0.369321,1.56402,1.60804,-0.22142,0.473719,-0.421053,1.22237,0.152453,0.630619,1.85413,-1.09699,-0.113689,-0.177448,-0.0693064,1.14638,-0.116738,-0.294888,0.396873,0.103423
2.35096,0.360647,0.482201,1.79574,0.540632,-0.140232,0.437152,0.98874,0.148817,0.338341,1.90676,2.04678,-1.94966,0.425258,1.70506,2.08824,-0.243547,-0.291311,-1.04339,-0.0832809