0.73051,-2.90326,0.269913,0.188541,-0.632515,-1.81192,-1.55989,0.259782,-0.508592,-0.275839,-0.0898395,-2.01704,-0.428933,-0.789098,0.126115,0.242487,-0.0377411,-1.0697,0.168223,-0.359094
0.0678106,-0.390907,0.868238,0.489099,-0.327409,0.57351,0.0589272,0.0363174,-0.2722,1.89612,1.91586,-1.43088,0.105717,-0.585369,0.169456,0.252049,-0.276049,-0.199746,1.00613,0.737986
-0.320999,-1.1089,-0.592884,0.393913,0.228216,0.0137224,-2.22788,-0.403043,-1.25265,-0.0585206,-0.265034,-1.88632,-1.47548,-0.990165,-0.0915386,0.112132,-0.882438,-0.297012,-0.367718,0.713617
0.880261,-0.0596916,-0.438669,0.501847,1.89139,0.217525,-1.14069,1.82982,0.267343,0.171549,0.305181,0.725932,-2.40032,0.166429,1.60885,0.0861063,-0.24588,0.508749,-2.4276,-0.171096
-2.12616,-0.192909,-1.9178,1.44468,2.15397,0.344788,-1.7754,-0.838731,-0.223664,-2.52718,-2.65909,0.201959,-0.409792,-0.709165,-0.570918,-2.22475,0.2441,0.544047,-0.736779,0.145783
-2.69605,-0.182947,-0.324931,0.322018,0.375199,0.184156,-2.13829,-1.98534,-0.61398,-1.58417,-1.9174,-0.491743,0.797346,-0.241153,-2.17679,-0.804071,0.106948,0.129102,0.134398,0.377493
1.30789,-0.463959,1.88898,-0.343457,1.30505,0.00509936,-2.55925,0.0893698,-0.0278453,2.22965,0.930804,-0.120946,-0.932026,0.317521,0.25157,0.325956,0.166933,0.0720306,-2.2895,0.168235
-0.0068251,2.25752,-0.397466,0.164917,2.02916,0.64861,0.900472,-0.704237,0.413332,-0.297275,-0.491661,2.54798,0.0774378,-0.0741627,-0.344094,-2.1724,0.489232,0.969624,-0.311682,0.11766
-2.46909,0.775538,-1.95188,0.0612802,2.13064,2.60111,-1.88261,0.340689,0.683448,-0.46204,-0.814592,0.2617,-0.401693,0.273151,-0.206612,-1.7178,0.662221,2.43728,-2.46042,0.0610271
-1.21252,2.22002,-0.160714,0.151149,1.13232,0.529408,1.34454,-2.62763,0.0664602,-0.266928,-1.48791,2.12545,1.19902,0.673417,-0.729304,-1.00202,-0.0399829,0.472502,0.264419,1.34546
-0.316675,0.548996,0.262691,0.466116,2.18322,1.78873,-1.85595,2.39814,0.934266,1.17448,1.73394,1.43069,-1.76236,1.3568,0.346742,1.2568,-0.0666088,0.70603,-1.33028,-0.079859
-1.82706,0.619106,-0.589442,0.865484,0.347522,1.7145,-0.476363,0.0646367,-0.0127643,-0.094381,0.282583,-0.569982,0.10553,-0.311857,-0.354023,-0.356332,0.0127448,0.781166,0.0526883,0.322552
-1.45589,-0.177638,0.29821,0.102906,-1.10582,0.415276,0.120674,2.07529,0.36691,-0.432908,0.782587,-0.504561,-0.429876,0.867273,0.0858248,2.2826,-0.510918,-0.301745,0.279881,-0.429087
-1.72508,-0.375923,1.5655,1.60641,-0.232751,0.525675,-0.419803,1.22076,0.159717,0.66372,1.85502,-1.09594,-0.113275,-0.177053,-0.0874947,1.14647,-0.150608,-0.302176,0.416064,0.131356
2.35221,0.351365,0.517464,1.79973,0.588457,-0.13995,0.455948,1.08078,0.171752,0.377249,1.90489,2.04787,-1.94686,0.437221,1.70403,2.08773,-0.267528,-0.321466,-1.0432,-0.101959